11 0 -880863549 1 1.0 1000 351 219.0 243 0.9012345679012346 871
11 0 -957376937 1 1.0 1000 351 158.0 243 0.6502057613168725 234
11 0 -1658456738 1 1.0 1000 351 185.0 243 0.7613168724279835 266
11 0 586260962 1 1.0 1000 351 228.0 243 0.9382716049382716 902
11 0 -2044506134 1 1.0 1000 351 234.0 243 0.9629629629629629 480
11 0 1951113418 1 1.0 1000 351 235.0 243 0.9670781893004116 439
11 0 314587385 1 1.0 1000 351 234.0 243 0.9629629629629629 529
11 0 359726297 1 1.0 1000 351 213.0 243 0.8765432098765432 296
11 0 2011727713 1 1.0 1000 351 229.0 243 0.9423868312757202 404
11 0 744584391 1 1.0 1000 351 196.0 243 0.8065843621399177 417
11 0 -1708937441 1 1.0 1000 351 235.0 243 0.9670781893004116 683
11 0 680456371 1 1.0 1000 351 235.0 243 0.9670781893004116 814
11 0 -2052359530 1 1.0 1000 351 213.0 243 0.8765432098765432 465
11 0 904720047 1 1.0 1000 351 233.0 243 0.9588477366255144 566
11 0 1753956749 1 1.0 1000 351 234.0 243 0.9629629629629629 730
11 0 1639672920 1 1.0 1000 351 215.0 243 0.8847736625514403 914
11 0 2021136980 1 1.0 1000 351 212.0 243 0.8724279835390947 698
11 0 1085495092 1 1.0 1000 351 184.0 243 0.757201646090535 338
11 0 -539883853 1 1.0 1000 351 240.0 243 0.9876543209876543 856
11 0 945812308 1 1.0 1000 351 232.0 243 0.9547325102880658 457
11 1 -963222137 1 1.0 1000 351 147.0 243 0.6049382716049383 257
11 1 -939068013 1 1.0 1000 351 95.0 243 0.39094650205761317 285
11 1 980414788 1 1.0 1000 351 81.0 243 0.3333333333333333 169
11 1 -1458243167 1 1.0 1000 351 104.0 243 0.4279835390946502 1000
11 1 -238434294 1 1.0 1000 351 88.0 243 0.36213991769547327 168
11 1 -1760797263 0 -15.0 996 351 124.0 243 0.5102880658436214 228
11 1 1249856517 1 1.0 1000 351 170.0 243 0.6995884773662552 295
11 1 1387381336 0 -25.0 998 351 162.0 243 0.6666666666666666 998
11 1 -1630558782 1 1.0 1000 351 89.0 243 0.3662551440329218 164
11 1 -2044197907 1 1.0 1000 351 131.0 243 0.5390946502057613 225
11 1 1170303204 0 -25.0 997 351 175.0 243 0.720164609053498 313
11 1 1863105240 1 1.0 1000 351 90.0 243 0.37037037037037035 190
11 1 -987296511 1 1.0 1000 351 148.0 243 0.6090534979423868 556
11 1 1234121559 1 1.0 1000 351 205.0 243 0.8436213991769548 438
11 1 -682007769 1 1.0 1000 351 80.0 243 0.3292181069958848 125
11 1 -2089084941 1 1.0 1000 351 104.0 243 0.4279835390946502 170
11 1 1039636235 1 1.0 1000 351 115.0 243 0.4732510288065844 208
11 1 269706068 0 -25.0 999 351 191.0 243 0.7860082304526749 329
11 1 -1797600853 1 1.0 1000 351 121.0 243 0.49794238683127573 269
11 1 -1458077495 1 1.0 1000 351 182.0 243 0.7489711934156379 273
11 2 1535041161 1 1.0 1000 351 192.0 243 0.7901234567901234 967
11 2 1929996084 1 1.0 1000 351 193.0 243 0.7942386831275721 997
11 2 2104621087 1 1.0 1000 351 222.0 243 0.9135802469135802 973
11 2 -151728353 1 1.0 1000 351 233.0 243 0.9588477366255144 759
11 2 -56513431 1 1.0 1000 351 128.0 243 0.5267489711934157 700
11 2 -1737936776 1 1.0 1000 351 185.0 243 0.7613168724279835 820
11 2 1277880235 1 1.0 1000 351 228.0 243 0.9382716049382716 486
11 2 -1306440315 1 1.0 1000 351 141.0 243 0.5802469135802469 958
11 2 -173178229 1 1.0 1000 351 195.0 243 0.8024691358024691 575
11 2 -493985215 1 1.0 1000 351 223.0 243 0.9176954732510288 827
11 2 -1035960311 1 1.0 1000 351 119.0 243 0.4897119341563786 316
11 2 1052352519 1 1.0 1000 351 106.0 243 0.43621399176954734 335
11 2 -1688662139 1 1.0 1000 351 206.0 243 0.8477366255144033 947
11 2 1465774046 1 1.0 1000 351 231.0 243 0.9506172839506173 942
11 2 -1003154996 0 -25.0 453 351 112.0 243 0.4609053497942387 453
11 2 1657079302 1 1.0 1000 351 210.0 243 0.8641975308641975 946
11 2 1638230176 1 1.0 1000 351 237.0 243 0.9753086419753086 972
11 2 -1689210772 1 1.0 1000 351 166.0 243 0.6831275720164609 788
11 2 1645332633 1 1.0 1000 351 147.0 243 0.6049382716049383 663
11 2 -1866803494 1 1.0 1000 351 139.0 243 0.5720164609053497 365
11 3 -412282021 0 -25.0 291 351 42.0 243 0.1728395061728395 264
11 3 -2115637246 0 -25.0 231 351 36.0 243 0.14814814814814814 227
11 3 -1292064467 0 -25.0 117 351 22.0 243 0.09053497942386832 54
11 3 1720769192 0 -25.0 797 351 70.0 243 0.2880658436213992 797
11 3 -411017118 0 -25.0 193 351 42.0 243 0.1728395061728395 192
11 3 -1739046196 0 -25.0 813 351 51.0 243 0.20987654320987653 813
11 3 886586379 0 -25.0 262 351 32.0 243 0.13168724279835392 261
11 3 1518177740 0 -25.0 488 351 44.0 243 0.18106995884773663 394
11 3 197042952 0 -25.0 502 351 51.0 243 0.20987654320987653 484
11 3 574237921 0 -25.0 473 351 40.0 243 0.1646090534979424 457
11 3 -1019003334 0 -25.0 700 351 39.0 243 0.16049382716049382 697
11 3 -635875047 0 -25.0 316 351 39.0 243 0.16049382716049382 314
11 3 1041652914 0 -25.0 308 351 43.0 243 0.17695473251028807 307
11 3 -1893499516 0 -25.0 189 351 40.0 243 0.1646090534979424 188
11 3 1388411958 0 -25.0 987 351 52.0 243 0.2139917695473251 987
11 3 -604052040 0 -25.0 522 351 47.0 243 0.1934156378600823 433
11 3 2147335271 0 -25.0 563 351 40.0 243 0.1646090534979424 563
11 3 -948728214 0 -25.0 222 351 48.0 243 0.19753086419753085 222
11 3 -970884967 0 -25.0 243 351 38.0 243 0.15637860082304528 242
11 3 -1499275463 0 -25.0 348 351 44.0 243 0.18106995884773663 310
11 4 1225824402 0 -15.0 995 351 240.0 243 0.9876543209876543 538
11 4 -64038985 1 1.0 1000 351 236.0 243 0.9711934156378601 598
11 4 -1355079786 0 -25.0 993 351 241.0 243 0.9917695473251029 957
11 4 -137400912 0 -25.0 994 351 202.0 243 0.831275720164609 358
11 4 -1733772568 0 -25.0 993 351 207.0 243 0.8518518518518519 707
11 4 -1786026076 0 -25.0 998 351 224.0 243 0.9218106995884774 756
11 4 -1137589782 0 -15.0 996 351 237.0 243 0.9753086419753086 746
11 4 347882920 0 -25.0 993 351 237.0 243 0.9753086419753086 467
11 4 171769170 0 -25.0 997 351 223.0 243 0.9176954732510288 729
11 4 1286957177 0 -5.0 994 351 240.0 243 0.9876543209876543 960
11 4 -56265021 0 -25.0 997 351 240.0 243 0.9876543209876543 872
11 4 925936131 0 -15.0 993 351 210.0 243 0.8641975308641975 345
11 4 -1837477697 0 -25.0 995 351 240.0 243 0.9876543209876543 425
11 4 -1407600916 0 -25.0 994 351 183.0 243 0.7530864197530864 302
11 4 -1401413198 0 -15.0 996 351 232.0 243 0.9547325102880658 844
11 4 -1898040162 0 -25.0 995 351 241.0 243 0.9917695473251029 464
11 4 1361904997 1 1.0 1000 351 201.0 243 0.8271604938271605 339
11 4 809370124 0 -25.0 993 351 241.0 243 0.9917695473251029 549
11 4 -2031201626 0 -15.0 993 351 242.0 243 0.9958847736625515 980
11 4 -774816570 0 -25.0 993 351 236.0 243 0.9711934156378601 678
