0 0 2008420163 0 40.0 855 330 30.0 30 1.0 325
0 0 -2001074543 0 35.0 823 330 30.0 30 1.0 74
0 0 321363222 0 47.0 839 330 30.0 30 1.0 85
0 0 -1601258888 0 38.0 791 330 30.0 30 1.0 129
0 0 58696893 0 49.0 967 330 30.0 30 1.0 267
0 0 -32869487 0 41.0 807 330 30.0 30 1.0 441
0 0 1122928046 0 46.0 855 330 30.0 30 1.0 147
0 0 411947878 0 41.0 791 330 30.0 30 1.0 135
0 0 1233306856 0 35.0 807 330 30.0 30 1.0 78
0 0 -1345416528 0 38.0 839 330 30.0 30 1.0 286
0 0 -438793004 0 39.0 839 330 30.0 30 1.0 156
0 0 -2110984784 0 47.0 839 330 30.0 30 1.0 263
0 0 -390931068 0 43.0 1063 330 30.0 30 1.0 127
0 0 -575271439 0 43.0 935 330 30.0 30 1.0 121
0 0 2058503000 0 35.0 791 330 30.0 30 1.0 62
0 0 1102607897 0 39.0 805 330 30.0 30 1.0 88
0 0 1039202748 0 39.0 902 330 30.0 30 1.0 140
0 0 242336614 0 36.0 871 330 30.0 30 1.0 346
0 0 -636687334 0 31.0 791 330 30.0 30 1.0 94
0 0 -671088469 0 41.0 838 330 30.0 30 1.0 323
0 1 -2145643547 0 36.0 783 330 30.0 30 1.0 402
0 1 1229015041 0 47.0 783 330 30.0 30 1.0 202
0 1 -1903721942 0 48.0 795 330 30.0 30 1.0 272
0 1 643956314 0 43.0 782 330 30.0 30 1.0 179
0 1 357046280 0 46.0 815 330 30.0 30 1.0 88
0 1 -826193730 0 44.0 830 330 30.0 30 1.0 331
0 1 513749208 0 40.0 776 330 30.0 30 1.0 120
0 1 -339710005 0 48.0 817 330 30.0 30 1.0 132
0 1 -1795904534 0 52.0 815 330 30.0 30 1.0 78
0 1 977702267 0 48.0 878 330 30.0 30 1.0 184
0 1 1969960459 0 46.0 893 330 30.0 30 1.0 79
0 1 -1992152759 0 45.0 799 330 30.0 30 1.0 150
0 1 -1196154461 0 47.0 782 330 30.0 30 1.0 486
0 1 759061004 0 41.0 831 330 30.0 30 1.0 96
0 1 -323582012 0 42.0 782 330 30.0 30 1.0 145
0 1 -861909828 0 49.0 864 330 30.0 30 1.0 438
0 1 -1941980506 0 55.0 848 330 30.0 30 1.0 344
0 1 -1376232889 0 43.0 846 330 30.0 30 1.0 96
0 1 -546130149 0 37.0 783 330 30.0 30 1.0 132
0 1 -1374075882 0 53.0 841 330 30.0 30 1.0 95
0 2 -577896186 0 -1.0 791 330 30.0 30 1.0 117
0 2 1961516195 0 -1.0 791 330 30.0 30 1.0 232
0 2 -1424108520 0 3.0 791 330 30.0 30 1.0 127
0 2 -137424751 0 -1.0 791 330 30.0 30 1.0 150
0 2 -1543012403 0 1.0 791 330 30.0 30 1.0 84
0 2 666379323 0 1.0 791 330 30.0 30 1.0 181
0 2 -717354641 0 1.0 791 330 30.0 30 1.0 739
0 2 -987715082 0 -1.0 791 330 30.0 30 1.0 365
0 2 -1396232612 0 -1.0 791 330 30.0 30 1.0 133
0 2 -873296156 0 -1.0 791 330 30.0 30 1.0 122
0 2 856822405 0 3.0 791 330 30.0 30 1.0 733
0 2 78274698 0 -1.0 791 330 30.0 30 1.0 178
0 2 -1494614287 0 -1.0 791 330 30.0 30 1.0 295
0 2 -65587751 0 1.0 791 330 30.0 30 1.0 251
0 2 -1993403998 0 3.0 791 330 30.0 30 1.0 135
0 2 -2061825914 0 -1.0 791 330 30.0 30 1.0 70
0 2 1013915152 0 1.0 791 330 14.0 30 0.4666666666666667 13
0 2 -153896484 0 -1.0 791 330 30.0 30 1.0 202
0 2 -1826095858 0 -1.0 791 330 30.0 30 1.0 72
0 2 -1419385945 0 -1.0 791 330 30.0 30 1.0 126
0 3 -527394353 0 39.0 387 330 14.0 30 0.4666666666666667 87
0 3 79004054 0 47.0 455 330 14.0 30 0.4666666666666667 104
0 3 755157040 0 21.0 191 330 11.0 30 0.36666666666666664 51
0 3 206809661 0 10.0 79 330 9.0 30 0.3 77
0 3 -472496290 0 40.0 353 330 22.0 30 0.7333333333333333 258
0 3 945586538 1 58.0 805 330 16.0 30 0.5333333333333333 179
0 3 -2047931692 0 60.0 816 330 23.0 30 0.7666666666666667 618
0 3 1820723021 1 63.0 933 330 24.0 30 0.8 768
0 3 1784504721 1 69.0 897 330 26.0 30 0.8666666666666667 671
0 3 123910246 0 29.0 276 330 17.0 30 0.5666666666666667 197
0 3 86009871 0 52.0 473 330 12.0 30 0.4 292
0 3 1583330296 1 69.0 709 330 29.0 30 0.9666666666666667 672
0 3 739491013 0 61.0 802 330 21.0 30 0.7 794
0 3 -260097305 0 60.0 786 330 20.0 30 0.6666666666666666 551
0 3 1812414977 0 38.0 312 330 17.0 30 0.5666666666666667 228
0 3 1936048216 0 58.0 1010 330 23.0 30 0.7666666666666667 910
0 3 873627530 0 14.0 182 330 12.0 30 0.4 165
0 3 1117486713 1 65.0 693 330 30.0 30 1.0 659
0 3 -1385645940 1 66.0 579 330 22.0 30 0.7333333333333333 417
0 3 412630418 1 67.0 882 330 22.0 30 0.7333333333333333 202
0 4 -2132670913 0 2.0 783 330 30.0 30 1.0 58
0 4 926485420 0 2.0 784 330 30.0 30 1.0 114
0 4 679150526 0 37.0 1071 330 30.0 30 1.0 119
0 4 -1346845093 0 10.0 832 330 30.0 30 1.0 195
0 4 103878793 0 9.0 816 330 30.0 30 1.0 111
0 4 -1593214887 0 6.0 815 330 30.0 30 1.0 67
0 4 -1198368436 0 1.0 783 330 30.0 30 1.0 54
0 4 1140883076 0 -1.0 783 330 30.0 30 1.0 75
0 4 331908645 0 2.0 783 330 30.0 30 1.0 57
0 4 1127355866 0 3.0 784 330 30.0 30 1.0 63
0 4 1602426136 0 15.0 831 330 30.0 30 1.0 172
0 4 1195565012 0 7.0 800 330 30.0 30 1.0 73
0 4 -281449882 0 -1.0 785 330 30.0 30 1.0 54
0 4 1177143077 0 19.0 863 330 30.0 30 1.0 62
0 4 873454688 0 2.0 783 330 30.0 30 1.0 98
0 4 790805587 0 3.0 799 330 30.0 30 1.0 99
0 4 623468050 0 6.0 815 330 30.0 30 1.0 69
0 4 -1377822547 0 12.0 830 330 30.0 30 1.0 68
0 4 176161624 0 1.0 784 330 30.0 30 1.0 269
0 4 570407987 0 2.0 784 330 30.0 30 1.0 85
