2 0 -191265899 0 64.0 845 308 206.0 206 1.0 632
2 0 1869121577 0 22.0 469 308 185.0 206 0.8980582524271845 283
2 0 -1213719242 0 60.0 1500 308 206.0 206 1.0 1064
2 0 -661308362 0 50.0 564 308 206.0 206 1.0 563
2 0 -1466046275 0 34.0 1105 308 202.0 206 0.9805825242718447 546
2 0 1827091087 0 32.0 1232 308 190.0 206 0.9223300970873787 812
2 0 -207904553 0 38.0 1500 308 206.0 206 1.0 709
2 0 665602228 0 32.0 1500 308 206.0 206 1.0 499
2 0 1512495479 0 68.0 1500 308 206.0 206 1.0 754
2 0 -1857603198 0 60.0 1500 308 206.0 206 1.0 862
2 0 1042990772 0 44.0 861 308 194.0 206 0.941747572815534 374
2 0 643249697 0 40.0 197 308 152.0 206 0.7378640776699029 194
2 0 1363780400 0 64.0 1500 308 201.0 206 0.9757281553398058 1195
2 0 -1822498356 0 38.0 1500 308 206.0 206 1.0 866
2 0 593057670 0 62.0 1500 308 206.0 206 1.0 1038
2 0 387497436 0 56.0 792 308 198.0 206 0.9611650485436893 278
2 0 269647237 0 42.0 706 308 198.0 206 0.9611650485436893 344
2 0 -576245098 1 60.0 1148 308 205.0 206 0.9951456310679612 769
2 0 1650504537 0 56.0 970 308 206.0 206 1.0 488
2 0 -1340835247 0 56.0 1500 308 206.0 206 1.0 376
2 1 -1230963455 0 60.0 1500 308 203.0 206 0.9854368932038835 1305
2 1 770289072 0 30.0 1500 308 205.0 206 0.9951456310679612 1054
2 1 -1013445296 0 30.0 1500 308 204.0 206 0.9902912621359223 604
2 1 -1401708752 0 18.0 1500 308 188.0 206 0.912621359223301 472
2 1 708224334 0 36.0 1500 308 203.0 206 0.9854368932038835 769
2 1 -1298137638 0 36.0 655 308 194.0 206 0.941747572815534 655
2 1 -1964455446 0 60.0 853 308 205.0 206 0.9951456310679612 802
2 1 709511382 1 26.0 734 308 139.0 206 0.6747572815533981 452
2 1 940897074 0 30.0 1500 308 206.0 206 1.0 657
2 1 2058615442 0 56.0 858 308 204.0 206 0.9902912621359223 673
2 1 2080520242 0 32.0 1500 308 203.0 206 0.9854368932038835 561
2 1 -933006773 0 18.0 1500 308 190.0 206 0.9223300970873787 1393
2 1 -1348476966 0 60.0 1500 308 206.0 206 1.0 862
2 1 -1518475590 0 56.0 1500 308 206.0 206 1.0 899
2 1 -1484901843 0 64.0 1140 308 200.0 206 0.970873786407767 479
2 1 1158060462 0 24.0 1500 308 184.0 206 0.8932038834951457 418
2 1 -1614931678 0 36.0 1500 308 206.0 206 1.0 1424
2 1 1778562125 0 30.0 424 308 199.0 206 0.9660194174757282 393
2 1 878565441 0 20.0 1500 308 188.0 206 0.912621359223301 394
2 1 1027020805 0 38.0 743 308 192.0 206 0.9320388349514563 660
2 2 -16551363 0 52.0 1500 308 146.0 206 0.7087378640776699 795
2 2 1006961201 0 24.0 298 308 140.0 206 0.6796116504854369 293
2 2 -212747624 0 64.0 1500 308 186.0 206 0.9029126213592233 797
2 2 2142919150 0 26.0 1500 308 112.0 206 0.5436893203883495 272
2 2 -2128255756 0 54.0 1500 308 180.0 206 0.8737864077669902 869
2 2 -1445655316 1 18.0 491 308 157.0 206 0.7621359223300971 352
2 2 -653639431 0 34.0 377 308 159.0 206 0.7718446601941747 361
2 2 -1146036006 1 20.0 127 308 104.0 206 0.5048543689320388 127
2 2 1354763167 0 8.0 169 308 35.0 206 0.16990291262135923 43
2 2 104844459 0 52.0 1500 308 200.0 206 0.970873786407767 1237
2 2 2044279957 0 62.0 649 308 174.0 206 0.8446601941747572 643
2 2 -1505234744 1 18.0 829 308 206.0 206 1.0 722
2 2 -1088692994 0 22.0 427 308 117.0 206 0.5679611650485437 270
2 2 -1993476721 0 46.0 422 308 131.0 206 0.6359223300970874 249
2 2 2119084405 0 70.0 1500 308 144.0 206 0.6990291262135923 1483
2 2 1896347324 0 52.0 1222 308 138.0 206 0.6699029126213593 1222
2 2 632455309 1 22.0 249 308 147.0 206 0.7135922330097088 248
2 2 576584430 0 36.0 1500 308 182.0 206 0.883495145631068 1327
2 2 547612499 1 78.0 1413 308 206.0 206 1.0 641
2 2 755018540 0 30.0 555 308 171.0 206 0.8300970873786407 487
2 3 -834426248 1 24.0 396 308 80.0 206 0.3883495145631068 396
2 3 1573157710 0 14.0 214 308 41.0 206 0.19902912621359223 211
2 3 -2000871603 0 24.0 999 308 108.0 206 0.5242718446601942 934
2 3 -812612634 0 18.0 363 308 67.0 206 0.32524271844660196 360
2 3 -1140834294 0 26.0 452 308 68.0 206 0.3300970873786408 396
2 3 -782263126 0 30.0 667 308 83.0 206 0.4029126213592233 644
2 3 -2026009781 0 14.0 438 308 49.0 206 0.23786407766990292 288
2 3 -1843763625 0 60.0 1500 308 140.0 206 0.6796116504854369 1404
2 3 58504978 0 42.0 1082 308 124.0 206 0.6019417475728155 900
2 3 -540926820 0 8.0 239 308 55.0 206 0.2669902912621359 225
2 3 -933559538 0 14.0 379 308 40.0 206 0.1941747572815534 320
2 3 -837004331 0 30.0 968 308 139.0 206 0.6747572815533981 968
2 3 964390439 0 46.0 658 308 85.0 206 0.41262135922330095 644
2 3 2063068798 0 22.0 479 308 95.0 206 0.46116504854368934 461
2 3 -1023638896 0 22.0 788 308 101.0 206 0.49029126213592233 720
2 3 915402862 0 30.0 322 308 71.0 206 0.3446601941747573 322
2 3 542567886 0 6.0 310 308 85.0 206 0.41262135922330095 308
2 3 651755337 1 38.0 1048 308 113.0 206 0.5485436893203883 1015
2 3 1168944229 0 24.0 1500 308 98.0 206 0.47572815533980584 637
2 3 358511378 0 46.0 644 308 113.0 206 0.5485436893203883 630
2 4 -739171715 1 24.0 1361 308 203.0 206 0.9854368932038835 1059
2 4 1791007809 0 66.0 1035 308 205.0 206 0.9951456310679612 855
2 4 219746871 1 16.0 201 308 148.0 206 0.7184466019417476 200
2 4 11603192 0 56.0 1500 308 206.0 206 1.0 741
2 4 -1759835595 0 56.0 1500 308 206.0 206 1.0 1342
2 4 -1722387630 0 56.0 1500 308 206.0 206 1.0 1005
2 4 -1665464904 0 54.0 562 308 205.0 206 0.9951456310679612 347
2 4 -938918588 0 36.0 1500 308 206.0 206 1.0 658
2 4 -120672567 0 52.0 1500 308 206.0 206 1.0 487
2 4 -472640659 1 22.0 121 308 108.0 206 0.5242718446601942 116
2 4 -1592738544 1 64.0 1491 308 206.0 206 1.0 952
2 4 1612632277 1 28.0 395 308 197.0 206 0.9563106796116505 395
2 4 2047536798 0 48.0 803 308 206.0 206 1.0 648
2 4 -703054455 1 44.0 1496 308 206.0 206 1.0 721
2 4 -405271093 0 38.0 697 308 203.0 206 0.9854368932038835 472
2 4 -2000859091 1 20.0 342 308 201.0 206 0.9757281553398058 325
2 4 1157364105 1 34.0 1092 308 205.0 206 0.9951456310679612 324
2 4 2068345175 0 48.0 956 308 206.0 206 1.0 909
2 4 -1853129910 1 24.0 161 308 134.0 206 0.6504854368932039 158
2 4 -1381518556 0 66.0 1458 308 206.0 206 1.0 813
