4 0 -2064521303 0 2.0 1500 264 135.0 135 1.0 438
4 0 233960621 0 1.0 1035 264 134.0 135 0.9925925925925926 373
4 0 -998354307 0 2.0 480 264 129.0 135 0.9555555555555556 268
4 0 604946439 0 1.0 750 264 125.0 135 0.9259259259259259 747
4 0 744443790 0 3.0 1226 264 134.0 135 0.9925925925925926 732
4 0 -1171501121 0 5.0 1500 264 135.0 135 1.0 576
4 0 697424886 0 3.0 1500 264 135.0 135 1.0 554
4 0 -1067650925 0 2.0 1454 264 135.0 135 1.0 395
4 0 -494792627 0 1.0 265 264 117.0 135 0.8666666666666667 236
4 0 -525255179 0 4.0 1500 264 135.0 135 1.0 885
4 0 -238501585 0 2.0 431 264 135.0 135 1.0 334
4 0 -712448033 0 4.0 1500 264 134.0 135 0.9925925925925926 989
4 0 1466770834 0 0.0 1261 264 135.0 135 1.0 547
4 0 -1436756271 0 5.0 1500 264 135.0 135 1.0 636
4 0 -495329785 0 2.0 1500 264 134.0 135 0.9925925925925926 655
4 0 2057084144 0 2.0 938 264 135.0 135 1.0 786
4 0 -2898910 0 3.0 867 264 134.0 135 0.9925925925925926 782
4 0 -398739963 0 3.0 1500 264 132.0 135 0.9777777777777777 304
4 0 394927354 0 1.0 1125 264 130.0 135 0.9629629629629629 1110
4 0 -349577069 0 3.0 977 264 135.0 135 1.0 918
4 1 -42175954 0 3.0 1495 264 134.0 135 0.9925925925925926 682
4 1 463665408 0 2.0 1500 264 123.0 135 0.9111111111111111 249
4 1 103519195 0 2.0 555 264 134.0 135 0.9925925925925926 487
4 1 -1014778778 0 2.0 1500 264 135.0 135 1.0 778
4 1 1210194523 0 1.0 1500 264 110.0 135 0.8148148148148148 328
4 1 -1884469559 0 0.0 1500 264 128.0 135 0.9481481481481482 793
4 1 1018375604 0 2.0 1500 264 135.0 135 1.0 384
4 1 -1816703628 0 4.0 1500 264 134.0 135 0.9925925925925926 424
4 1 -1530491147 0 2.0 1500 264 113.0 135 0.837037037037037 191
4 1 -1063128079 0 1.0 887 264 125.0 135 0.9259259259259259 272
4 1 1346501375 0 4.0 1500 264 135.0 135 1.0 567
4 1 908410597 0 1.0 1500 264 135.0 135 1.0 737
4 1 -1860324504 0 2.0 1389 264 132.0 135 0.9777777777777777 396
4 1 1461709503 0 3.0 1500 264 135.0 135 1.0 942
4 1 -1440519214 0 4.0 1500 264 97.0 135 0.7185185185185186 443
4 1 -50412802 0 3.0 1500 264 109.0 135 0.8074074074074075 1500
4 1 1585480342 0 2.0 1500 264 135.0 135 1.0 811
4 1 -462304648 0 3.0 1500 264 131.0 135 0.9703703703703703 1500
4 1 -2105971852 0 2.0 1500 264 135.0 135 1.0 487
4 1 -282187264 0 3.0 1500 264 104.0 135 0.7703703703703704 253
4 2 568755971 0 2.0 432 264 116.0 135 0.8592592592592593 364
4 2 961717302 0 1.0 1071 264 130.0 135 0.9629629629629629 680
4 2 -1363806089 0 2.0 477 264 131.0 135 0.9703703703703703 448
4 2 -1465427037 0 2.0 351 264 110.0 135 0.8148148148148148 330
4 2 1566060325 1 5.0 597 264 131.0 135 0.9703703703703703 510
4 2 2114517682 0 3.0 89 264 80.0 135 0.5925925925925926 89
4 2 -2136695700 0 0.0 1500 264 99.0 135 0.7333333333333333 777
4 2 1320133413 0 3.0 399 264 110.0 135 0.8148148148148148 392
4 2 -914680282 0 0.0 150 264 92.0 135 0.6814814814814815 147
4 2 1411501381 0 1.0 136 264 67.0 135 0.4962962962962963 133
4 2 861155593 0 4.0 1441 264 135.0 135 1.0 1024
4 2 516970185 0 4.0 1500 264 135.0 135 1.0 1457
4 2 -676325516 0 3.0 260 264 114.0 135 0.8444444444444444 248
4 2 -677873046 0 4.0 376 264 128.0 135 0.9481481481481482 367
4 2 -1788440465 1 3.0 313 264 129.0 135 0.9555555555555556 294
4 2 1039119295 0 4.0 565 264 123.0 135 0.9111111111111111 565
4 2 -1429734761 0 3.0 918 264 134.0 135 0.9925925925925926 663
4 2 106116084 0 1.0 83 264 64.0 135 0.4740740740740741 76
4 2 1319379374 0 1.0 302 264 126.0 135 0.9333333333333333 291
4 2 -1539744258 0 1.0 170 264 119.0 135 0.8814814814814815 170
4 3 -1931185892 0 0.0 1500 264 84.0 135 0.6222222222222222 854
4 3 -801967292 0 1.0 1500 264 95.0 135 0.7037037037037037 1273
4 3 -1820927838 0 0.0 1500 264 76.0 135 0.562962962962963 1131
4 3 -569898592 0 0.0 1500 264 96.0 135 0.7111111111111111 1459
4 3 -1360914214 0 2.0 1500 264 95.0 135 0.7037037037037037 1281
4 3 -473752821 0 1.0 1500 264 89.0 135 0.6592592592592592 1380
4 3 -327223611 0 1.0 1500 264 82.0 135 0.6074074074074074 1305
4 3 1292078226 0 2.0 1500 264 101.0 135 0.7481481481481481 1149
4 3 -2011146506 0 0.0 1500 264 75.0 135 0.5555555555555556 1257
4 3 -687146828 0 0.0 330 264 50.0 135 0.37037037037037035 314
4 3 -809648297 0 0.0 1500 264 75.0 135 0.5555555555555556 1463
4 3 1933219636 0 1.0 1500 264 88.0 135 0.6518518518518519 1420
4 3 1023483674 0 2.0 1500 264 73.0 135 0.5407407407407407 1470
4 3 899841836 0 1.0 1500 264 78.0 135 0.5777777777777777 1411
4 3 -249105589 0 1.0 1500 264 83.0 135 0.6148148148148148 1429
4 3 1152937123 0 0.0 1500 264 114.0 135 0.8444444444444444 1494
4 3 -887500527 0 2.0 1500 264 104.0 135 0.7703703703703704 1411
4 3 1510972588 0 0.0 1500 264 58.0 135 0.42962962962962964 1464
4 3 1812567006 0 1.0 1500 264 119.0 135 0.8814814814814815 1179
4 3 -1891503385 0 0.0 1500 264 85.0 135 0.6296296296296297 1497
4 4 -2101559060 0 0.0 41 264 42.0 135 0.3111111111111111 41
4 4 -744580421 0 3.0 566 264 134.0 135 0.9925925925925926 554
4 4 268107880 0 2.0 188 264 120.0 135 0.8888888888888888 174
4 4 2021083608 0 2.0 150 264 110.0 135 0.8148148148148148 149
4 4 -1079495632 0 1.0 205 264 122.0 135 0.9037037037037037 179
4 4 -79432570 0 2.0 891 264 135.0 135 1.0 437
4 4 1478027710 0 1.0 176 264 119.0 135 0.8814814814814815 172
4 4 525595305 0 1.0 258 264 133.0 135 0.9851851851851852 238
4 4 -1868511411 0 1.0 366 264 134.0 135 0.9925925925925926 245
4 4 -1842990791 0 3.0 120 264 94.0 135 0.6962962962962963 114
4 4 -1617841745 0 2.0 756 264 135.0 135 1.0 396
4 4 854257850 0 1.0 509 264 129.0 135 0.9555555555555556 298
4 4 -1785428537 0 6.0 1500 264 135.0 135 1.0 273
4 4 -1297786573 0 3.0 419 264 135.0 135 1.0 387
4 4 -659400069 0 2.0 231 264 126.0 135 0.9333333333333333 227
4 4 533270911 0 3.0 139 264 108.0 135 0.8 139
4 4 2010772118 0 1.0 1221 264 135.0 135 1.0 874
4 4 -97508194 0 2.0 151 264 106.0 135 0.7851851851851852 151
4 4 -726770720 0 0.0 288 264 131.0 135 0.9703703703703703 214
4 4 -1811565094 0 2.0 127 264 109.0 135 0.8074074074074075 126
