6 0 394643788 0 0.0 1500 465 266.0 333 0.7987987987987988 1314
6 0 -1916722191 0 0.0 1500 465 293.0 333 0.8798798798798799 1470
6 0 1113545471 0 0.0 1500 465 223.0 333 0.6696696696696697 1441
6 0 1176640344 0 0.0 1500 465 297.0 333 0.8918918918918919 1403
6 0 -2058435843 0 0.0 1500 465 278.0 333 0.8348348348348348 1495
6 0 189359023 0 -1.0 640 465 242.0 333 0.7267267267267268 640
6 0 -214166586 0 0.0 1500 465 289.0 333 0.8678678678678678 1356
6 0 -1648058 0 -1.0 174 465 111.0 333 0.3333333333333333 174
6 0 1205918433 0 -1.0 961 465 266.0 333 0.7987987987987988 952
6 0 -1153781462 0 0.0 1500 465 306.0 333 0.918918918918919 1454
6 0 1756333169 0 0.0 1500 465 306.0 333 0.918918918918919 1452
6 0 1641725350 0 0.0 1500 465 310.0 333 0.9309309309309309 1329
6 0 -255463702 0 0.0 1500 465 273.0 333 0.8198198198198198 1439
6 0 -1123309318 0 0.0 1500 465 250.0 333 0.7507507507507507 1409
6 0 1590826027 0 0.0 1500 465 293.0 333 0.8798798798798799 1479
6 0 752256132 0 0.0 1500 465 260.0 333 0.7807807807807807 1373
6 0 -777666957 0 0.0 1500 465 284.0 333 0.8528528528528528 1357
6 0 703479111 0 -1.0 1111 465 295.0 333 0.8858858858858859 942
6 0 -1440081946 0 0.0 1500 465 293.0 333 0.8798798798798799 1318
6 0 -1991799722 0 0.0 1500 465 268.0 333 0.8048048048048048 1418
6 1 1921040528 0 0.0 1500 465 38.0 333 0.11411411411411411 1500
6 1 1798325417 0 0.0 1500 465 26.0 333 0.07807807807807808 767
6 1 1174064278 0 0.0 1500 465 43.0 333 0.12912912912912913 1205
6 1 -82636580 0 0.0 1500 465 35.0 333 0.10510510510510511 1500
6 1 -65126825 0 -1.0 697 465 65.0 333 0.19519519519519518 697
6 1 1426886193 0 -1.0 354 465 34.0 333 0.1021021021021021 346
6 1 -1949869165 0 0.0 1500 465 92.0 333 0.27627627627627627 1500
6 1 214600224 0 0.0 1500 465 30.0 333 0.09009009009009009 342
6 1 505753936 0 -1.0 1496 465 59.0 333 0.17717717717717718 1495
6 1 1233940047 0 0.0 1500 465 31.0 333 0.09309309309309309 148
6 1 1978756532 0 0.0 1500 465 26.0 333 0.07807807807807808 414
6 1 186776863 0 0.0 1500 465 22.0 333 0.06606606606606606 1500
6 1 420809957 0 0.0 1500 465 20.0 333 0.06006006006006006 1500
6 1 2130566521 0 -1.0 1496 465 40.0 333 0.12012012012012012 1252
6 1 194533979 0 0.0 1500 465 31.0 333 0.09309309309309309 521
6 1 1097719283 0 -1.0 1495 465 38.0 333 0.11411411411411411 447
6 1 1365533574 0 -1.0 1426 465 94.0 333 0.2822822822822823 1215
6 1 244382393 0 0.0 1500 465 28.0 333 0.08408408408408409 1084
6 1 934327870 0 -1.0 481 465 105.0 333 0.3153153153153153 481
6 1 -654702551 0 0.0 1500 465 59.0 333 0.17717717717717718 1345
6 2 -1120386369 0 -1.0 96 465 61.0 333 0.1831831831831832 96
6 2 -509399983 0 -1.0 36 465 37.0 333 0.1111111111111111 36
6 2 1479639316 0 -1.0 12 465 13.0 333 0.03903903903903904 12
6 2 -575941683 0 -1.0 45 465 46.0 333 0.13813813813813813 45
6 2 -216436018 0 -1.0 75 465 68.0 333 0.2042042042042042 75
6 2 1536666394 0 -1.0 162 465 146.0 333 0.43843843843843844 162
6 2 1308692950 0 -1.0 36 465 37.0 333 0.1111111111111111 36
6 2 -287424880 0 -1.0 198 465 131.0 333 0.3933933933933934 198
6 2 -172333015 0 -1.0 27 465 27.0 333 0.08108108108108109 27
6 2 -603916142 0 -1.0 273 465 199.0 333 0.5975975975975976 273
6 2 -21079362 0 -1.0 15 465 16.0 333 0.04804804804804805 15
6 2 334800358 0 -1.0 129 465 85.0 333 0.2552552552552553 129
6 2 2101899846 0 -1.0 576 465 138.0 333 0.4144144144144144 352
6 2 -633481985 0 -1.0 147 465 111.0 333 0.3333333333333333 147
6 2 1767209549 0 -1.0 228 465 172.0 333 0.5165165165165165 228
6 2 1416332466 0 -1.0 462 465 141.0 333 0.42342342342342343 461
6 2 -1348727225 0 -1.0 281 465 188.0 333 0.5645645645645646 277
6 2 -1797665405 0 -1.0 111 465 109.0 333 0.32732732732732733 111
6 2 -1760735442 0 -1.0 33 465 33.0 333 0.0990990990990991 33
6 2 1152501006 0 -1.0 15 465 16.0 333 0.04804804804804805 15
6 3 438443714 0 -1.0 55 465 42.0 333 0.12612612612612611 54
6 3 -1162873668 0 -1.0 235 465 18.0 333 0.05405405405405406 145
6 3 -1720609079 0 -1.0 52 465 13.0 333 0.03903903903903904 52
6 3 2074151771 0 -1.0 68 465 15.0 333 0.04504504504504504 63
6 3 379562327 0 -1.0 51 465 26.0 333 0.07807807807807808 50
6 3 -1461064989 0 -1.0 195 465 18.0 333 0.05405405405405406 191
6 3 1342818650 0 -1.0 147 465 21.0 333 0.06306306306306306 137
6 3 967580711 0 -1.0 117 465 30.0 333 0.09009009009009009 116
6 3 -1023242729 0 -1.0 28 465 7.0 333 0.021021021021021023 28
6 3 -1565613455 0 -1.0 55 465 18.0 333 0.05405405405405406 55
6 3 1175465148 0 -1.0 78 465 17.0 333 0.05105105105105105 78
6 3 -370300859 0 -1.0 93 465 26.0 333 0.07807807807807808 93
6 3 1581206928 0 -1.0 240 465 22.0 333 0.06606606606606606 198
6 3 2113949878 0 -1.0 15 465 9.0 333 0.02702702702702703 15
6 3 1240839084 0 -1.0 313 465 23.0 333 0.06906906906906907 313
6 3 -166443550 0 -1.0 32 465 20.0 333 0.06006006006006006 32
6 3 -894328507 0 -1.0 451 465 22.0 333 0.06606606606606606 379
6 3 633640461 0 -1.0 45 465 14.0 333 0.042042042042042045 43
6 3 98559935 0 -1.0 8 465 5.0 333 0.015015015015015015 8
6 3 -1458557319 0 -1.0 217 465 23.0 333 0.06906906906906907 217
6 4 340808049 0 -1.0 57 465 45.0 333 0.13513513513513514 57
6 4 299847566 0 -1.0 201 465 171.0 333 0.5135135135135135 201
6 4 -1967865715 0 -1.0 51 465 47.0 333 0.14114114114114115 51
6 4 -1341941096 0 -1.0 1497 465 322.0 333 0.9669669669669669 1269
6 4 -1778158204 0 -1.0 24 465 25.0 333 0.07507507507507508 24
6 4 364600099 0 -1.0 303 465 241.0 333 0.7237237237237237 302
6 4 -671009741 0 -1.0 198 465 163.0 333 0.4894894894894895 196
6 4 -545796148 0 -1.0 66 465 59.0 333 0.17717717717717718 65
6 4 -259346356 0 -1.0 15 465 16.0 333 0.04804804804804805 15
6 4 -679568775 0 -1.0 36 465 36.0 333 0.10810810810810811 36
6 4 -1753723925 0 -1.0 120 465 109.0 333 0.32732732732732733 120
6 4 563380555 0 -1.0 117 465 113.0 333 0.33933933933933935 117
6 4 86158359 0 -1.0 108 465 103.0 333 0.30930930930930933 108
6 4 -1364040440 0 -1.0 249 465 171.0 333 0.5135135135135135 249
6 4 599168834 0 -1.0 231 465 172.0 333 0.5165165165165165 231
6 4 -299811892 0 -1.0 156 465 143.0 333 0.4294294294294294 156
6 4 678918875 0 -1.0 60 465 58.0 333 0.17417417417417416 60
6 4 996998332 0 -1.0 252 465 194.0 333 0.5825825825825826 252
6 4 -1753976553 0 -1.0 66 465 65.0 333 0.19519519519519518 66
6 4 1267016874 0 -1.0 381 465 265.0 333 0.7957957957957958 381
