18 0 1221453663 1 4.0 1000 209 120.0 121 0.9917355371900827 447
18 0 1530448442 1 1.0 1000 209 120.0 121 0.9917355371900827 303
18 0 386123721 1 1.0 1000 209 120.0 121 0.9917355371900827 493
18 0 155830682 1 2.0 1000 209 115.0 121 0.9504132231404959 773
18 0 -228194570 0 -1.0 556 209 115.0 121 0.9504132231404959 241
18 0 -1210078776 1 1.0 1000 209 116.0 121 0.9586776859504132 207
18 0 115081979 0 -1.0 72 209 48.0 121 0.39669421487603307 49
18 0 -189689878 1 1.0 1000 209 120.0 121 0.9917355371900827 230
18 0 -1168715030 1 5.0 1000 209 115.0 121 0.9504132231404959 730
18 0 242761427 1 8.0 1000 209 117.0 121 0.9669421487603306 903
18 0 1599627800 1 2.0 1000 209 114.0 121 0.9421487603305785 784
18 0 -1383317124 1 8.0 1000 209 120.0 121 0.9917355371900827 435
18 0 308115022 1 8.0 1000 209 120.0 121 0.9917355371900827 843
18 0 -1737344441 0 -1.0 394 209 77.0 121 0.6363636363636364 109
18 0 -1609927209 1 1.0 1000 209 119.0 121 0.9834710743801653 191
18 0 -1612428092 1 3.0 1000 209 119.0 121 0.9834710743801653 452
18 0 -1139807702 0 -2.0 839 209 120.0 121 0.9917355371900827 714
18 0 1033700019 1 1.0 1000 209 120.0 121 0.9917355371900827 503
18 0 -41121849 1 4.0 1000 209 114.0 121 0.9421487603305785 182
18 0 1121034895 0 -1.0 237 209 115.0 121 0.9504132231404959 204
18 1 -1665521232 1 2.0 1000 209 100.0 121 0.8264462809917356 522
18 1 -1789665728 1 2.0 1000 209 103.0 121 0.8512396694214877 497
18 1 1139828701 1 5.0 1000 209 99.0 121 0.8181818181818182 1000
18 1 1902423359 1 8.0 1000 209 93.0 121 0.768595041322314 923
18 1 -926577157 1 8.0 1000 209 104.0 121 0.859504132231405 931
18 1 -752399927 1 7.0 1000 209 103.0 121 0.8512396694214877 798
18 1 527192133 1 8.0 1000 209 106.0 121 0.8760330578512396 1000
18 1 155520089 1 1.0 1000 209 105.0 121 0.8677685950413223 1000
18 1 1541255128 0 -1.0 995 209 102.0 121 0.8429752066115702 995
18 1 1231533904 1 5.0 1000 209 98.0 121 0.8099173553719008 959
18 1 -91852319 1 6.0 1000 209 104.0 121 0.859504132231405 927
18 1 -1803928629 0 -1.0 993 209 98.0 121 0.8099173553719008 605
18 1 522156337 0 6.0 999 209 107.0 121 0.8842975206611571 999
18 1 450282309 0 -5.0 999 209 98.0 121 0.8099173553719008 999
18 1 -866693696 0 -1.0 678 209 94.0 121 0.7768595041322314 516
18 1 -355776281 0 -2.0 837 209 95.0 121 0.7851239669421488 203
18 1 -1832739332 1 8.0 1000 209 104.0 121 0.859504132231405 967
18 1 -184509346 1 8.0 1000 209 105.0 121 0.8677685950413223 1000
18 1 170624675 1 3.0 1000 209 97.0 121 0.8016528925619835 426
18 1 -1931198018 0 -13.0 996 209 104.0 121 0.859504132231405 996
18 2 -1643167178 0 -1.0 782 209 115.0 121 0.9504132231404959 713
18 2 1646833025 0 -1.0 644 209 112.0 121 0.9256198347107438 543
18 2 491705230 0 -1.0 796 209 112.0 121 0.9256198347107438 414
18 2 1782884587 0 -1.0 511 209 110.0 121 0.9090909090909091 496
18 2 643100241 0 -1.0 478 209 119.0 121 0.9834710743801653 334
18 2 -1321392594 1 1.0 1000 209 119.0 121 0.9834710743801653 792
18 2 1562237511 1 4.0 1000 209 115.0 121 0.9504132231404959 603
18 2 310772378 1 6.0 1000 209 113.0 121 0.9338842975206612 517
18 2 352286246 1 1.0 1000 209 115.0 121 0.9504132231404959 933
18 2 -48005260 0 -1.0 188 209 99.0 121 0.8181818181818182 184
18 2 1212491294 0 -1.0 569 209 114.0 121 0.9421487603305785 375
18 2 726960058 1 8.0 1000 209 86.0 121 0.7107438016528925 258
18 2 -2005026693 1 2.0 1000 209 115.0 121 0.9504132231404959 815
18 2 598055330 1 8.0 1000 209 114.0 121 0.9421487603305785 440
18 2 288984137 0 -3.0 444 209 107.0 121 0.8842975206611571 321
18 2 -1450207514 1 5.0 1000 209 120.0 121 0.9917355371900827 561
18 2 -731834649 0 -1.0 490 209 65.0 121 0.5371900826446281 163
18 2 -1269566708 1 1.0 1000 209 114.0 121 0.9421487603305785 386
18 2 -911666592 1 6.0 1000 209 120.0 121 0.9917355371900827 847
18 2 479773706 0 -1.0 862 209 118.0 121 0.9752066115702479 484
18 3 -214496936 0 7.0 746 209 59.0 121 0.48760330578512395 746
18 3 -212154885 0 -4.0 919 209 64.0 121 0.5289256198347108 919
18 3 1919041350 1 8.0 1000 209 61.0 121 0.5041322314049587 785
18 3 1321860088 0 -1.0 848 209 78.0 121 0.6446280991735537 721
18 3 -752352116 0 -1.0 216 209 28.0 121 0.23140495867768596 215
18 3 -2038212229 0 -4.0 494 209 44.0 121 0.36363636363636365 452
18 3 -1615087939 0 7.0 581 209 65.0 121 0.5371900826446281 581
18 3 -2033199264 0 -2.0 785 209 69.0 121 0.5702479338842975 750
18 3 -1961921095 0 -3.0 217 209 26.0 121 0.21487603305785125 217
18 3 -1613924006 1 1.0 1000 209 105.0 121 0.8677685950413223 831
18 3 -1409048861 0 7.0 513 209 42.0 121 0.34710743801652894 512
18 3 85611915 0 -2.0 170 209 25.0 121 0.2066115702479339 158
18 3 -383621899 0 -4.0 657 209 55.0 121 0.45454545454545453 642
18 3 1754082501 0 -2.0 200 209 39.0 121 0.32231404958677684 200
18 3 -714051972 0 4.0 410 209 59.0 121 0.48760330578512395 410
18 3 -1593443032 0 -1.0 662 209 57.0 121 0.47107438016528924 415
18 3 -191442772 0 -2.0 194 209 50.0 121 0.4132231404958678 189
18 3 -1356624217 0 -1.0 299 209 25.0 121 0.2066115702479339 101
18 3 -1858095724 0 -1.0 702 209 57.0 121 0.47107438016528924 536
18 3 291409273 0 -7.0 514 209 48.0 121 0.39669421487603307 506
18 4 77034135 1 4.0 1000 209 120.0 121 0.9917355371900827 295
18 4 1080211820 0 7.0 998 209 120.0 121 0.9917355371900827 338
18 4 -617673058 1 8.0 1000 209 120.0 121 0.9917355371900827 616
18 4 1463014471 1 8.0 1000 209 120.0 121 0.9917355371900827 545
18 4 -745243508 0 -1.0 211 209 111.0 121 0.9173553719008265 186
18 4 -925635331 0 -1.0 992 209 120.0 121 0.9917355371900827 522
18 4 -2002629330 0 7.0 993 209 120.0 121 0.9917355371900827 349
18 4 793735874 0 -1.0 992 209 120.0 121 0.9917355371900827 453
18 4 168732430 0 7.0 996 209 120.0 121 0.9917355371900827 718
18 4 -410733610 0 7.0 992 209 120.0 121 0.9917355371900827 984
18 4 960698614 1 4.0 1000 209 120.0 121 0.9917355371900827 382
18 4 1869702926 0 7.0 993 209 120.0 121 0.9917355371900827 254
18 4 1820513575 1 5.0 1000 209 120.0 121 0.9917355371900827 311
18 4 -604764009 0 -1.0 126 209 95.0 121 0.7851239669421488 114
18 4 -1215967023 1 6.0 1000 209 120.0 121 0.9917355371900827 414
18 4 1989220193 0 -8.0 995 209 119.0 121 0.9834710743801653 228
18 4 -795033804 0 -2.0 516 209 117.0 121 0.9669421487603306 225
18 4 -1640948527 1 8.0 1000 209 120.0 121 0.9917355371900827 773
18 4 31826145 0 7.0 994 209 120.0 121 0.9917355371900827 308
18 4 -1544956571 0 3.0 997 209 120.0 121 0.9917355371900827 518
