12 0 -301604083 0 -117.0 1500 231 216.0 222 0.972972972972973 1357
12 0 -1045375733 1 1.0 1050 231 215.0 222 0.9684684684684685 1026
12 0 1926478988 0 -105.0 1500 231 216.0 222 0.972972972972973 1235
12 0 -1295740898 1 1.0 1050 231 216.0 222 0.972972972972973 1034
12 0 -1517331358 1 1.0 1175 231 216.0 222 0.972972972972973 1142
12 0 510264680 1 1.0 1330 231 216.0 222 0.972972972972973 1301
12 0 -228753065 0 -107.0 1500 231 220.0 222 0.990990990990991 1290
12 0 -1415861359 1 1.0 1000 231 217.0 222 0.9774774774774775 864
12 0 -1864237388 0 -98.0 1500 231 215.0 222 0.9684684684684685 1481
12 0 -1203504019 1 1.0 1040 231 219.0 222 0.9864864864864865 972
12 0 -616715481 1 1.0 1095 231 218.0 222 0.9819819819819819 1039
12 0 1137355742 0 -143.0 1500 231 220.0 222 0.990990990990991 1493
12 0 -985530292 1 1.0 1115 231 219.0 222 0.9864864864864865 1077
12 0 1321029884 1 1.0 990 231 219.0 222 0.9864864864864865 952
12 0 -997362790 1 1.0 1060 231 217.0 222 0.9774774774774775 999
12 0 1227513618 1 1.0 1400 231 219.0 222 0.9864864864864865 1373
12 0 -1137667645 1 1.0 990 231 217.0 222 0.9774774774774775 987
12 0 -1107014914 0 -112.0 1500 231 209.0 222 0.9414414414414415 1172
12 0 713642639 1 1.0 1080 231 214.0 222 0.963963963963964 1048
12 0 -2064344459 1 1.0 1050 231 222.0 222 1.0 1009
12 1 1105160278 0 -69.0 1500 231 167.0 222 0.7522522522522522 1486
12 1 -466674359 0 -68.0 1500 231 126.0 222 0.5675675675675675 1345
12 1 -968471590 0 -74.0 1500 231 171.0 222 0.7702702702702703 1461
12 1 2139646169 0 -80.0 1500 231 169.0 222 0.7612612612612613 1489
12 1 -678800703 0 -82.0 1500 231 175.0 222 0.7882882882882883 1426
12 1 807784227 0 -54.0 1500 231 124.0 222 0.5585585585585585 1382
12 1 1427329838 0 -75.0 1500 231 167.0 222 0.7522522522522522 1467
12 1 1569493343 0 -81.0 1500 231 171.0 222 0.7702702702702703 1498
12 1 1689618019 0 -63.0 1500 231 148.0 222 0.6666666666666666 1499
12 1 -523174593 0 -66.0 1500 231 157.0 222 0.7072072072072072 1494
12 1 -1043281269 0 -76.0 1500 231 167.0 222 0.7522522522522522 1261
12 1 -16200464 0 -75.0 1500 231 158.0 222 0.7117117117117117 1499
12 1 -454688305 0 -82.0 1500 231 165.0 222 0.7432432432432432 1438
12 1 -1058905387 0 -49.0 1500 231 98.0 222 0.44144144144144143 1458
12 1 1459607724 0 -69.0 1500 231 158.0 222 0.7117117117117117 1428
12 1 -1916516719 0 -84.0 1500 231 171.0 222 0.7702702702702703 1449
12 1 670521234 0 -73.0 1500 231 177.0 222 0.7972972972972973 1471
12 1 -100756978 0 -72.0 1500 231 162.0 222 0.7297297297297297 1499
12 1 -226341679 0 -69.0 1500 231 172.0 222 0.7747747747747747 1182
12 1 801834116 0 -79.0 1500 231 163.0 222 0.7342342342342343 1481
12 2 30800757 0 -50.0 1500 231 114.0 222 0.5135135135135135 1476
12 2 -1196824907 0 -59.0 1500 231 142.0 222 0.6396396396396397 1490
12 2 -1972929807 0 -36.0 1500 231 113.0 222 0.509009009009009 1442
12 2 2070386537 0 -59.0 1500 231 111.0 222 0.5 1487
12 2 673963385 0 -56.0 1500 231 129.0 222 0.581081081081081 1486
12 2 854959000 0 -39.0 1500 231 114.0 222 0.5135135135135135 1499
12 2 552118634 0 -52.0 1500 231 129.0 222 0.581081081081081 1449
12 2 396170885 0 -33.0 1500 231 96.0 222 0.43243243243243246 1380
12 2 34790888 0 -39.0 1500 231 114.0 222 0.5135135135135135 1472
12 2 -108528525 0 -46.0 1500 231 111.0 222 0.5 1413
12 2 -1658151906 0 -56.0 1500 231 111.0 222 0.5 1426
12 2 -104522164 0 -43.0 1500 231 106.0 222 0.4774774774774775 1375
12 2 128317405 0 -50.0 1500 231 103.0 222 0.46396396396396394 1447
12 2 -683006235 0 -39.0 1500 231 87.0 222 0.3918918918918919 1467
12 2 1666109575 0 -52.0 1500 231 123.0 222 0.5540540540540541 1428
12 2 -1436221448 0 -63.0 1500 231 125.0 222 0.5630630630630631 1487
12 2 470527447 0 -45.0 1500 231 120.0 222 0.5405405405405406 1436
12 2 357474004 0 -48.0 1500 231 108.0 222 0.4864864864864865 1484
12 2 1836858381 0 -39.0 1500 231 122.0 222 0.5495495495495496 1494
12 2 1184556557 0 -71.0 1500 231 112.0 222 0.5045045045045045 1399
12 3 1741320420 0 -5.0 15 231 5.0 222 0.02252252252252252 12
12 3 390396585 0 -22.0 450 231 28.0 222 0.12612612612612611 431
12 3 -249077896 0 -8.0 94 231 9.0 222 0.04054054054054054 41
12 3 -783023079 0 -7.0 90 231 8.0 222 0.036036036036036036 89
12 3 -1997902606 0 -23.0 917 231 33.0 222 0.14864864864864866 864
12 3 308748872 0 -10.0 106 231 12.0 222 0.05405405405405406 103
12 3 1991224391 0 -7.0 93 231 9.0 222 0.04054054054054054 84
12 3 -1447272434 0 -10.0 330 231 14.0 222 0.06306306306306306 325
12 3 319634652 0 -17.0 1500 231 38.0 222 0.17117117117117117 1000
12 3 -1679371225 0 -8.0 137 231 11.0 222 0.04954954954954955 136
12 3 -1718170546 0 -13.0 199 231 13.0 222 0.05855855855855856 167
12 3 852649199 0 -7.0 82 231 8.0 222 0.036036036036036036 82
12 3 -1059621607 0 -15.0 785 231 23.0 222 0.1036036036036036 755
12 3 1475685635 0 -12.0 270 231 13.0 222 0.05855855855855856 253
12 3 -478379231 0 -7.0 65 231 10.0 222 0.04504504504504504 65
12 3 1797342170 0 -22.0 1185 231 36.0 222 0.16216216216216217 1179
12 3 996488885 0 -7.0 105 231 8.0 222 0.036036036036036036 98
12 3 -1262224909 0 -9.0 92 231 10.0 222 0.04504504504504504 91
12 3 677032751 0 -13.0 250 231 11.0 222 0.04954954954954955 247
12 3 48482064 0 -10.0 174 231 18.0 222 0.08108108108108109 168
12 4 -666234123 0 -87.0 1500 231 218.0 222 0.9819819819819819 951
12 4 173858583 1 1.0 990 231 217.0 222 0.9774774774774775 786
12 4 -1383707480 1 1.0 1050 231 215.0 222 0.9684684684684685 835
12 4 -1149051671 0 -122.0 1500 231 221.0 222 0.9954954954954955 1146
12 4 -1085678231 0 -139.0 1494 231 217.0 222 0.9774774774774775 930
12 4 1201823693 1 1.0 1015 231 220.0 222 0.990990990990991 861
12 4 -2137856845 1 1.0 1000 231 222.0 222 1.0 837
12 4 321074189 1 1.0 1050 231 220.0 222 0.990990990990991 1011
12 4 -1928330995 1 1.0 1215 231 219.0 222 0.9864864864864865 1179
12 4 -1378971132 0 -120.0 1500 231 219.0 222 0.9864864864864865 744
12 4 818044109 0 -134.0 1008 231 216.0 222 0.972972972972973 736
12 4 1776993952 1 1.0 1060 231 213.0 222 0.9594594594594594 772
12 4 17299001 1 1.0 1050 231 220.0 222 0.990990990990991 815
12 4 1125255531 0 -102.0 1500 231 217.0 222 0.9774774774774775 1321
12 4 -2142068102 1 1.0 1370 231 221.0 222 0.9954954954954955 1349
12 4 -1456714319 1 1.0 1070 231 217.0 222 0.9774774774774775 900
12 4 557850468 0 -133.0 1493 231 221.0 222 0.9954954954954955 724
12 4 -1334116251 1 1.0 1050 231 216.0 222 0.972972972972973 749
12 4 -1672021560 0 -108.0 1493 231 210.0 222 0.9459459459459459 867
12 4 2144574570 1 1.0 1120 231 220.0 222 0.990990990990991 1065
