9 0 564554324 0 0.0 285 176 75.0 79 0.9493670886075949 145
9 0 -767823367 0 0.0 60 176 49.0 79 0.620253164556962 59
9 0 315792256 0 0.0 285 176 74.0 79 0.9367088607594937 140
9 0 -93453471 0 0.0 60 176 52.0 79 0.6582278481012658 60
9 0 -978811074 0 0.0 285 176 75.0 79 0.9493670886075949 131
9 0 -1051871007 0 0.0 285 176 76.0 79 0.9620253164556962 102
9 0 444564874 0 0.0 285 176 76.0 79 0.9620253164556962 142
9 0 -140546863 0 0.0 60 176 54.0 79 0.6835443037974683 60
9 0 219448161 0 0.0 285 176 75.0 79 0.9493670886075949 219
9 0 -373920520 0 0.0 285 176 75.0 79 0.9493670886075949 98
9 0 -1052365601 0 0.0 60 176 54.0 79 0.6835443037974683 60
9 0 -909103996 0 0.0 60 176 57.0 79 0.7215189873417721 60
9 0 -2079809856 0 0.0 60 176 55.0 79 0.6962025316455697 60
9 0 831773622 0 0.0 285 176 78.0 79 0.9873417721518988 109
9 0 -112830708 0 0.0 60 176 54.0 79 0.6835443037974683 60
9 0 681474177 0 0.0 285 176 74.0 79 0.9367088607594937 103
9 0 2004363043 0 0.0 285 176 75.0 79 0.9493670886075949 109
9 0 762543489 0 0.0 285 176 75.0 79 0.9493670886075949 139
9 0 500592428 0 0.0 60 176 51.0 79 0.6455696202531646 60
9 0 1640412715 0 0.0 285 176 74.0 79 0.9367088607594937 111
9 1 -1303223082 0 0.0 285 176 69.0 79 0.8734177215189873 151
9 1 -1036155630 0 0.0 285 176 66.0 79 0.8354430379746836 117
9 1 -968310946 0 0.0 285 176 71.0 79 0.8987341772151899 143
9 1 -586801843 0 0.0 285 176 67.0 79 0.8481012658227848 181
9 1 -1684206669 0 0.0 285 176 71.0 79 0.8987341772151899 142
9 1 1204484686 0 0.0 285 176 68.0 79 0.8607594936708861 98
9 1 322396884 0 0.0 285 176 70.0 79 0.8860759493670886 133
9 1 -974017742 0 0.0 285 176 69.0 79 0.8734177215189873 147
9 1 -976425979 0 0.0 60 176 41.0 79 0.5189873417721519 60
9 1 -206836145 0 0.0 285 176 69.0 79 0.8734177215189873 156
9 1 784471360 0 0.0 285 176 63.0 79 0.7974683544303798 88
9 1 300985553 0 0.0 285 176 68.0 79 0.8607594936708861 126
9 1 -2099230509 0 0.0 285 176 70.0 79 0.8860759493670886 106
9 1 822837125 0 0.0 285 176 69.0 79 0.8734177215189873 143
9 1 312095717 0 0.0 285 176 70.0 79 0.8860759493670886 113
9 1 1378739780 0 0.0 60 176 51.0 79 0.6455696202531646 60
9 1 1098194097 0 0.0 60 176 46.0 79 0.5822784810126582 60
9 1 -1211340785 0 0.0 285 176 67.0 79 0.8481012658227848 132
9 1 -1955184264 0 0.0 60 176 52.0 79 0.6582278481012658 60
9 1 -892899193 0 0.0 285 176 70.0 79 0.8860759493670886 110
9 2 1032181917 0 0.0 285 176 73.0 79 0.9240506329113924 138
9 2 -347065338 0 0.0 285 176 76.0 79 0.9620253164556962 139
9 2 1378537692 0 0.0 285 176 72.0 79 0.9113924050632911 73
9 2 -651875534 0 0.0 285 176 72.0 79 0.9113924050632911 75
9 2 1522733160 0 0.0 285 176 77.0 79 0.9746835443037974 105
9 2 1196839002 0 0.0 285 176 75.0 79 0.9493670886075949 129
9 2 1225703696 0 0.0 285 176 68.0 79 0.8607594936708861 209
9 2 -1167332516 0 0.0 60 176 60.0 79 0.759493670886076 60
9 2 -1409622039 0 0.0 285 176 75.0 79 0.9493670886075949 97
9 2 -156735483 0 0.0 285 176 75.0 79 0.9493670886075949 82
9 2 96741505 0 0.0 285 176 76.0 79 0.9620253164556962 89
9 2 732847299 0 0.0 285 176 73.0 79 0.9240506329113924 181
9 2 -644992876 0 0.0 285 176 77.0 79 0.9746835443037974 169
9 2 -1297289415 0 0.0 285 176 77.0 79 0.9746835443037974 228
9 2 -918893012 0 0.0 285 176 69.0 79 0.8734177215189873 169
9 2 1270283316 0 0.0 60 176 47.0 79 0.5949367088607594 60
9 2 -150311520 0 0.0 60 176 60.0 79 0.759493670886076 60
9 2 615252520 0 0.0 60 176 54.0 79 0.6835443037974683 53
9 2 -206909852 0 0.0 60 176 60.0 79 0.759493670886076 60
9 2 -1718322378 0 0.0 285 176 76.0 79 0.9620253164556962 103
9 3 -66414993 0 0.0 285 176 7.0 79 0.08860759493670886 166
9 3 -735123742 0 0.0 285 176 9.0 79 0.11392405063291139 281
9 3 -1735911959 0 0.0 285 176 12.0 79 0.1518987341772152 114
9 3 -1383099535 0 0.0 285 176 10.0 79 0.12658227848101267 264
9 3 -111722138 0 0.0 510 176 24.0 79 0.3037974683544304 317
9 3 -1649678510 0 0.0 285 176 18.0 79 0.22784810126582278 284
9 3 477744454 0 0.0 285 176 11.0 79 0.13924050632911392 126
9 3 250847840 0 0.0 285 176 10.0 79 0.12658227848101267 129
9 3 983224833 0 0.0 285 176 12.0 79 0.1518987341772152 276
9 3 764665039 0 0.0 285 176 20.0 79 0.25316455696202533 239
9 3 -551426244 0 0.0 285 176 10.0 79 0.12658227848101267 210
9 3 -150847056 0 0.0 285 176 5.0 79 0.06329113924050633 89
9 3 -1099041629 0 0.0 285 176 12.0 79 0.1518987341772152 138
9 3 1396060106 0 0.0 285 176 11.0 79 0.13924050632911392 257
9 3 -561039493 0 0.0 285 176 20.0 79 0.25316455696202533 260
9 3 348102225 0 0.0 960 176 24.0 79 0.3037974683544304 463
9 3 -2054285874 0 0.0 285 176 9.0 79 0.11392405063291139 104
9 3 -2057781788 0 0.0 285 176 9.0 79 0.11392405063291139 155
9 3 796957252 0 0.0 285 176 17.0 79 0.21518987341772153 268
9 3 1465815279 0 0.0 285 176 9.0 79 0.11392405063291139 106
9 4 -854165557 0 0.0 60 176 61.0 79 0.7721518987341772 60
9 4 -2114209132 0 0.0 60 176 61.0 79 0.7721518987341772 60
9 4 -1356375050 0 0.0 285 176 76.0 79 0.9620253164556962 106
9 4 -1855265165 0 0.0 285 176 70.0 79 0.8860759493670886 115
9 4 71436950 0 0.0 285 176 74.0 79 0.9367088607594937 140
9 4 -1562494013 0 0.0 285 176 74.0 79 0.9367088607594937 102
9 4 693421567 0 0.0 285 176 73.0 79 0.9240506329113924 108
9 4 -2052830036 0 0.0 285 176 76.0 79 0.9620253164556962 121
9 4 618539857 0 0.0 285 176 74.0 79 0.9367088607594937 126
9 4 712392192 0 0.0 285 176 74.0 79 0.9367088607594937 144
9 4 207763527 0 0.0 285 176 71.0 79 0.8987341772151899 226
9 4 1241438445 0 0.0 285 176 68.0 79 0.8607594936708861 168
9 4 -581015121 0 0.0 285 176 70.0 79 0.8860759493670886 145
9 4 -860261749 0 0.0 60 176 61.0 79 0.7721518987341772 60
9 4 -430064739 0 0.0 285 176 76.0 79 0.9620253164556962 104
9 4 2004353784 0 0.0 60 176 61.0 79 0.7721518987341772 60
9 4 -403862416 0 0.0 285 176 74.0 79 0.9367088607594937 164
9 4 -1037217866 0 0.0 60 176 60.0 79 0.759493670886076 60
9 4 940698700 0 0.0 285 176 74.0 79 0.9367088607594937 120
9 4 -1461711376 0 0.0 60 176 61.0 79 0.7721518987341772 60
