5 0 1889824716 0 -16.0 1030 372 184.0 184 1.0 437
5 0 2080149848 0 -18.0 913 372 184.0 184 1.0 416
5 0 1577370803 0 -18.0 1101 372 183.0 184 0.9945652173913043 430
5 0 440671340 0 -17.0 949 372 184.0 184 1.0 547
5 0 -464090074 0 -18.0 895 372 184.0 184 1.0 672
5 0 -2056018515 0 -18.0 988 372 159.0 184 0.8641304347826086 249
5 0 -917577093 0 -18.0 794 372 184.0 184 1.0 292
5 0 485721569 0 -15.0 955 372 184.0 184 1.0 306
5 0 1209699550 0 -16.0 1022 372 184.0 184 1.0 805
5 0 2040713190 0 -18.0 863 372 184.0 184 1.0 777
5 0 1398169296 0 -15.0 1157 372 184.0 184 1.0 660
5 0 -859301641 0 -18.0 1070 372 184.0 184 1.0 394
5 0 1212091726 0 -12.0 1007 372 174.0 184 0.9456521739130435 513
5 0 -1044370574 0 -18.0 1041 372 184.0 184 1.0 318
5 0 19227049 0 -18.0 977 372 184.0 184 1.0 647
5 0 -194078221 0 -17.0 980 372 183.0 184 0.9945652173913043 434
5 0 -1963361266 0 -17.0 1032 372 180.0 184 0.9782608695652174 440
5 0 -1222022744 0 -16.0 880 372 176.0 184 0.9565217391304348 877
5 0 1163870010 0 -17.0 1106 372 184.0 184 1.0 485
5 0 -1660642739 0 -18.0 1033 372 174.0 184 0.9456521739130435 342
5 1 -216891551 0 -11.0 1285 372 184.0 184 1.0 640
5 1 -68831818 0 -17.0 1006 372 184.0 184 1.0 638
5 1 -64072757 0 -16.0 1043 372 184.0 184 1.0 439
5 1 -878244328 0 -2.0 463 372 182.0 184 0.9891304347826086 411
5 1 -1888350266 0 -15.0 995 372 183.0 184 0.9945652173913043 955
5 1 1131941311 0 -16.0 960 372 184.0 184 1.0 417
5 1 1772950851 0 -14.0 804 372 184.0 184 1.0 463
5 1 1568657425 0 -14.0 965 372 184.0 184 1.0 432
5 1 -202049381 0 -14.0 1042 372 184.0 184 1.0 523
5 1 1088640004 0 -17.0 951 372 183.0 184 0.9945652173913043 833
5 1 1803402326 0 -6.0 623 372 177.0 184 0.9619565217391305 417
5 1 55866756 0 -14.0 982 372 184.0 184 1.0 512
5 1 -592309783 0 -15.0 954 372 184.0 184 1.0 817
5 1 94660677 0 -17.0 774 372 184.0 184 1.0 391
5 1 -885718340 0 -16.0 863 372 184.0 184 1.0 627
5 1 43145700 0 -14.0 845 372 184.0 184 1.0 486
5 1 -1389538093 0 -13.0 1085 372 182.0 184 0.9891304347826086 405
5 1 2119392332 0 -18.0 900 372 183.0 184 0.9945652173913043 408
5 1 -1041725436 0 -13.0 1257 372 183.0 184 0.9945652173913043 341
5 1 958550659 0 -15.0 1115 372 184.0 184 1.0 829
5 2 855096188 0 -18.0 985 372 127.0 184 0.6902173913043478 228
5 2 -542924017 0 -18.0 968 372 182.0 184 0.9891304347826086 716
5 2 2040085480 0 -18.0 824 372 180.0 184 0.9782608695652174 376
5 2 305816105 0 -18.0 925 372 134.0 184 0.7282608695652174 924
5 2 -1353078827 0 -18.0 804 372 179.0 184 0.9728260869565217 761
5 2 1563778074 0 -18.0 812 372 180.0 184 0.9782608695652174 800
5 2 -326990363 0 -18.0 887 372 182.0 184 0.9891304347826086 437
5 2 1301596032 0 -18.0 779 372 169.0 184 0.9184782608695652 409
5 2 -758374871 0 -18.0 769 372 184.0 184 1.0 747
5 2 1634812758 0 -18.0 804 372 158.0 184 0.8586956521739131 795
5 2 -1761611179 0 -18.0 793 372 157.0 184 0.8532608695652174 529
5 2 -688038279 0 -18.0 907 372 180.0 184 0.9782608695652174 748
5 2 -651116602 0 -18.0 880 372 166.0 184 0.9021739130434783 875
5 2 301709571 0 -18.0 972 372 142.0 184 0.7717391304347826 269
5 2 -114272057 0 -18.0 1122 372 183.0 184 0.9945652173913043 526
5 2 -716462219 0 -18.0 962 372 184.0 184 1.0 698
5 2 -1567325110 0 -18.0 1076 372 182.0 184 0.9891304347826086 601
5 2 1025830729 0 -18.0 838 372 178.0 184 0.967391304347826 434
5 2 55910868 0 -18.0 807 372 162.0 184 0.8804347826086957 486
5 2 458682714 0 -18.0 1223 372 184.0 184 1.0 756
5 3 -619314302 0 -1.0 264 372 86.0 184 0.4673913043478261 242
5 3 -1378377121 0 0.0 479 372 123.0 184 0.6684782608695652 479
5 3 932641549 0 1.0 216 372 35.0 184 0.19021739130434784 198
5 3 -1747750020 0 -4.0 430 372 60.0 184 0.32608695652173914 398
5 3 667059151 0 -4.0 708 372 74.0 184 0.40217391304347827 651
5 3 2147301915 0 -5.0 711 372 129.0 184 0.7010869565217391 704
5 3 -218778322 0 0.0 103 372 25.0 184 0.1358695652173913 86
5 3 -1304208232 0 0.0 306 372 73.0 184 0.3967391304347826 290
5 3 -1738282055 0 4.0 737 372 108.0 184 0.5869565217391305 664
5 3 1346381876 0 -5.0 611 372 61.0 184 0.33152173913043476 581
5 3 1028647133 0 0.0 402 372 67.0 184 0.3641304347826087 402
5 3 1027457181 0 1.0 421 372 50.0 184 0.2717391304347826 419
5 3 -903792064 0 -5.0 586 372 90.0 184 0.4891304347826087 582
5 3 1582195358 0 0.0 117 372 40.0 184 0.21739130434782608 115
5 3 278202535 0 -1.0 134 372 31.0 184 0.16847826086956522 126
5 3 -230938516 0 0.0 326 372 59.0 184 0.32065217391304346 321
5 3 -588111742 0 1.0 801 372 84.0 184 0.45652173913043476 698
5 3 -1407252131 0 -1.0 225 372 68.0 184 0.3695652173913043 225
5 3 -2060273779 0 0.0 155 372 24.0 184 0.13043478260869565 155
5 3 -507675701 0 0.0 54 372 21.0 184 0.11413043478260869 54
5 4 -1115146263 0 -16.0 914 372 184.0 184 1.0 406
5 4 936997359 0 -15.0 1060 372 184.0 184 1.0 433
5 4 -1774173354 0 -17.0 879 372 184.0 184 1.0 559
5 4 -364940381 0 -15.0 1082 372 184.0 184 1.0 692
5 4 -1487564512 0 -18.0 882 372 181.0 184 0.9836956521739131 380
5 4 -773382846 0 -18.0 1211 372 184.0 184 1.0 678
5 4 -1978061460 0 -15.0 842 372 184.0 184 1.0 650
5 4 -1727622037 0 -17.0 949 372 184.0 184 1.0 343
5 4 -1911407561 0 -18.0 1276 372 184.0 184 1.0 797
5 4 -413881068 0 -18.0 875 372 183.0 184 0.9945652173913043 488
5 4 1862956127 0 -18.0 781 372 184.0 184 1.0 555
5 4 2397780 0 -17.0 1041 372 184.0 184 1.0 735
5 4 -9911931 0 -15.0 1080 372 178.0 184 0.967391304347826 318
5 4 -1325295379 0 -17.0 832 372 184.0 184 1.0 530
5 4 1518256266 0 -18.0 862 372 183.0 184 0.9945652173913043 362
5 4 -1293185102 0 -15.0 1339 372 184.0 184 1.0 1323
5 4 952607233 0 -15.0 903 372 183.0 184 0.9945652173913043 800
5 4 -1327428606 0 -17.0 831 372 181.0 184 0.9836956521739131 400
5 4 236969334 0 -17.0 961 372 182.0 184 0.9891304347826086 531
5 4 -415758666 0 -16.0 1081 372 184.0 184 1.0 373
