15 0 -1950140728 0 13.0 482 528 281.0 310 0.9064516129032258 471
15 0 -722200282 0 7.0 344 528 249.0 310 0.8032258064516129 339
15 0 2043400153 0 -3.0 265 528 171.0 310 0.5516129032258065 250
15 0 979316180 0 17.0 536 528 277.0 310 0.8935483870967742 528
15 0 -1777979236 0 5.0 428 528 271.0 310 0.8741935483870967 425
15 0 212866360 0 7.0 346 528 226.0 310 0.7290322580645161 340
15 0 -122042780 1 3.0 930 528 291.0 310 0.9387096774193548 745
15 0 1199645325 0 7.0 360 528 216.0 310 0.6967741935483871 360
15 0 43495738 0 11.0 262 528 199.0 310 0.6419354838709678 257
15 0 -2142731009 0 5.0 601 528 290.0 310 0.9354838709677419 505
15 0 -1909234515 0 1.0 392 528 241.0 310 0.7774193548387097 386
15 0 1708049777 0 17.0 485 528 245.0 310 0.7903225806451613 471
15 0 1731752637 0 3.0 396 528 246.0 310 0.7935483870967742 381
15 0 1594275200 0 -5.0 295 528 154.0 310 0.4967741935483871 291
15 0 -82913746 0 -11.0 328 528 177.0 310 0.5709677419354838 323
15 0 2083862041 0 9.0 563 528 273.0 310 0.8806451612903226 563
15 0 238563486 0 1.0 348 528 218.0 310 0.7032258064516129 334
15 0 -1421458583 0 5.0 320 528 182.0 310 0.5870967741935483 320
15 0 904474029 0 -1.0 290 528 173.0 310 0.5580645161290323 290
15 0 1558702268 0 1.0 288 528 187.0 310 0.603225806451613 278
15 1 1204413796 0 -11.0 316 528 201.0 310 0.6483870967741936 316
15 1 234390797 0 -15.0 264 528 168.0 310 0.5419354838709678 263
15 1 -976641976 0 -13.0 290 528 194.0 310 0.6258064516129033 290
15 1 -1573895925 0 -11.0 350 528 211.0 310 0.6806451612903226 349
15 1 -1901411043 0 -9.0 290 528 186.0 310 0.6 289
15 1 1495525490 0 -7.0 304 528 210.0 310 0.6774193548387096 304
15 1 -1539452841 0 -5.0 378 528 211.0 310 0.6806451612903226 378
15 1 -2047545217 0 -31.0 450 528 227.0 310 0.7322580645161291 425
15 1 -473981415 0 -9.0 340 528 207.0 310 0.667741935483871 336
15 1 -727476003 0 -11.0 264 528 167.0 310 0.5387096774193548 263
15 1 497487598 0 -13.0 298 528 207.0 310 0.667741935483871 290
15 1 -1071061391 0 -19.0 414 528 228.0 310 0.7354838709677419 412
15 1 722106769 0 -13.0 590 528 259.0 310 0.8354838709677419 533
15 1 -32347272 0 -11.0 346 528 217.0 310 0.7 338
15 1 -2046941842 0 -19.0 314 528 209.0 310 0.6741935483870968 289
15 1 427381883 0 -5.0 442 528 274.0 310 0.8838709677419355 432
15 1 -746307542 0 -5.0 386 528 227.0 310 0.7322580645161291 381
15 1 -720958939 0 -9.0 304 528 180.0 310 0.5806451612903226 299
15 1 1805267768 0 -9.0 502 528 221.0 310 0.7129032258064516 489
15 1 -737777233 0 -11.0 264 528 187.0 310 0.603225806451613 263
15 2 130440792 0 -15.0 282 528 86.0 310 0.27741935483870966 158
15 2 -1222432409 0 -45.0 529 528 86.0 310 0.27741935483870966 397
15 2 366173969 0 -29.0 358 528 76.0 310 0.24516129032258063 209
15 2 1256730323 0 -15.0 262 528 76.0 310 0.24516129032258063 227
15 2 -1491268700 0 -27.0 458 528 76.0 310 0.24516129032258063 124
15 2 -1334255425 0 -15.0 281 528 76.0 310 0.24516129032258063 228
15 2 335872300 0 -33.0 423 528 76.0 310 0.24516129032258063 85
15 2 310674299 0 -31.0 455 528 76.0 310 0.24516129032258063 112
15 2 -666155712 0 -25.0 498 528 76.0 310 0.24516129032258063 217
15 2 929061297 1 1.0 639 528 86.0 310 0.27741935483870966 523
15 2 294271352 0 -27.0 356 528 76.0 310 0.24516129032258063 268
15 2 1328632025 0 -23.0 314 528 76.0 310 0.24516129032258063 108
15 2 1823284898 0 -15.0 304 528 76.0 310 0.24516129032258063 174
15 2 640961591 0 -15.0 281 528 76.0 310 0.24516129032258063 120
15 2 1274309837 0 -15.0 354 528 76.0 310 0.24516129032258063 199
15 2 -177374741 0 -15.0 256 528 55.0 310 0.1774193548387097 75
15 2 -1143810779 0 -35.0 493 528 76.0 310 0.24516129032258063 97
15 2 320664631 0 -15.0 307 528 76.0 310 0.24516129032258063 130
15 2 -348966362 0 -15.0 288 528 76.0 310 0.24516129032258063 155
15 2 585194947 0 -15.0 238 528 86.0 310 0.27741935483870966 200
15 3 -29364890 0 -11.0 306 528 83.0 310 0.267741935483871 298
15 3 -452318289 0 17.0 486 528 43.0 310 0.13870967741935483 471
15 3 1572678814 0 11.0 494 528 43.0 310 0.13870967741935483 477
15 3 160221920 0 23.0 720 528 60.0 310 0.1935483870967742 714
15 3 -240544843 0 21.0 595 528 31.0 310 0.1 588
15 3 1238182193 0 -3.0 507 528 35.0 310 0.11290322580645161 484
15 3 -148904822 0 -7.0 272 528 37.0 310 0.11935483870967742 233
15 3 -2034570698 0 5.0 376 528 44.0 310 0.14193548387096774 367
15 3 306905211 0 -9.0 314 528 38.0 310 0.12258064516129032 311
15 3 -1630626319 0 -5.0 295 528 41.0 310 0.13225806451612904 243
15 3 1886149891 0 -1.0 321 528 34.0 310 0.10967741935483871 319
15 3 -75464096 0 1.0 362 528 30.0 310 0.0967741935483871 354
15 3 -1334554769 0 21.0 572 528 42.0 310 0.13548387096774195 545
15 3 1331636034 0 11.0 468 528 58.0 310 0.1870967741935484 459
15 3 1180798245 0 -1.0 394 528 27.0 310 0.08709677419354839 368
15 3 1213472117 0 1.0 478 528 34.0 310 0.10967741935483871 467
15 3 -107277290 0 5.0 392 528 34.0 310 0.10967741935483871 392
15 3 1141263976 0 7.0 450 528 47.0 310 0.15161290322580645 439
15 3 758298432 0 7.0 347 528 38.0 310 0.12258064516129032 332
15 3 -2010729157 0 13.0 414 528 44.0 310 0.14193548387096774 374
15 4 -629819443 0 -3.0 328 528 229.0 310 0.7387096774193549 327
15 4 1699819743 0 -11.0 386 528 234.0 310 0.7548387096774194 382
15 4 -44253687 0 -7.0 356 528 223.0 310 0.7193548387096774 356
15 4 -869216384 0 -11.0 325 528 198.0 310 0.6387096774193548 322
15 4 230212507 0 -1.0 286 528 211.0 310 0.6806451612903226 285
15 4 1317678337 0 -7.0 320 528 235.0 310 0.7580645161290323 320
15 4 219848908 0 -11.0 306 528 227.0 310 0.7322580645161291 306
15 4 -311187779 0 -3.0 344 528 258.0 310 0.832258064516129 343
15 4 -1581114193 0 -13.0 352 528 241.0 310 0.7774193548387097 352
15 4 778809923 0 -13.0 319 528 256.0 310 0.8258064516129032 319
15 4 1371784514 0 -7.0 316 528 232.0 310 0.7483870967741936 316
15 4 1743068335 0 3.0 372 528 246.0 310 0.7935483870967742 372
15 4 1699093810 0 1.0 419 528 273.0 310 0.8806451612903226 419
15 4 -1106887213 0 -7.0 347 528 242.0 310 0.7806451612903226 347
15 4 -1096818046 0 -13.0 314 528 210.0 310 0.6774193548387096 314
15 4 -1604308783 0 -9.0 330 528 242.0 310 0.7806451612903226 322
15 4 -764630745 0 -7.0 287 528 205.0 310 0.6612903225806451 287
15 4 996014762 0 -9.0 289 528 231.0 310 0.7451612903225806 289
15 4 -347748579 0 -15.0 256 528 190.0 310 0.6129032258064516 256
15 4 1297479663 0 -13.0 282 528 208.0 310 0.6709677419354839 282
