19 0 1361130923 0 0.0 1500 88 13.0 50 0.26 51
19 0 -2076350923 0 0.0 1500 88 48.0 50 0.96 1039
19 0 -2046019324 1 1.0 1500 88 10.0 50 0.2 41
19 0 -1591244970 0 0.0 1500 88 29.0 50 0.58 249
19 0 769749058 0 0.0 1500 88 10.0 50 0.2 42
19 0 284692163 0 0.0 1500 88 10.0 50 0.2 66
19 0 -337976095 0 0.0 1500 88 40.0 50 0.8 295
19 0 -599622430 0 0.0 1500 88 11.0 50 0.22 57
19 0 -81276208 0 0.0 1500 88 38.0 50 0.76 207
19 0 956112504 0 0.0 1500 88 49.0 50 0.98 377
19 0 915118890 0 0.0 1500 88 33.0 50 0.66 178
19 0 1370223386 0 0.0 1500 88 34.0 50 0.68 104
19 0 -634753881 0 0.0 1500 88 10.0 50 0.2 36
19 0 -261129252 0 0.0 1500 88 10.0 50 0.2 36
19 0 -2088671622 0 0.0 1500 88 27.0 50 0.54 602
19 0 -478380691 0 0.0 1500 88 10.0 50 0.2 40
19 0 1335243387 0 0.0 1500 88 7.0 50 0.14 27
19 0 -1410539106 0 0.0 1500 88 33.0 50 0.66 436
19 0 763719801 0 0.0 1500 88 39.0 50 0.78 275
19 0 1762863657 0 0.0 1500 88 42.0 50 0.84 242
19 1 411872411 0 0.0 1500 88 36.0 50 0.72 783
19 1 1075470490 0 0.0 1500 88 37.0 50 0.74 1110
19 1 911222273 0 0.0 1500 88 41.0 50 0.82 1274
19 1 354606550 0 0.0 1500 88 22.0 50 0.44 218
19 1 1418063248 0 0.0 1500 88 32.0 50 0.64 336
19 1 -336833718 0 0.0 1500 88 39.0 50 0.78 1315
19 1 -1381434183 0 0.0 1500 88 34.0 50 0.68 195
19 1 -739306230 0 0.0 1500 88 42.0 50 0.84 473
19 1 -749827753 0 0.0 1500 88 37.0 50 0.74 1297
19 1 1845866253 0 0.0 1500 88 38.0 50 0.76 1474
19 1 -455755672 0 0.0 1500 88 35.0 50 0.7 1442
19 1 -641138735 0 0.0 1500 88 35.0 50 0.7 861
19 1 1824638234 0 0.0 1500 88 8.0 50 0.16 1500
19 1 -1213483358 0 0.0 1500 88 39.0 50 0.78 923
19 1 1573521484 0 0.0 1500 88 39.0 50 0.78 476
19 1 1457656491 0 0.0 1500 88 39.0 50 0.78 1170
19 1 -20936631 0 0.0 1500 88 8.0 50 0.16 23
19 1 1878803625 0 0.0 1500 88 35.0 50 0.7 312
19 1 2174613 0 0.0 1500 88 36.0 50 0.72 551
19 1 -1837816875 0 0.0 1500 88 41.0 50 0.82 1269
19 2 -1754742150 0 0.0 1500 88 16.0 50 0.32 207
19 2 1173309892 0 0.0 1500 88 7.0 50 0.14 43
19 2 744566141 0 0.0 1500 88 8.0 50 0.16 56
19 2 -558781976 0 0.0 1500 88 6.0 50 0.12 43
19 2 1554043991 0 0.0 1500 88 6.0 50 0.12 27
19 2 -1945450078 0 0.0 1500 88 10.0 50 0.2 79
19 2 890415028 0 0.0 1500 88 7.0 50 0.14 44
19 2 188166218 1 1.0 1500 88 8.0 50 0.16 147
19 2 -267442127 0 0.0 1500 88 10.0 50 0.2 88
19 2 927510092 0 0.0 1500 88 8.0 50 0.16 53
19 2 295098896 0 0.0 1500 88 18.0 50 0.36 132
19 2 2056146826 0 0.0 1500 88 10.0 50 0.2 24
19 2 1027070406 0 0.0 1500 88 11.0 50 0.22 109
19 2 308940059 0 0.0 1500 88 32.0 50 0.64 899
19 2 1111743504 1 1.0 1500 88 11.0 50 0.22 150
19 2 -1276348861 0 0.0 1500 88 9.0 50 0.18 56
19 2 403555630 0 0.0 1500 88 10.0 50 0.2 81
19 2 -1550914346 0 0.0 1500 88 8.0 50 0.16 48
19 2 695886975 0 0.0 1500 88 7.0 50 0.14 18
19 2 1129560189 0 0.0 1500 88 34.0 50 0.68 733
19 3 -1739286154 0 0.0 1 88 2.0 50 0.04 1
19 3 1343709566 0 0.0 2 88 2.0 50 0.04 1
19 3 -997115481 0 0.0 0 88 1.0 50 0.02 0
19 3 -789445674 0 0.0 12 88 4.0 50 0.08 3
19 3 -182255746 0 0.0 91 88 6.0 50 0.12 80
19 3 1662982855 0 0.0 8 88 4.0 50 0.08 3
19 3 -153897790 0 0.0 304 88 11.0 50 0.22 304
19 3 591723618 0 0.0 29 88 4.0 50 0.08 27
19 3 -23314250 0 0.0 33 88 4.0 50 0.08 22
19 3 812616243 0 0.0 1 88 1.0 50 0.02 0
19 3 -441494245 0 0.0 19 88 5.0 50 0.1 18
19 3 1942401123 0 0.0 0 88 1.0 50 0.02 0
19 3 2010550910 0 0.0 8 88 3.0 50 0.06 2
19 3 934567829 1 1.0 274 88 11.0 50 0.22 271
19 3 -1660096814 0 0.0 37 88 6.0 50 0.12 26
19 3 -610339952 0 0.0 4 88 1.0 50 0.02 0
19 3 934861569 0 0.0 41 88 5.0 50 0.1 41
19 3 -184962636 0 0.0 9 88 4.0 50 0.08 7
19 3 -958565588 0 0.0 1 88 1.0 50 0.02 0
19 3 168262998 0 0.0 1 88 1.0 50 0.02 0
19 4 -1501202099 1 1.0 1492 88 7.0 50 0.14 14
19 4 -2063875404 1 1.0 1492 88 10.0 50 0.2 26
19 4 -1592413189 0 0.0 1491 88 11.0 50 0.22 34
19 4 402315429 1 1.0 1492 88 10.0 50 0.2 27
19 4 -1710272540 0 0.0 1492 88 39.0 50 0.78 313
19 4 1500976242 0 0.0 1492 88 45.0 50 0.9 236
19 4 -1561198848 0 0.0 1492 88 7.0 50 0.14 17
19 4 -1995995258 0 0.0 1492 88 7.0 50 0.14 13
19 4 -40805534 0 0.0 1493 88 7.0 50 0.14 17
19 4 -1137828886 0 0.0 1492 88 8.0 50 0.16 13
19 4 -875631981 1 1.0 1491 88 10.0 50 0.2 27
19 4 1778514232 1 1.0 1491 88 10.0 50 0.2 24
19 4 912683995 0 0.0 1492 88 37.0 50 0.74 239
19 4 -1539985852 0 0.0 1491 88 14.0 50 0.28 39
19 4 -103259071 1 1.0 1492 88 9.0 50 0.18 21
19 4 -2096095519 1 1.0 1491 88 10.0 50 0.2 26
19 4 1500186914 1 1.0 1492 88 10.0 50 0.2 28
19 4 -1129480299 0 0.0 1493 88 10.0 50 0.2 26
19 4 1934104647 1 1.0 1491 88 8.0 50 0.16 13
19 4 -684142304 0 0.0 1492 88 8.0 50 0.16 13
