7 0 -627862237 0 18.0 1500 405 367.0 405 0.9061728395061729 1463
7 0 1682873864 0 15.0 1500 405 348.0 405 0.8592592592592593 1481
7 0 -1449513236 0 18.0 1500 405 379.0 405 0.9358024691358025 1480
7 0 496008891 0 19.0 1500 405 359.0 405 0.8864197530864197 1493
7 0 710813491 0 20.0 1500 405 378.0 405 0.9333333333333333 1378
7 0 1913441001 0 20.0 1500 405 385.0 405 0.9506172839506173 1493
7 0 131420059 0 20.0 1500 405 351.0 405 0.8666666666666667 1377
7 0 2001493268 0 20.0 1500 405 370.0 405 0.9135802469135802 1487
7 0 -872671693 0 14.0 1500 405 335.0 405 0.8271604938271605 1452
7 0 1614833440 0 20.0 1500 405 381.0 405 0.9407407407407408 1481
7 0 1777977215 0 21.0 1500 405 336.0 405 0.8296296296296296 1430
7 0 -88577253 0 23.0 1500 405 348.0 405 0.8592592592592593 1427
7 0 373562926 0 20.0 1500 405 373.0 405 0.9209876543209876 1460
7 0 533748724 0 20.0 1500 405 362.0 405 0.8938271604938272 1472
7 0 1191249983 0 19.0 1500 405 350.0 405 0.8641975308641975 1422
7 0 -1298200234 0 20.0 1500 405 383.0 405 0.945679012345679 1485
7 0 457475364 0 20.0 1500 405 388.0 405 0.9580246913580247 1494
7 0 762173436 0 20.0 1500 405 383.0 405 0.945679012345679 1500
7 0 1992717489 0 34.0 1500 405 379.0 405 0.9358024691358025 1390
7 0 1663504831 0 19.0 1500 405 368.0 405 0.908641975308642 1485
7 1 -219026392 0 20.0 1497 405 290.0 405 0.7160493827160493 1479
7 1 1641203340 0 13.0 1497 405 268.0 405 0.6617283950617284 1476
7 1 -782870179 0 8.0 1500 405 226.0 405 0.5580246913580247 1471
7 1 1636011915 0 12.0 1500 405 252.0 405 0.6222222222222222 1486
7 1 599417739 0 9.0 1500 405 261.0 405 0.6444444444444445 1490
7 1 1605051418 0 15.0 1500 405 225.0 405 0.5555555555555556 1478
7 1 -1893353982 0 14.0 1500 405 288.0 405 0.7111111111111111 1477
7 1 232837683 0 14.0 1500 405 271.0 405 0.6691358024691358 1465
7 1 -136388782 0 9.0 978 405 200.0 405 0.49382716049382713 942
7 1 1512822285 0 16.0 1500 405 262.0 405 0.6469135802469136 1467
7 1 2056695700 0 9.0 1500 405 224.0 405 0.5530864197530864 1492
7 1 1348291753 0 18.0 1500 405 238.0 405 0.5876543209876544 1432
7 1 460513618 0 10.0 1500 405 256.0 405 0.6320987654320988 1500
7 1 -1065652078 0 17.0 1500 405 287.0 405 0.7086419753086419 1496
7 1 2063715257 0 11.0 1500 405 257.0 405 0.6345679012345679 1498
7 1 -1616921517 0 17.0 1498 405 283.0 405 0.6987654320987654 1463
7 1 -629564926 0 18.0 1500 405 296.0 405 0.7308641975308642 1493
7 1 -1217043487 0 14.0 1500 405 245.0 405 0.6049382716049383 1497
7 1 -1511750516 0 14.0 1500 405 285.0 405 0.7037037037037037 1484
7 1 -509064901 0 23.0 1500 405 285.0 405 0.7037037037037037 1476
7 2 800626476 0 0.0 87 405 14.0 405 0.0345679012345679 41
7 2 1587349889 0 0.0 48 405 15.0 405 0.037037037037037035 38
7 2 1040267862 0 15.0 1374 405 146.0 405 0.36049382716049383 1344
7 2 -814183775 0 2.0 60 405 24.0 405 0.05925925925925926 56
7 2 -1608068097 0 8.0 1272 405 147.0 405 0.362962962962963 1259
7 2 482229754 0 11.0 1500 405 150.0 405 0.37037037037037035 1455
7 2 1423608734 0 4.0 715 405 91.0 405 0.22469135802469137 703
7 2 -1724981524 0 7.0 1500 405 168.0 405 0.4148148148148148 1487
7 2 1506499232 0 10.0 1500 405 147.0 405 0.362962962962963 1494
7 2 -2098023477 0 7.0 1111 405 116.0 405 0.28641975308641976 1073
7 2 -1806597902 0 9.0 863 405 114.0 405 0.2814814814814815 859
7 2 -805653652 0 10.0 1163 405 116.0 405 0.28641975308641976 1153
7 2 191880776 0 7.0 286 405 45.0 405 0.1111111111111111 284
7 2 -579875430 0 16.0 1500 405 182.0 405 0.44938271604938274 1498
7 2 1328735094 0 0.0 36 405 17.0 405 0.04197530864197531 27
7 2 -1261832850 0 0.0 130 405 17.0 405 0.04197530864197531 128
7 2 1494115187 0 2.0 251 405 66.0 405 0.16296296296296298 251
7 2 -1322323150 0 0.0 15 405 13.0 405 0.03209876543209877 13
7 2 -618996112 0 0.0 50 405 15.0 405 0.037037037037037035 48
7 2 -707400390 0 4.0 835 405 84.0 405 0.2074074074074074 830
7 3 -804225580 0 4.0 599 405 63.0 405 0.15555555555555556 593
7 3 -363408431 0 1.0 647 405 23.0 405 0.056790123456790124 617
7 3 1804336124 0 2.0 773 405 36.0 405 0.08888888888888889 771
7 3 1595758895 0 4.0 734 405 36.0 405 0.08888888888888889 678
7 3 1212689962 0 5.0 1283 405 64.0 405 0.1580246913580247 1282
7 3 1641320224 0 -1.0 47 405 5.0 405 0.012345679012345678 46
7 3 -905156909 0 9.0 1051 405 55.0 405 0.13580246913580246 1000
7 3 443536622 0 -1.0 479 405 16.0 405 0.03950617283950617 421
7 3 1620103963 0 1.0 467 405 22.0 405 0.05432098765432099 456
7 3 814981542 0 1.0 235 405 17.0 405 0.04197530864197531 221
7 3 283625246 0 -1.0 399 405 18.0 405 0.044444444444444446 337
7 3 60178882 0 0.0 751 405 28.0 405 0.0691358024691358 732
7 3 2078382114 0 7.0 1107 405 61.0 405 0.1506172839506173 1099
7 3 -1875100734 0 3.0 107 405 15.0 405 0.037037037037037035 95
7 3 -435538080 0 1.0 331 405 18.0 405 0.044444444444444446 330
7 3 14162652 0 0.0 579 405 18.0 405 0.044444444444444446 531
7 3 538145558 0 0.0 131 405 11.0 405 0.027160493827160494 125
7 3 152157370 0 0.0 167 405 9.0 405 0.022222222222222223 155
7 3 225463899 0 0.0 371 405 16.0 405 0.03950617283950617 371
7 3 252023892 0 0.0 482 405 45.0 405 0.1111111111111111 459
7 4 156350046 0 32.0 1500 405 375.0 405 0.9259259259259259 1488
7 4 191647735 0 24.0 1500 405 401.0 405 0.9901234567901235 1498
7 4 2023991718 0 30.0 1500 405 389.0 405 0.9604938271604938 1314
7 4 971835180 0 19.0 1498 405 393.0 405 0.9703703703703703 1426
7 4 521995327 0 22.0 1497 405 399.0 405 0.9851851851851852 1467
7 4 -1356923671 0 19.0 1498 405 389.0 405 0.9604938271604938 1494
7 4 -1966821202 0 19.0 1500 405 393.0 405 0.9703703703703703 1497
7 4 1676362172 0 20.0 1500 405 398.0 405 0.9827160493827161 1377
7 4 -507064781 0 19.0 1495 405 395.0 405 0.9753086419753086 1473
7 4 588370529 0 20.0 1500 405 397.0 405 0.980246913580247 1454
7 4 480414047 0 22.0 1500 405 396.0 405 0.9777777777777777 1481
7 4 -1094306788 0 20.0 1500 405 394.0 405 0.9728395061728395 1499
7 4 1821049975 0 20.0 1500 405 386.0 405 0.9530864197530864 1493
7 4 -1672755521 0 21.0 1493 405 388.0 405 0.9580246913580247 1381
7 4 -2040212289 0 20.0 1500 405 397.0 405 0.980246913580247 1496
7 4 1157867155 0 19.0 1495 405 385.0 405 0.9506172839506173 1437
7 4 425772380 0 20.0 1500 405 394.0 405 0.9728395061728395 1325
7 4 -462526430 0 20.0 1500 405 380.0 405 0.9382716049382716 1484
7 4 429898942 0 19.0 1497 405 390.0 405 0.9629629629629629 1399
7 4 -1183603612 0 20.0 1500 405 382.0 405 0.9432098765432099 1495
