10 0 -1983621032 1 1.0 835 308 179.0 187 0.9572192513368984 557
10 0 -1565038300 1 7.0 518 308 146.0 187 0.7807486631016043 485
10 0 -1053357653 1 15.0 533 308 177.0 187 0.946524064171123 448
10 0 -600332437 1 15.0 881 308 187.0 187 1.0 841
10 0 528832200 1 19.0 538 308 101.0 187 0.5401069518716578 231
10 0 299297520 1 10.0 1397 308 184.0 187 0.983957219251337 1028
10 0 89405769 0 3.0 1500 308 187.0 187 1.0 832
10 0 -2071432382 1 10.0 742 308 184.0 187 0.983957219251337 555
10 0 54898514 1 2.0 805 308 117.0 187 0.6256684491978609 251
10 0 625717869 1 2.0 474 308 161.0 187 0.8609625668449198 468
10 0 264356072 0 -11.0 1500 308 187.0 187 1.0 1433
10 0 -156148835 1 22.0 522 308 178.0 187 0.9518716577540107 519
10 0 1538245571 1 12.0 287 308 125.0 187 0.6684491978609626 283
10 0 -571898866 1 8.0 1046 308 80.0 187 0.42780748663101603 739
10 0 -711180245 1 4.0 353 308 152.0 187 0.8128342245989305 321
10 0 -963427787 0 -9.0 1500 308 187.0 187 1.0 1024
10 0 -559250636 1 4.0 1303 308 154.0 187 0.8235294117647058 846
10 0 -1404590964 1 1.0 1161 308 181.0 187 0.9679144385026738 1140
10 0 -183203730 1 5.0 821 308 165.0 187 0.8823529411764706 419
10 0 1095275355 1 15.0 821 308 163.0 187 0.8716577540106952 819
10 1 1975845970 1 1.0 794 308 123.0 187 0.6577540106951871 370
10 1 -1337647827 0 -13.0 1500 308 165.0 187 0.8823529411764706 841
10 1 961115550 1 1.0 1123 308 121.0 187 0.6470588235294118 565
10 1 -488190785 0 -5.0 1500 308 184.0 187 0.983957219251337 1446
10 1 215989637 1 14.0 275 308 119.0 187 0.6363636363636364 238
10 1 2124643603 1 1.0 1239 308 155.0 187 0.8288770053475936 1214
10 1 -237833452 0 0.0 1500 308 108.0 187 0.5775401069518716 326
10 1 -561539402 1 12.0 662 308 110.0 187 0.5882352941176471 484
10 1 -623284717 0 12.0 1500 308 160.0 187 0.8556149732620321 677
10 1 -75394549 1 1.0 347 308 119.0 187 0.6363636363636364 302
10 1 -1001168969 0 -1.0 1500 308 159.0 187 0.8502673796791443 369
10 1 -1501941794 1 4.0 412 308 113.0 187 0.6042780748663101 294
10 1 691245929 1 8.0 414 308 139.0 187 0.7433155080213903 401
10 1 1807322802 1 5.0 493 308 146.0 187 0.7807486631016043 426
10 1 -1830632850 1 4.0 1009 308 177.0 187 0.946524064171123 843
10 1 -273117650 0 -71.0 1500 308 169.0 187 0.9037433155080213 1385
10 1 -1452788830 1 1.0 1367 308 174.0 187 0.93048128342246 1079
10 1 1592565899 0 -13.0 1500 308 171.0 187 0.9144385026737968 1388
10 1 -1892768657 0 -9.0 1500 308 159.0 187 0.8502673796791443 1458
10 1 -583696659 0 11.0 1500 308 186.0 187 0.9946524064171123 960
10 2 -849663054 1 4.0 943 308 33.0 187 0.17647058823529413 137
10 2 1338822929 0 0.0 1500 308 31.0 187 0.1657754010695187 262
10 2 144509500 1 4.0 915 308 33.0 187 0.17647058823529413 151
10 2 -1081829207 0 0.0 1500 308 31.0 187 0.1657754010695187 663
10 2 2032711069 0 -1.0 1500 308 48.0 187 0.25668449197860965 368
10 2 1307131695 1 1.0 1321 308 62.0 187 0.3315508021390374 444
10 2 -263957759 1 1.0 1420 308 34.0 187 0.18181818181818182 100
10 2 -1731755104 1 2.0 1359 308 36.0 187 0.1925133689839572 999
10 2 1311174228 0 4.0 1500 308 31.0 187 0.1657754010695187 475
10 2 -522256531 0 9.0 1500 308 61.0 187 0.32620320855614976 560
10 2 1184988794 1 2.0 1137 308 51.0 187 0.2727272727272727 384
10 2 954773370 0 -1.0 1500 308 84.0 187 0.44919786096256686 489
10 2 -773907411 0 2.0 1500 308 36.0 187 0.1925133689839572 225
10 2 -2079524902 1 1.0 1179 308 31.0 187 0.1657754010695187 474
10 2 -349531162 1 1.0 1493 308 31.0 187 0.1657754010695187 388
10 2 -1783388919 0 -2.0 1500 308 52.0 187 0.27807486631016043 675
10 2 -581972396 1 1.0 889 308 34.0 187 0.18181818181818182 203
10 2 -1254943700 1 1.0 1134 308 33.0 187 0.17647058823529413 176
10 2 -160063402 1 2.0 1103 308 36.0 187 0.1925133689839572 215
10 2 709819797 1 1.0 1421 308 63.0 187 0.33689839572192515 322
10 3 -395091458 0 2.0 1500 308 29.0 187 0.15508021390374332 396
10 3 562697931 0 2.0 1500 308 43.0 187 0.22994652406417113 1461
10 3 -902997942 0 13.0 1500 308 46.0 187 0.24598930481283424 1456
10 3 -226875292 1 12.0 1019 308 35.0 187 0.18716577540106952 978
10 3 1684416673 1 1.0 1070 308 36.0 187 0.1925133689839572 996
10 3 1885547933 0 11.0 1500 308 74.0 187 0.39572192513368987 1490
10 3 -117853412 1 1.0 973 308 35.0 187 0.18716577540106952 896
10 3 -789471965 0 2.0 1500 308 47.0 187 0.25133689839572193 1196
10 3 1073135509 0 2.0 1500 308 60.0 187 0.32085561497326204 1448
10 3 1739086551 0 2.0 1500 308 58.0 187 0.31016042780748665 1477
10 3 1631879098 1 4.0 934 308 38.0 187 0.20320855614973263 913
10 3 1961089499 1 13.0 719 308 49.0 187 0.2620320855614973 696
10 3 -1141477378 0 -8.0 1500 308 42.0 187 0.22459893048128343 1254
10 3 58395996 1 1.0 958 308 36.0 187 0.1925133689839572 958
10 3 1071108026 0 -12.0 1500 308 56.0 187 0.2994652406417112 1477
10 3 -1782318036 1 4.0 909 308 44.0 187 0.23529411764705882 909
10 3 829919009 1 7.0 853 308 45.0 187 0.24064171122994651 844
10 3 503052806 1 2.0 1060 308 49.0 187 0.2620320855614973 890
10 3 155156397 0 2.0 1500 308 60.0 187 0.32085561497326204 1382
10 3 -1594302691 1 5.0 801 308 38.0 187 0.20320855614973263 785
10 4 1313440230 1 6.0 174 308 111.0 187 0.5935828877005348 173
10 4 848394808 1 1.0 1272 308 155.0 187 0.8288770053475936 272
10 4 2007618459 1 5.0 1312 308 179.0 187 0.9572192513368984 1175
10 4 559041746 1 1.0 879 308 175.0 187 0.9358288770053476 343
10 4 -462827506 0 3.0 1500 308 79.0 187 0.42245989304812837 180
10 4 842385958 0 2.0 1500 308 163.0 187 0.8716577540106952 274
10 4 2069425712 1 1.0 904 308 180.0 187 0.9625668449197861 427
10 4 1353591755 0 -8.0 1500 308 187.0 187 1.0 650
10 4 -1138096622 1 1.0 530 308 187.0 187 1.0 425
10 4 -1532407107 1 3.0 563 308 185.0 187 0.9893048128342246 533
10 4 -1691510611 1 10.0 303 308 143.0 187 0.7647058823529411 302
10 4 -1868197214 1 1.0 1074 308 185.0 187 0.9893048128342246 717
10 4 -1748138414 0 -1.0 1500 308 179.0 187 0.9572192513368984 400
10 4 -548460729 0 8.0 1500 308 106.0 187 0.5668449197860963 238
10 4 1607971835 1 2.0 1027 308 103.0 187 0.5508021390374331 209
10 4 -1489472359 0 6.0 1500 308 183.0 187 0.9786096256684492 384
10 4 -1830458405 0 0.0 1500 308 175.0 187 0.9358288770053476 405
10 4 -190756939 1 9.0 540 308 162.0 187 0.8663101604278075 471
10 4 -647248967 1 4.0 575 308 179.0 187 0.9572192513368984 519
10 4 579660524 0 -10.0 1500 308 187.0 187 1.0 598
