1 0 -2039307672 0 0.0 1500 30 6.0 9 0.6666666666666666 5
1 0 1350386929 0 0.0 1500 30 6.0 9 0.6666666666666666 5
1 0 1984399928 0 0.0 1500 30 6.0 9 0.6666666666666666 5
1 0 493901078 0 0.0 1500 30 6.0 9 0.6666666666666666 5
1 0 -1815356027 0 0.0 1500 30 6.0 9 0.6666666666666666 5
1 0 956924448 0 0.0 1500 30 6.0 9 0.6666666666666666 5
1 0 -1125893 0 0.0 1500 30 6.0 9 0.6666666666666666 8
1 0 193444073 0 0.0 1500 30 6.0 9 0.6666666666666666 6
1 0 509168056 0 0.0 1500 30 6.0 9 0.6666666666666666 5
1 0 -1833400091 0 0.0 1500 30 6.0 9 0.6666666666666666 5
1 0 1881643471 0 0.0 1500 30 6.0 9 0.6666666666666666 5
1 0 -1436979897 0 0.0 1500 30 6.0 9 0.6666666666666666 6
1 0 -1239812002 0 0.0 1500 30 6.0 9 0.6666666666666666 5
1 0 742594583 0 0.0 1500 30 6.0 9 0.6666666666666666 5
1 0 -159135482 0 0.0 1500 30 6.0 9 0.6666666666666666 5
1 0 -2055725473 0 0.0 1500 30 6.0 9 0.6666666666666666 5
1 0 2125613297 0 0.0 1500 30 6.0 9 0.6666666666666666 5
1 0 1278621744 0 0.0 1500 30 6.0 9 0.6666666666666666 5
1 0 2066217761 0 0.0 1500 30 6.0 9 0.6666666666666666 5
1 0 609283016 0 0.0 1500 30 6.0 9 0.6666666666666666 5
1 1 314054841 0 0.0 1500 30 6.0 9 0.6666666666666666 6
1 1 -1511452191 0 0.0 1500 30 6.0 9 0.6666666666666666 7
1 1 1569775474 1 5.0 1494 30 6.0 9 0.6666666666666666 12
1 1 -216972723 0 0.0 1500 30 6.0 9 0.6666666666666666 7
1 1 867282932 0 0.0 1500 30 6.0 9 0.6666666666666666 8
1 1 1825457139 0 0.0 1500 30 6.0 9 0.6666666666666666 14
1 1 -564359477 0 0.0 1500 30 6.0 9 0.6666666666666666 9
1 1 -1305768888 0 0.0 1500 30 6.0 9 0.6666666666666666 10
1 1 -1721025103 0 0.0 1500 30 6.0 9 0.6666666666666666 11
1 1 -485036403 0 0.0 1500 30 6.0 9 0.6666666666666666 13
1 1 32734532 0 0.0 1500 30 6.0 9 0.6666666666666666 7
1 1 1704469673 0 0.0 1500 30 6.0 9 0.6666666666666666 8
1 1 863938271 0 0.0 1500 30 6.0 9 0.6666666666666666 7
1 1 1399094528 0 0.0 1500 30 6.0 9 0.6666666666666666 10
1 1 -1917333337 1 5.0 1494 30 6.0 9 0.6666666666666666 16
1 1 874065260 0 0.0 1500 30 6.0 9 0.6666666666666666 9
1 1 -442016193 0 0.0 1500 30 6.0 9 0.6666666666666666 11
1 1 -768726786 1 5.0 1494 30 6.0 9 0.6666666666666666 9
1 1 723581316 0 0.0 1500 30 6.0 9 0.6666666666666666 11
1 1 1872220349 0 0.0 1500 30 6.0 9 0.6666666666666666 10
1 2 1330041610 0 0.0 1500 30 6.0 9 0.6666666666666666 11
1 2 1822533455 0 0.0 1500 30 6.0 9 0.6666666666666666 5
1 2 -1210919058 0 0.0 1500 30 6.0 9 0.6666666666666666 5
1 2 -1674293978 0 0.0 1500 30 6.0 9 0.6666666666666666 11
1 2 882391579 0 0.0 1500 30 6.0 9 0.6666666666666666 7
1 2 1507995777 0 0.0 1500 30 6.0 9 0.6666666666666666 5
1 2 -40443070 0 0.0 1500 30 6.0 9 0.6666666666666666 5
1 2 -90933631 0 0.0 1500 30 6.0 9 0.6666666666666666 7
1 2 -602111320 0 0.0 1500 30 6.0 9 0.6666666666666666 11
1 2 1370567170 0 0.0 1500 30 6.0 9 0.6666666666666666 5
1 2 -140697986 0 0.0 1500 30 6.0 9 0.6666666666666666 7
1 2 1314988170 0 0.0 1500 30 6.0 9 0.6666666666666666 7
1 2 -1043267910 0 0.0 1500 30 6.0 9 0.6666666666666666 9
1 2 -1798501294 0 0.0 1500 30 6.0 9 0.6666666666666666 7
1 2 493439204 0 0.0 1500 30 6.0 9 0.6666666666666666 7
1 2 1134166818 0 0.0 1500 30 6.0 9 0.6666666666666666 7
1 2 -1430773392 0 0.0 1500 30 6.0 9 0.6666666666666666 9
1 2 -131212367 0 0.0 1500 30 6.0 9 0.6666666666666666 11
1 2 829056087 0 0.0 1500 30 6.0 9 0.6666666666666666 11
1 2 465328459 0 0.0 1500 30 6.0 9 0.6666666666666666 9
1 3 30780158 1 5.0 263 30 6.0 9 0.6666666666666666 68
1 3 1714534411 0 0.0 1500 30 6.0 9 0.6666666666666666 17
1 3 -1391958168 0 0.0 1500 30 6.0 9 0.6666666666666666 51
1 3 1615591919 1 5.0 76 30 6.0 9 0.6666666666666666 7
1 3 2073759764 0 0.0 1500 30 6.0 9 0.6666666666666666 45
1 3 342210972 1 5.0 89 30 6.0 9 0.6666666666666666 29
1 3 783016794 0 0.0 1500 30 6.0 9 0.6666666666666666 13
1 3 -155066322 0 0.0 1500 30 6.0 9 0.6666666666666666 33
1 3 -1301431798 0 0.0 1500 30 6.0 9 0.6666666666666666 12
1 3 -1300002544 0 0.0 1500 30 6.0 9 0.6666666666666666 21
1 3 -604407831 0 0.0 1500 30 6.0 9 0.6666666666666666 85
1 3 -428925520 0 0.0 1500 30 6.0 9 0.6666666666666666 31
1 3 -60629277 1 5.0 168 30 6.0 9 0.6666666666666666 24
1 3 -1432022127 0 0.0 1500 30 6.0 9 0.6666666666666666 167
1 3 491571434 0 0.0 1500 30 6.0 9 0.6666666666666666 89
1 3 -1791078795 1 5.0 94 30 6.0 9 0.6666666666666666 10
1 3 304259904 0 0.0 1500 30 6.0 9 0.6666666666666666 27
1 3 -93877336 1 5.0 459 30 6.0 9 0.6666666666666666 46
1 3 1362175544 0 0.0 1500 30 6.0 9 0.6666666666666666 41
1 3 -1434508096 0 0.0 1500 30 6.0 9 0.6666666666666666 83
1 4 -1976607197 0 0.0 1500 30 6.0 9 0.6666666666666666 9
1 4 515874308 0 0.0 1500 30 6.0 9 0.6666666666666666 7
1 4 -1921964219 1 5.0 1494 30 6.0 9 0.6666666666666666 5
1 4 -446629689 0 0.0 1500 30 6.0 9 0.6666666666666666 7
1 4 1571975164 0 0.0 1500 30 6.0 9 0.6666666666666666 7
1 4 1298573959 1 5.0 1494 30 6.0 9 0.6666666666666666 5
1 4 1814132431 1 5.0 1494 30 6.0 9 0.6666666666666666 5
1 4 527224297 0 0.0 1500 30 6.0 9 0.6666666666666666 7
1 4 520119931 1 5.0 1492 30 6.0 9 0.6666666666666666 5
1 4 71299328 1 5.0 1492 30 6.0 9 0.6666666666666666 5
1 4 -1711279394 1 5.0 1494 30 6.0 9 0.6666666666666666 5
1 4 -519057373 0 0.0 1500 30 6.0 9 0.6666666666666666 7
1 4 -1423847146 0 0.0 1500 30 6.0 9 0.6666666666666666 10
1 4 1770935097 1 5.0 1494 30 6.0 9 0.6666666666666666 5
1 4 -369208041 0 0.0 1500 30 6.0 9 0.6666666666666666 7
1 4 -259869076 0 0.0 1500 30 6.0 9 0.6666666666666666 7
1 4 -2037073055 0 0.0 1500 30 6.0 9 0.6666666666666666 7
1 4 1118522901 0 0.0 1500 30 6.0 9 0.6666666666666666 7
1 4 -6523308 1 5.0 1494 30 6.0 9 0.6666666666666666 5
1 4 -1630561554 1 5.0 1494 30 6.0 9 0.6666666666666666 5
