17 0 -965721127 0 1007.0 897 189 189.0 189 1.0 449
17 0 -1344460435 0 8.0 310 189 182.0 189 0.9629629629629629 308
17 0 -1238059478 1 2007.0 1000 189 189.0 189 1.0 374
17 0 991774944 1 1017.0 1000 189 189.0 189 1.0 602
17 0 -1956703591 1 1015.0 1000 189 189.0 189 1.0 798
17 0 1606347578 1 2013.0 1000 189 189.0 189 1.0 417
17 0 1642422551 1 10.0 1000 189 189.0 189 1.0 544
17 0 642986334 1 1019.0 1000 189 189.0 189 1.0 536
17 0 -1171943545 1 1019.0 1000 189 189.0 189 1.0 704
17 0 128336303 1 1014.0 1000 189 189.0 189 1.0 598
17 0 -310956692 1 2012.0 1000 189 189.0 189 1.0 702
17 0 1158337057 0 2.0 28 189 17.0 189 0.08994708994708994 28
17 0 -557172430 1 3009.0 1000 189 189.0 189 1.0 539
17 0 -2120397721 1 2020.0 1000 189 189.0 189 1.0 449
17 0 -2048768487 1 2011.0 1000 189 189.0 189 1.0 389
17 0 1326652554 1 2010.0 1000 189 189.0 189 1.0 464
17 0 -1801002081 0 14.0 462 189 188.0 189 0.9947089947089947 459
17 0 530315379 1 1010.0 1000 189 189.0 189 1.0 361
17 0 2026765549 0 0.0 57 189 35.0 189 0.18518518518518517 51
17 0 676426844 1 1021.0 1000 189 183.0 189 0.9682539682539683 480
17 1 765183909 1 1012.0 1000 189 174.0 189 0.9206349206349206 673
17 1 1691413196 1 1011.0 1000 189 175.0 189 0.9259259259259259 702
17 1 -223829827 1 2012.0 1000 189 177.0 189 0.9365079365079365 1000
17 1 -1801924734 0 11.0 858 189 142.0 189 0.7513227513227513 762
17 1 1261515210 1 1012.0 1000 189 148.0 189 0.783068783068783 941
17 1 17096229 0 4.0 477 189 157.0 189 0.8306878306878307 407
17 1 595277256 1 7.0 1000 189 179.0 189 0.9470899470899471 1000
17 1 -850108446 1 1009.0 1000 189 182.0 189 0.9629629629629629 880
17 1 -1275203090 1 2006.0 1000 189 183.0 189 0.9682539682539683 782
17 1 -14120691 1 2014.0 1000 189 151.0 189 0.798941798941799 785
17 1 1426222612 1 1016.0 1000 189 154.0 189 0.8148148148148148 830
17 1 -1882196719 1 1013.0 1000 189 184.0 189 0.9735449735449735 726
17 1 -1654344068 1 1009.0 1000 189 178.0 189 0.9417989417989417 773
17 1 -63991637 0 1014.0 860 189 150.0 189 0.7936507936507936 852
17 1 1456759669 0 5.0 676 189 166.0 189 0.8783068783068783 450
17 1 -2140617024 0 8.0 529 189 148.0 189 0.783068783068783 496
17 1 -17408480 1 3013.0 1000 189 159.0 189 0.8412698412698413 996
17 1 -1921373979 1 1009.0 1000 189 166.0 189 0.8783068783068783 996
17 1 1625998742 1 1022.0 1000 189 153.0 189 0.8095238095238095 863
17 1 -1131396794 0 6.0 624 189 150.0 189 0.7936507936507936 337
17 2 734544946 1 1003.0 1000 189 101.0 189 0.5343915343915344 616
17 2 -987706439 0 1.0 258 189 77.0 189 0.4074074074074074 258
17 2 -2095894102 0 0.0 7 189 8.0 189 0.042328042328042326 7
17 2 533138378 1 2003.0 1000 189 113.0 189 0.5978835978835979 877
17 2 -1847674389 0 0.0 239 189 82.0 189 0.43386243386243384 114
17 2 -1658504463 0 2003.0 971 189 95.0 189 0.5026455026455027 939
17 2 -1653183616 0 1.0 353 189 66.0 189 0.3492063492063492 148
17 2 -1397679799 0 1003.0 589 189 75.0 189 0.3968253968253968 566
17 2 1652035593 1 3004.0 1000 189 88.0 189 0.4656084656084656 594
17 2 1493829689 0 1.0 139 189 40.0 189 0.21164021164021163 132
17 2 -1039829060 1 1003.0 1000 189 90.0 189 0.47619047619047616 708
17 2 -835879285 0 2.0 89 189 58.0 189 0.30687830687830686 88
17 2 -1409972197 1 2006.0 1000 189 104.0 189 0.5502645502645502 877
17 2 1790880502 1 3003.0 1000 189 97.0 189 0.5132275132275133 717
17 2 -1057889840 0 1.0 494 189 77.0 189 0.4074074074074074 494
17 2 -1521141464 0 1.0 63 189 51.0 189 0.2698412698412698 63
17 2 252309330 1 2005.0 1000 189 94.0 189 0.4973544973544973 986
17 2 364198737 0 0.0 171 189 59.0 189 0.31216931216931215 159
17 2 -1354775614 1 1003.0 1000 189 78.0 189 0.4126984126984127 834
17 2 1350459718 1 1002.0 1000 189 145.0 189 0.7671957671957672 808
17 3 -1895245221 0 0.0 40 189 5.0 189 0.026455026455026454 38
17 3 -1204121131 0 7.0 425 189 33.0 189 0.1746031746031746 401
17 3 1259536022 0 9.0 261 189 24.0 189 0.12698412698412698 242
17 3 258151863 0 7.0 414 189 30.0 189 0.15873015873015872 408
17 3 -918129331 0 14.0 264 189 17.0 189 0.08994708994708994 239
17 3 1242417481 0 14.0 521 189 44.0 189 0.2328042328042328 449
17 3 -1257526862 0 17.0 442 189 25.0 189 0.13227513227513227 441
17 3 557150693 0 6.0 279 189 26.0 189 0.13756613756613756 279
17 3 1666475159 0 2.0 381 189 31.0 189 0.164021164021164 379
17 3 98930397 0 0.0 99 189 14.0 189 0.07407407407407407 98
17 3 -852545682 0 4.0 251 189 23.0 189 0.12169312169312169 232
17 3 -2994083 0 0.0 58 189 10.0 189 0.05291005291005291 44
17 3 2103749124 0 0.0 23 189 7.0 189 0.037037037037037035 20
17 3 -637744307 0 2.0 113 189 15.0 189 0.07936507936507936 109
17 3 1696577138 0 2.0 102 189 13.0 189 0.06878306878306878 102
17 3 -1128043432 0 6.0 270 189 12.0 189 0.06349206349206349 254
17 3 1933359884 0 2.0 219 189 20.0 189 0.10582010582010581 180
17 3 -238942691 0 9.0 390 189 28.0 189 0.14814814814814814 363
17 3 1581106879 0 2.0 442 189 30.0 189 0.15873015873015872 435
17 3 1560232849 0 12.0 442 189 39.0 189 0.20634920634920634 439
17 4 728485788 0 1004.0 740 189 189.0 189 1.0 269
17 4 -885171737 1 2011.0 1000 189 189.0 189 1.0 434
17 4 -1029625143 1 2004.0 1000 189 189.0 189 1.0 310
17 4 -1608147806 0 1009.0 508 189 189.0 189 1.0 328
17 4 -2072737366 1 1011.0 1000 189 189.0 189 1.0 421
17 4 -879299902 1 1009.0 1000 189 189.0 189 1.0 325
17 4 -30343331 0 1010.0 939 189 189.0 189 1.0 331
17 4 -477619943 0 1007.0 602 189 189.0 189 1.0 266
17 4 -861239115 0 0.0 213 189 180.0 189 0.9523809523809523 211
17 4 675741534 0 2008.0 987 189 189.0 189 1.0 319
17 4 611040369 0 1007.0 997 189 189.0 189 1.0 254
17 4 -2034088669 1 2009.0 1000 189 189.0 189 1.0 385
17 4 1176546864 1 1004.0 1000 189 189.0 189 1.0 282
17 4 554508513 0 1004.0 630 189 189.0 189 1.0 230
17 4 435754040 0 1003.0 996 189 189.0 189 1.0 241
17 4 41236707 0 2005.0 996 189 189.0 189 1.0 253
17 4 1191534069 0 1006.0 687 189 189.0 189 1.0 320
17 4 -2005953068 1 1008.0 1000 189 189.0 189 1.0 360
17 4 -664832884 0 2005.0 992 189 189.0 189 1.0 260
17 4 -652551561 1 1005.0 1000 189 189.0 189 1.0 337
