8 0 -162361306 0 0.0 1000 117 36.0 74 0.4864864864864865 172
8 0 -1694164773 0 0.0 1000 117 35.0 74 0.47297297297297297 113
8 0 -819087751 0 0.0 1000 117 30.0 74 0.40540540540540543 47
8 0 -785666360 0 0.0 1000 117 36.0 74 0.4864864864864865 257
8 0 1519368478 0 0.0 1000 117 31.0 74 0.4189189189189189 159
8 0 -419379292 0 0.0 1000 117 38.0 74 0.5135135135135135 103
8 0 551649845 0 0.0 1000 117 36.0 74 0.4864864864864865 158
8 0 599800366 0 0.0 1000 117 39.0 74 0.527027027027027 298
8 0 -840422819 0 0.0 1000 117 43.0 74 0.581081081081081 496
8 0 -1346521978 0 0.0 1000 117 43.0 74 0.581081081081081 106
8 0 -588819702 0 0.0 1000 117 37.0 74 0.5 75
8 0 1025023957 0 0.0 1000 117 26.0 74 0.35135135135135137 310
8 0 1388162221 0 0.0 1000 117 36.0 74 0.4864864864864865 139
8 0 -1952325683 0 0.0 1000 117 44.0 74 0.5945945945945946 124
8 0 1593311684 0 0.0 1000 117 40.0 74 0.5405405405405406 103
8 0 -2100563050 0 0.0 1000 117 36.0 74 0.4864864864864865 75
8 0 -1516965604 0 0.0 1000 117 35.0 74 0.47297297297297297 134
8 0 -1385606807 0 0.0 1000 117 35.0 74 0.47297297297297297 77
8 0 -1767386746 0 0.0 1000 117 36.0 74 0.4864864864864865 384
8 0 1036578292 0 0.0 1000 117 36.0 74 0.4864864864864865 132
8 1 -966070802 0 0.0 1000 117 13.0 74 0.17567567567567569 1000
8 1 2093124815 0 0.0 1000 117 13.0 74 0.17567567567567569 1000
8 1 -378735602 0 0.0 1000 117 7.0 74 0.0945945945945946 23
8 1 893883926 0 0.0 1000 117 10.0 74 0.13513513513513514 996
8 1 -1500282411 0 0.0 1000 117 10.0 74 0.13513513513513514 999
8 1 458674936 0 0.0 1000 117 12.0 74 0.16216216216216217 1000
8 1 -1084823171 0 0.0 1000 117 6.0 74 0.08108108108108109 39
8 1 1792859109 0 0.0 1000 117 13.0 74 0.17567567567567569 1000
8 1 2013813692 0 0.0 1000 117 11.0 74 0.14864864864864866 1000
8 1 1722680529 0 0.0 1000 117 12.0 74 0.16216216216216217 1000
8 1 -841796798 0 0.0 1000 117 12.0 74 0.16216216216216217 1000
8 1 -1606477068 0 0.0 1000 117 10.0 74 0.13513513513513514 1000
8 1 1507342038 0 0.0 1000 117 6.0 74 0.08108108108108109 677
8 1 280077367 0 0.0 1000 117 13.0 74 0.17567567567567569 1000
8 1 1641063463 0 0.0 1000 117 13.0 74 0.17567567567567569 1000
8 1 -1824120097 0 -1.0 999 117 10.0 74 0.13513513513513514 997
8 1 1716905143 0 -1.0 999 117 9.0 74 0.12162162162162163 999
8 1 -1426054431 0 -1.0 999 117 10.0 74 0.13513513513513514 998
8 1 1742501125 0 -1.0 996 117 9.0 74 0.12162162162162163 996
8 1 -1184291656 0 0.0 1000 117 13.0 74 0.17567567567567569 1000
8 2 806457560 0 0.0 1000 117 26.0 74 0.35135135135135137 82
8 2 765535004 0 0.0 1000 117 36.0 74 0.4864864864864865 463
8 2 97873830 0 -1.0 1000 117 33.0 74 0.44594594594594594 54
8 2 -158366912 0 0.0 1000 117 36.0 74 0.4864864864864865 758
8 2 -402105628 0 0.0 1000 117 33.0 74 0.44594594594594594 117
8 2 853210608 0 0.0 1000 117 30.0 74 0.40540540540540543 571
8 2 116479781 0 0.0 1000 117 36.0 74 0.4864864864864865 107
8 2 2136144803 0 0.0 1000 117 43.0 74 0.581081081081081 299
8 2 2032659992 0 -1.0 1000 117 33.0 74 0.44594594594594594 62
8 2 -1303792696 0 0.0 1000 117 36.0 74 0.4864864864864865 85
8 2 -1015480133 0 0.0 1000 117 32.0 74 0.43243243243243246 66
8 2 -271881852 0 0.0 1000 117 36.0 74 0.4864864864864865 91
8 2 1055515311 0 0.0 1000 117 36.0 74 0.4864864864864865 238
8 2 1729514292 0 0.0 1000 117 37.0 74 0.5 446
8 2 754872923 0 -1.0 1000 117 36.0 74 0.4864864864864865 309
8 2 1080469563 0 0.0 1000 117 32.0 74 0.43243243243243246 154
8 2 53540623 0 0.0 1000 117 40.0 74 0.5405405405405406 108
8 2 96156212 0 0.0 1000 117 34.0 74 0.4594594594594595 92
8 2 120146996 0 0.0 1000 117 42.0 74 0.5675675675675675 231
8 2 -221896148 0 0.0 1000 117 43.0 74 0.581081081081081 465
8 3 -152575853 0 -1.0 61 117 9.0 74 0.12162162162162163 61
8 3 11221488 0 -1.0 389 117 32.0 74 0.43243243243243246 386
8 3 515454566 0 -1.0 160 117 11.0 74 0.14864864864864866 157
8 3 1621242352 0 -1.0 70 117 10.0 74 0.13513513513513514 62
8 3 732258373 0 -1.0 19 117 5.0 74 0.06756756756756757 19
8 3 -1051760758 0 -1.0 136 117 12.0 74 0.16216216216216217 124
8 3 1780333143 0 -1.0 88 117 17.0 74 0.22972972972972974 86
8 3 1084696383 0 -1.0 62 117 10.0 74 0.13513513513513514 62
8 3 843354751 0 -1.0 80 117 8.0 74 0.10810810810810811 44
8 3 -1825004550 0 -1.0 21 117 8.0 74 0.10810810810810811 21
8 3 1165912452 0 -1.0 201 117 11.0 74 0.14864864864864866 192
8 3 -458280592 0 -1.0 186 117 25.0 74 0.33783783783783783 182
8 3 -2125101513 0 -1.0 295 117 12.0 74 0.16216216216216217 293
8 3 -384438397 0 -1.0 136 117 11.0 74 0.14864864864864866 136
8 3 202870252 0 -1.0 41 117 8.0 74 0.10810810810810811 41
8 3 806065730 0 -1.0 43 117 12.0 74 0.16216216216216217 38
8 3 -1052925636 0 -1.0 38 117 8.0 74 0.10810810810810811 38
8 3 1607936038 0 -1.0 83 117 9.0 74 0.12162162162162163 82
8 3 -440653043 0 -1.0 168 117 8.0 74 0.10810810810810811 167
8 3 239990925 0 -1.0 177 117 11.0 74 0.14864864864864866 175
8 4 -108875594 0 -1.0 993 117 36.0 74 0.4864864864864865 66
8 4 -1569466949 0 0.0 1000 117 38.0 74 0.5135135135135135 86
8 4 -773488930 0 -1.0 993 117 42.0 74 0.5675675675675675 116
8 4 -614815372 1 1.0 991 117 36.0 74 0.4864864864864865 95
8 4 -28765186 0 -1.0 993 117 42.0 74 0.5675675675675675 81
8 4 1263276594 0 -1.0 995 117 42.0 74 0.5675675675675675 72
8 4 894034327 0 -1.0 992 117 37.0 74 0.5 90
8 4 -928068965 0 -1.0 995 117 43.0 74 0.581081081081081 101
8 4 555004239 0 -1.0 995 117 41.0 74 0.5540540540540541 96
8 4 2008099946 0 -1.0 992 117 33.0 74 0.44594594594594594 200
8 4 238844609 0 -1.0 994 117 37.0 74 0.5 64
8 4 737271490 0 -1.0 994 117 37.0 74 0.5 107
8 4 -17888376 0 -1.0 993 117 45.0 74 0.6081081081081081 304
8 4 -1114595409 0 -1.0 994 117 37.0 74 0.5 104
8 4 1948588437 0 -1.0 993 117 34.0 74 0.4594594594594595 158
8 4 1050831898 0 -1.0 995 117 33.0 74 0.44594594594594594 60
8 4 -1317556006 1 1.0 994 117 37.0 74 0.5 74
8 4 -1015029028 0 -1.0 993 117 38.0 74 0.5135135135135135 118
8 4 -1494174422 0 -1.0 995 117 40.0 74 0.5405405405405406 206
8 4 -1265433857 0 -1.0 991 117 36.0 74 0.4864864864864865 74
