3 0 -1649304723 0 -1.0 79 432 59.0 322 0.18322981366459629 79
3 0 1448638160 0 -1.0 79 432 63.0 322 0.1956521739130435 79
3 0 275133463 0 -1.0 79 432 61.0 322 0.18944099378881987 79
3 0 -1172784507 0 -1.0 79 432 62.0 322 0.19254658385093168 79
3 0 -284661252 0 -1.0 79 432 66.0 322 0.20496894409937888 79
3 0 -872369297 0 -1.0 79 432 65.0 322 0.20186335403726707 79
3 0 1431165424 0 -1.0 79 432 67.0 322 0.2080745341614907 79
3 0 12807970 0 -1.0 79 432 60.0 322 0.18633540372670807 79
3 0 1734946372 0 -1.0 79 432 72.0 322 0.2236024844720497 79
3 0 -384265843 0 -1.0 79 432 66.0 322 0.20496894409937888 79
3 0 1538266668 0 -1.0 79 432 70.0 322 0.21739130434782608 79
3 0 -1047419242 0 -1.0 79 432 68.0 322 0.2111801242236025 79
3 0 -684223594 0 -1.0 79 432 63.0 322 0.1956521739130435 79
3 0 -1118817364 0 -1.0 79 432 59.0 322 0.18322981366459629 74
3 0 -1469727828 0 -1.0 79 432 76.0 322 0.2360248447204969 79
3 0 -1572507877 0 -1.0 79 432 74.0 322 0.22981366459627328 79
3 0 986002834 0 -1.0 79 432 62.0 322 0.19254658385093168 79
3 0 -440030668 0 -1.0 79 432 56.0 322 0.17391304347826086 79
3 0 207262562 0 -1.0 79 432 52.0 322 0.16149068322981366 63
3 0 -515651324 0 -1.0 79 432 56.0 322 0.17391304347826086 79
3 1 1990514791 0 -1.0 79 432 75.0 322 0.2329192546583851 79
3 1 119683827 0 -1.0 79 432 78.0 322 0.2422360248447205 79
3 1 -732986283 0 -1.0 79 432 71.0 322 0.2204968944099379 79
3 1 1162014383 0 -1.0 79 432 76.0 322 0.2360248447204969 79
3 1 -1719741177 0 -1.0 79 432 77.0 322 0.2391304347826087 79
3 1 1158698912 0 -1.0 79 432 74.0 322 0.22981366459627328 79
3 1 1509479244 0 -1.0 79 432 77.0 322 0.2391304347826087 79
3 1 892032449 0 -1.0 79 432 71.0 322 0.2204968944099379 79
3 1 1460852044 0 -1.0 79 432 74.0 322 0.22981366459627328 79
3 1 -47465266 0 -1.0 79 432 72.0 322 0.2236024844720497 79
3 1 -1528982452 0 -1.0 79 432 78.0 322 0.2422360248447205 79
3 1 -662957093 0 -1.0 79 432 79.0 322 0.2453416149068323 79
3 1 -1502296472 0 -1.0 79 432 58.0 322 0.18012422360248448 75
3 1 1447783941 0 -1.0 79 432 64.0 322 0.19875776397515527 79
3 1 -1417498942 0 -1.0 79 432 73.0 322 0.2267080745341615 79
3 1 1312851230 0 -1.0 79 432 76.0 322 0.2360248447204969 79
3 1 -1842035746 0 -1.0 79 432 74.0 322 0.22981366459627328 79
3 1 -1299775212 0 -1.0 79 432 76.0 322 0.2360248447204969 79
3 1 913616211 0 -1.0 79 432 73.0 322 0.2267080745341615 79
3 1 -84336861 0 -1.0 79 432 77.0 322 0.2391304347826087 79
3 2 -507743096 0 -1.0 79 432 61.0 322 0.18944099378881987 79
3 2 196030217 0 -1.0 79 432 44.0 322 0.13664596273291926 70
3 2 247709131 0 -1.0 79 432 58.0 322 0.18012422360248448 65
3 2 600531277 0 -1.0 79 432 66.0 322 0.20496894409937888 79
3 2 -889902170 0 -1.0 79 432 80.0 322 0.2484472049689441 79
3 2 -1118334275 0 -1.0 79 432 80.0 322 0.2484472049689441 79
3 2 -350616694 0 -1.0 79 432 78.0 322 0.2422360248447205 79
3 2 623026978 0 -1.0 79 432 71.0 322 0.2204968944099379 77
3 2 -232485444 0 -1.0 79 432 68.0 322 0.2111801242236025 79
3 2 -776749382 0 -1.0 79 432 64.0 322 0.19875776397515527 79
3 2 114047885 0 -1.0 79 432 79.0 322 0.2453416149068323 79
3 2 -609744321 0 -1.0 79 432 60.0 322 0.18633540372670807 79
3 2 -678354338 0 -1.0 79 432 69.0 322 0.21428571428571427 79
3 2 -1967115225 0 -1.0 79 432 50.0 322 0.15527950310559005 79
3 2 -1980876051 0 -1.0 79 432 74.0 322 0.22981366459627328 79
3 2 952391142 0 -1.0 79 432 73.0 322 0.2267080745341615 78
3 2 -1221661306 0 -1.0 79 432 59.0 322 0.18322981366459629 76
3 2 1921540019 0 -1.0 79 432 58.0 322 0.18012422360248448 57
3 2 -1636872561 0 -1.0 79 432 72.0 322 0.2236024844720497 79
3 2 1263956951 0 -1.0 79 432 63.0 322 0.1956521739130435 79
3 3 1484076122 0 -1.0 79 432 29.0 322 0.09006211180124224 69
3 3 -308413711 0 -1.0 79 432 20.0 322 0.062111801242236024 77
3 3 1031520051 0 -1.0 79 432 29.0 322 0.09006211180124224 68
3 3 1237864104 0 -1.0 79 432 28.0 322 0.08695652173913043 54
3 3 -1372619381 0 -1.0 79 432 24.0 322 0.07453416149068323 76
3 3 -1881577626 0 -1.0 79 432 27.0 322 0.08385093167701864 52
3 3 785668688 0 -1.0 79 432 21.0 322 0.06521739130434782 64
3 3 -458416231 0 -1.0 79 432 28.0 322 0.08695652173913043 73
3 3 348100419 0 -1.0 79 432 18.0 322 0.055900621118012424 62
3 3 559623261 0 -1.0 79 432 21.0 322 0.06521739130434782 66
3 3 -207591971 0 -1.0 79 432 20.0 322 0.062111801242236024 44
3 3 -937329509 0 -1.0 79 432 18.0 322 0.055900621118012424 48
3 3 -1959156008 0 -1.0 79 432 27.0 322 0.08385093167701864 72
3 3 553820722 0 -1.0 79 432 31.0 322 0.09627329192546584 71
3 3 811923282 0 -1.0 79 432 33.0 322 0.10248447204968944 73
3 3 1291670110 0 -1.0 79 432 21.0 322 0.06521739130434782 54
3 3 -1425237620 0 -1.0 79 432 18.0 322 0.055900621118012424 72
3 3 -511160097 0 -1.0 79 432 31.0 322 0.09627329192546584 77
3 3 236173942 0 -1.0 79 432 30.0 322 0.09316770186335403 54
3 3 958395447 0 -1.0 79 432 30.0 322 0.09316770186335403 77
3 4 237988761 0 -1.0 79 432 80.0 322 0.2484472049689441 79
3 4 898741295 0 -1.0 79 432 67.0 322 0.2080745341614907 79
3 4 1941309482 0 -1.0 79 432 73.0 322 0.2267080745341615 79
3 4 127008009 0 -1.0 79 432 78.0 322 0.2422360248447205 79
3 4 -2105248036 0 -1.0 79 432 80.0 322 0.2484472049689441 79
3 4 1479204165 0 -1.0 79 432 78.0 322 0.2422360248447205 79
3 4 862721982 0 -1.0 79 432 75.0 322 0.2329192546583851 79
3 4 -670731515 0 -1.0 79 432 76.0 322 0.2360248447204969 79
3 4 -1751417201 0 -1.0 79 432 78.0 322 0.2422360248447205 79
3 4 -74318024 0 -1.0 79 432 76.0 322 0.2360248447204969 79
3 4 1525604971 0 -1.0 79 432 80.0 322 0.2484472049689441 79
3 4 -570000988 0 -1.0 79 432 78.0 322 0.2422360248447205 79
3 4 1465279389 0 -1.0 79 432 79.0 322 0.2453416149068323 79
3 4 -1224457564 0 -1.0 79 432 73.0 322 0.2267080745341615 79
3 4 2014850896 0 -1.0 79 432 79.0 322 0.2453416149068323 79
3 4 -750628486 0 -1.0 79 432 71.0 322 0.2204968944099379 79
3 4 117685551 0 -1.0 79 432 68.0 322 0.2111801242236025 77
3 4 914351912 0 -1.0 79 432 79.0 322 0.2453416149068323 79
3 4 1180244974 0 -1.0 79 432 80.0 322 0.2484472049689441 79
3 4 -1005898106 0 -1.0 79 432 79.0 322 0.2453416149068323 79
