14 0 -713510545 0 0.0 1500 35 14.0 15 0.9333333333333333 22
14 0 -116535738 0 0.0 1500 35 14.0 15 0.9333333333333333 22
14 0 -1791922903 0 0.0 1500 35 14.0 15 0.9333333333333333 20
14 0 -1383690721 0 0.0 1500 35 14.0 15 0.9333333333333333 22
14 0 -962287121 0 0.0 1500 35 14.0 15 0.9333333333333333 21
14 0 2061840526 0 0.0 1500 35 14.0 15 0.9333333333333333 22
14 0 -1854358612 0 0.0 1500 35 14.0 15 0.9333333333333333 20
14 0 1832312202 0 0.0 1500 35 14.0 15 0.9333333333333333 22
14 0 -440168383 0 0.0 1500 35 14.0 15 0.9333333333333333 28
14 0 24425753 0 0.0 1500 35 14.0 15 0.9333333333333333 30
14 0 345128392 0 0.0 1500 35 14.0 15 0.9333333333333333 21
14 0 761347071 0 0.0 1500 35 14.0 15 0.9333333333333333 21
14 0 -1880410627 0 0.0 1500 35 14.0 15 0.9333333333333333 20
14 0 -63311813 0 0.0 1500 35 14.0 15 0.9333333333333333 23
14 0 -927446203 0 0.0 1500 35 14.0 15 0.9333333333333333 26
14 0 -1060864961 0 0.0 1500 35 14.0 15 0.9333333333333333 29
14 0 600728119 0 0.0 1500 35 14.0 15 0.9333333333333333 20
14 0 -162793237 0 0.0 1500 35 14.0 15 0.9333333333333333 33
14 0 2068580835 0 0.0 1500 35 14.0 15 0.9333333333333333 19
14 0 914327632 0 0.0 1500 35 14.0 15 0.9333333333333333 16
14 1 -823393222 0 0.0 1500 35 14.0 15 0.9333333333333333 119
14 1 -1180569344 0 0.0 1500 35 14.0 15 0.9333333333333333 452
14 1 988717857 0 0.0 1500 35 14.0 15 0.9333333333333333 194
14 1 719408153 0 0.0 1500 35 14.0 15 0.9333333333333333 122
14 1 -1663796831 0 0.0 1500 35 14.0 15 0.9333333333333333 179
14 1 -1461403107 0 0.0 1500 35 14.0 15 0.9333333333333333 232
14 1 -1728871883 0 0.0 1500 35 14.0 15 0.9333333333333333 267
14 1 -1810948957 0 0.0 1500 35 14.0 15 0.9333333333333333 219
14 1 199227909 0 0.0 1500 35 14.0 15 0.9333333333333333 59
14 1 -648718978 0 0.0 1500 35 14.0 15 0.9333333333333333 257
14 1 -1861260166 0 0.0 1500 35 14.0 15 0.9333333333333333 377
14 1 -754487729 0 0.0 1500 35 14.0 15 0.9333333333333333 152
14 1 1293762258 0 0.0 1500 35 14.0 15 0.9333333333333333 399
14 1 -652003594 0 0.0 1500 35 14.0 15 0.9333333333333333 283
14 1 1007277537 0 0.0 1500 35 14.0 15 0.9333333333333333 43
14 1 1128269368 0 0.0 1500 35 14.0 15 0.9333333333333333 51
14 1 -1073443038 0 0.0 1500 35 14.0 15 0.9333333333333333 42
14 1 1050822862 0 0.0 1500 35 14.0 15 0.9333333333333333 32
14 1 -2119365711 0 0.0 1500 35 14.0 15 0.9333333333333333 148
14 1 2091577413 0 0.0 1500 35 14.0 15 0.9333333333333333 83
14 2 1332071101 0 0.0 1500 35 14.0 15 0.9333333333333333 18
14 2 -1138507563 0 0.0 1500 35 15.0 15 1.0 19
14 2 164045067 0 0.0 1500 35 14.0 15 0.9333333333333333 24
14 2 -1517968779 0 0.0 1500 35 14.0 15 0.9333333333333333 22
14 2 1236585918 0 0.0 1500 35 14.0 15 0.9333333333333333 19
14 2 -510596118 0 0.0 1500 35 15.0 15 1.0 45
14 2 1756564331 0 0.0 1500 35 14.0 15 0.9333333333333333 16
14 2 788199694 0 0.0 1500 35 15.0 15 1.0 36
14 2 -1533205684 0 0.0 1500 35 15.0 15 1.0 44
14 2 -3585878 0 0.0 1500 35 15.0 15 1.0 61
14 2 291385140 0 0.0 1500 35 14.0 15 0.9333333333333333 25
14 2 878737408 0 0.0 1500 35 14.0 15 0.9333333333333333 20
14 2 -809201259 0 0.0 1500 35 15.0 15 1.0 31
14 2 1024068978 0 0.0 1500 35 14.0 15 0.9333333333333333 20
14 2 718491918 0 0.0 1500 35 14.0 15 0.9333333333333333 25
14 2 -1887483069 0 0.0 1500 35 14.0 15 0.9333333333333333 20
14 2 844207640 0 0.0 1500 35 14.0 15 0.9333333333333333 23
14 2 -851428202 0 0.0 1500 35 15.0 15 1.0 29
14 2 -1439994993 0 0.0 1500 35 14.0 15 0.9333333333333333 19
14 2 -1211725575 0 0.0 1500 35 15.0 15 1.0 36
14 3 1873118581 0 0.0 1500 35 14.0 15 0.9333333333333333 136
14 3 -1245644436 1 1.0 129 35 12.0 15 0.8 127
14 3 1937545512 0 0.0 1500 35 14.0 15 0.9333333333333333 138
14 3 -329044915 0 0.0 1500 35 14.0 15 0.9333333333333333 113
14 3 -1690149484 0 0.0 1500 35 14.0 15 0.9333333333333333 249
14 3 -1182316079 1 1.0 122 35 11.0 15 0.7333333333333333 122
14 3 1933544765 0 0.0 1500 35 14.0 15 0.9333333333333333 97
14 3 -1749861492 0 0.0 1500 35 15.0 15 1.0 136
14 3 97360443 1 1.0 73 35 11.0 15 0.7333333333333333 71
14 3 1780439258 0 0.0 1500 35 14.0 15 0.9333333333333333 116
14 3 820295757 0 0.0 1500 35 14.0 15 0.9333333333333333 100
14 3 358223112 1 1.0 373 35 14.0 15 0.9333333333333333 145
14 3 460543726 0 0.0 1500 35 15.0 15 1.0 227
14 3 -588062424 1 1.0 226 35 12.0 15 0.8 223
14 3 -1655390250 1 1.0 57 35 11.0 15 0.7333333333333333 55
14 3 144328986 0 0.0 1500 35 14.0 15 0.9333333333333333 143
14 3 1114405855 0 0.0 1500 35 15.0 15 1.0 38
14 3 1296991079 1 1.0 119 35 12.0 15 0.8 118
14 3 -1691269183 0 0.0 1500 35 14.0 15 0.9333333333333333 73
14 3 1000953302 1 1.0 51 35 10.0 15 0.6666666666666666 50
14 4 -15570828 0 0.0 1500 35 14.0 15 0.9333333333333333 21
14 4 972304336 0 0.0 1500 35 15.0 15 1.0 24
14 4 -327947076 0 0.0 1500 35 14.0 15 0.9333333333333333 23
14 4 1552380798 0 0.0 1500 35 14.0 15 0.9333333333333333 17
14 4 1975183157 0 0.0 1500 35 14.0 15 0.9333333333333333 18
14 4 -128504859 0 0.0 1500 35 14.0 15 0.9333333333333333 18
14 4 -289807954 0 0.0 1500 35 14.0 15 0.9333333333333333 19
14 4 396587829 0 0.0 1500 35 14.0 15 0.9333333333333333 20
14 4 1116826589 0 0.0 1500 35 14.0 15 0.9333333333333333 16
14 4 -1992568226 0 0.0 1500 35 14.0 15 0.9333333333333333 20
14 4 955044594 0 0.0 1500 35 14.0 15 0.9333333333333333 19
14 4 -990338267 0 0.0 1500 35 14.0 15 0.9333333333333333 19
14 4 575351593 0 0.0 1500 35 14.0 15 0.9333333333333333 17
14 4 376159401 0 0.0 1500 35 14.0 15 0.9333333333333333 19
14 4 1623634647 0 0.0 1500 35 14.0 15 0.9333333333333333 21
14 4 859341671 0 0.0 1500 35 14.0 15 0.9333333333333333 18
14 4 1248206488 0 0.0 1500 35 14.0 15 0.9333333333333333 22
14 4 -280450332 0 0.0 1500 35 14.0 15 0.9333333333333333 17
14 4 -863161836 0 0.0 1500 35 14.0 15 0.9333333333333333 18
14 4 -1010111176 0 0.0 1500 35 14.0 15 0.9333333333333333 18
