16 0 -1568759382 0 24.0 1500 462 180.0 266 0.6766917293233082 1157
16 0 1219777033 0 19.0 844 462 162.0 266 0.6090225563909775 739
16 0 1940173581 0 0.0 438 462 82.0 266 0.3082706766917293 230
16 0 -721691913 0 0.0 407 462 34.0 266 0.12781954887218044 59
16 0 -1398306454 0 1.0 1500 462 42.0 266 0.15789473684210525 105
16 0 -344387660 0 7.0 148 462 82.0 266 0.3082706766917293 147
16 0 -43857541 0 28.0 1500 462 223.0 266 0.8383458646616542 1407
16 0 -861110568 0 8.0 423 462 107.0 266 0.40225563909774437 286
16 0 -2087219338 0 19.0 1500 462 160.0 266 0.6015037593984962 1448
16 0 -2062009753 0 1.0 551 462 90.0 266 0.3383458646616541 317
16 0 642217416 0 21.0 1227 462 186.0 266 0.6992481203007519 1226
16 0 -1503413323 0 3.0 545 462 63.0 266 0.23684210526315788 288
16 0 427191570 0 12.0 1500 462 88.0 266 0.3308270676691729 224
16 0 1530467211 0 20.0 1500 462 180.0 266 0.6766917293233082 1149
16 0 -426764341 0 1.0 259 462 39.0 266 0.14661654135338345 126
16 0 -212764282 0 5.0 295 462 123.0 266 0.462406015037594 285
16 0 -100087099 0 1.0 235 462 36.0 266 0.13533834586466165 92
16 0 1038860865 0 14.0 1500 462 88.0 266 0.3308270676691729 233
16 0 -1827534352 0 0.0 167 462 31.0 266 0.11654135338345864 43
16 0 -1547333003 0 32.0 1500 462 250.0 266 0.9398496240601504 1473
16 1 -222690257 0 12.0 1500 462 93.0 266 0.34962406015037595 423
16 1 -159658776 0 10.0 1500 462 144.0 266 0.5413533834586466 1230
16 1 -1507260029 0 0.0 334 462 23.0 266 0.08646616541353383 55
16 1 -2076489993 0 0.0 405 462 19.0 266 0.07142857142857142 169
16 1 -1760989046 0 0.0 177 462 32.0 266 0.12030075187969924 52
16 1 443799075 0 0.0 43 462 25.0 266 0.09398496240601503 43
16 1 1084178664 0 5.0 719 462 110.0 266 0.41353383458646614 695
16 1 -810797544 0 0.0 188 462 33.0 266 0.12406015037593984 54
16 1 -1344826441 0 0.0 449 462 27.0 266 0.10150375939849623 56
16 1 607822981 0 2.0 685 462 30.0 266 0.11278195488721804 552
16 1 308644337 0 0.0 189 462 32.0 266 0.12030075187969924 83
16 1 -1866189077 0 0.0 432 462 21.0 266 0.07894736842105263 106
16 1 -383873297 0 0.0 252 462 46.0 266 0.17293233082706766 106
16 1 2114383426 0 8.0 335 462 60.0 266 0.22556390977443608 328
16 1 1613184685 0 0.0 616 462 25.0 266 0.09398496240601503 103
16 1 1060870155 0 0.0 480 462 25.0 266 0.09398496240601503 84
16 1 937375373 0 0.0 229 462 30.0 266 0.11278195488721804 105
16 1 1923169437 0 8.0 1500 462 92.0 266 0.3458646616541353 943
16 1 -979668814 0 0.0 220 462 31.0 266 0.11654135338345864 41
16 1 -811645265 0 2.0 451 462 39.0 266 0.14661654135338345 136
16 2 885568267 0 2.0 119 462 46.0 266 0.17293233082706766 117
16 2 582318717 0 1.0 108 462 36.0 266 0.13533834586466165 76
16 2 1695190924 0 1.0 105 462 36.0 266 0.13533834586466165 77
16 2 600197378 0 0.0 59 462 13.0 266 0.04887218045112782 59
16 2 -353278226 0 1.0 77 462 33.0 266 0.12406015037593984 70
16 2 -1752192367 0 2.0 131 462 53.0 266 0.19924812030075187 131
16 2 -859158269 0 0.0 75 462 44.0 266 0.16541353383458646 72
16 2 34888623 0 3.0 165 462 60.0 266 0.22556390977443608 165
16 2 -1947947892 0 0.0 115 462 41.0 266 0.15413533834586465 83
16 2 -274472369 0 2.0 473 462 47.0 266 0.17669172932330826 461
16 2 -1375249943 0 0.0 111 462 44.0 266 0.16541353383458646 111
16 2 -68218530 0 2.0 65 462 46.0 266 0.17293233082706766 65
16 2 -428602859 0 0.0 119 462 12.0 266 0.045112781954887216 77
16 2 837035762 0 1.0 87 462 36.0 266 0.13533834586466165 51
16 2 -2139031539 0 2.0 365 462 64.0 266 0.24060150375939848 308
16 2 541135860 0 0.0 83 462 16.0 266 0.06015037593984962 74
16 2 137926598 0 0.0 95 462 28.0 266 0.10526315789473684 90
16 2 1368693409 0 0.0 67 462 29.0 266 0.10902255639097744 65
16 2 -1481612780 0 1.0 168 462 36.0 266 0.13533834586466165 57
16 2 -1647272695 0 0.0 143 462 31.0 266 0.11654135338345864 45
16 3 2140738902 0 0.0 132 462 31.0 266 0.11654135338345864 75
16 3 645800216 0 0.0 293 462 5.0 266 0.018796992481203006 293
16 3 -1667528572 0 0.0 161 462 13.0 266 0.04887218045112782 154
16 3 -742432229 0 0.0 530 462 14.0 266 0.05263157894736842 509
16 3 -1149510110 0 0.0 459 462 12.0 266 0.045112781954887216 208
16 3 933135684 0 0.0 135 462 7.0 266 0.02631578947368421 79
16 3 1493949655 0 1.0 228 462 37.0 266 0.13909774436090225 203
16 3 1570349646 0 0.0 503 462 9.0 266 0.03383458646616541 431
16 3 21786321 0 0.0 919 462 7.0 266 0.02631578947368421 531
16 3 -1102172724 0 0.0 437 462 8.0 266 0.03007518796992481 90
16 3 2070153704 0 0.0 179 462 8.0 266 0.03007518796992481 72
16 3 2025919504 0 0.0 383 462 5.0 266 0.018796992481203006 204
16 3 -657505856 0 1.0 1397 462 15.0 266 0.05639097744360902 1396
16 3 -1442865333 0 0.0 371 462 6.0 266 0.022556390977443608 291
16 3 -515191756 0 0.0 281 462 13.0 266 0.04887218045112782 208
16 3 -664027692 0 0.0 240 462 9.0 266 0.03383458646616541 233
16 3 -1456730348 0 0.0 1500 462 13.0 266 0.04887218045112782 1075
16 3 178981819 0 0.0 1500 462 10.0 266 0.03759398496240601 384
16 3 1332290693 0 1.0 314 462 10.0 266 0.03759398496240601 219
16 3 1494155276 0 0.0 285 462 8.0 266 0.03007518796992481 223
16 4 283160799 0 0.0 177 462 31.0 266 0.11654135338345864 43
16 4 803874662 0 0.0 71 462 36.0 266 0.13533834586466165 51
16 4 969910879 0 6.0 155 462 64.0 266 0.24060150375939848 117
16 4 -1265235127 0 1.0 922 462 58.0 266 0.21804511278195488 142
16 4 2125637246 0 0.0 207 462 57.0 266 0.21428571428571427 119
16 4 1955375019 0 1.0 47 462 37.0 266 0.13909774436090225 45
16 4 57676754 0 2.0 380 462 86.0 266 0.3233082706766917 221
16 4 1063828403 0 12.0 287 462 89.0 266 0.33458646616541354 283
16 4 530987791 0 2.0 173 462 77.0 266 0.2894736842105263 132
16 4 921743936 0 1.0 131 462 42.0 266 0.15789473684210525 95
16 4 1033173438 0 0.0 1492 462 31.0 266 0.11654135338345864 42
16 4 -1262717723 0 11.0 131 462 77.0 266 0.2894736842105263 129
16 4 1618540637 0 1.0 155 462 56.0 266 0.21052631578947367 114
16 4 214663402 0 1.0 347 462 49.0 266 0.18421052631578946 87
16 4 1308389817 0 5.0 198 462 98.0 266 0.3684210526315789 184
16 4 1774335721 0 1.0 63 462 40.0 266 0.15037593984962405 56
16 4 785322278 0 1.0 183 462 70.0 266 0.2631578947368421 172
16 4 259764428 0 1.0 59 462 33.0 266 0.12406015037593984 48
16 4 2060074990 0 1.0 1492 462 41.0 266 0.15413533834586465 77
16 4 1023227739 0 1.0 43 462 30.0 266 0.11278195488721804 41
