13 0 -410223424 0 -1.0 110 288 75.0 242 0.30991735537190085 110
13 0 22418514 0 -3.0 110 288 83.0 242 0.34297520661157027 109
13 0 1672843589 0 -3.0 110 288 79.0 242 0.32644628099173556 110
13 0 1596928061 0 -3.0 110 288 77.0 242 0.3181818181818182 110
13 0 309993515 0 -3.0 110 288 83.0 242 0.34297520661157027 110
13 0 -1925703008 0 -3.0 110 288 72.0 242 0.2975206611570248 98
13 0 -170527035 0 -3.0 110 288 83.0 242 0.34297520661157027 110
13 0 -505758817 0 -3.0 110 288 80.0 242 0.3305785123966942 99
13 0 -896734764 0 -3.0 110 288 88.0 242 0.36363636363636365 109
13 0 -2068853182 0 -1.0 275 288 175.0 242 0.7231404958677686 274
13 0 -1359390694 0 -3.0 110 288 75.0 242 0.30991735537190085 110
13 0 661246792 0 -3.0 110 288 80.0 242 0.3305785123966942 101
13 0 -646419209 0 -1.0 275 288 149.0 242 0.6157024793388429 272
13 0 -1208646106 0 -3.0 110 288 84.0 242 0.34710743801652894 110
13 0 818930008 0 -3.0 110 288 80.0 242 0.3305785123966942 110
13 0 -1438235721 0 -3.0 110 288 70.0 242 0.2892561983471074 101
13 0 -293548829 1 2.0 132 288 83.0 242 0.34297520661157027 132
13 0 -1439725802 0 -1.0 132 288 95.0 242 0.3925619834710744 132
13 0 1212562054 0 -3.0 110 288 76.0 242 0.3140495867768595 107
13 0 1532146523 0 -3.0 110 288 63.0 242 0.2603305785123967 110
13 1 1283003443 0 -1.0 209 288 132.0 242 0.5454545454545454 205
13 1 -452037646 0 -1.0 110 288 75.0 242 0.30991735537190085 110
13 1 -1186692793 0 -3.0 110 288 74.0 242 0.30578512396694213 100
13 1 -407116688 0 -1.0 132 288 81.0 242 0.3347107438016529 132
13 1 1535172413 0 -1.0 209 288 133.0 242 0.5495867768595041 207
13 1 1760593261 0 -3.0 110 288 85.0 242 0.3512396694214876 110
13 1 -2061141790 0 -3.0 110 288 72.0 242 0.2975206611570248 110
13 1 -1497768487 0 -3.0 110 288 81.0 242 0.3347107438016529 110
13 1 1751280509 0 -1.0 275 288 145.0 242 0.5991735537190083 275
13 1 -596009712 0 -3.0 110 288 86.0 242 0.35537190082644626 110
13 1 -1983310554 0 -1.0 209 288 124.0 242 0.512396694214876 209
13 1 55104303 0 -1.0 132 288 97.0 242 0.40082644628099173 132
13 1 -927687081 0 -1.0 132 288 103.0 242 0.4256198347107438 131
13 1 -1594504121 0 -3.0 110 288 84.0 242 0.34710743801652894 109
13 1 -1751196313 0 -1.0 209 288 135.0 242 0.5578512396694215 209
13 1 -2096913025 0 -3.0 110 288 88.0 242 0.36363636363636365 110
13 1 -1351510486 0 -3.0 110 288 90.0 242 0.371900826446281 110
13 1 -427586656 0 -3.0 110 288 81.0 242 0.3347107438016529 110
13 1 617625478 0 -1.0 275 288 148.0 242 0.6115702479338843 275
13 1 -1871300801 0 -3.0 110 288 59.0 242 0.24380165289256198 110
13 2 -471002122 0 -3.0 110 288 82.0 242 0.33884297520661155 105
13 2 648918276 0 -3.0 110 288 53.0 242 0.2190082644628099 95
13 2 -588811544 0 -3.0 110 288 48.0 242 0.19834710743801653 99
13 2 -1747052429 0 -3.0 110 288 72.0 242 0.2975206611570248 85
13 2 1491988117 0 -3.0 110 288 67.0 242 0.2768595041322314 110
13 2 -51829506 0 -3.0 110 288 42.0 242 0.17355371900826447 60
13 2 -431053586 0 -3.0 110 288 53.0 242 0.2190082644628099 98
13 2 144341501 0 -3.0 110 288 56.0 242 0.23140495867768596 80
13 2 852829472 0 -3.0 110 288 62.0 242 0.256198347107438 82
13 2 599388065 0 -3.0 110 288 56.0 242 0.23140495867768596 110
13 2 -2060768962 0 -3.0 110 288 72.0 242 0.2975206611570248 104
13 2 -1282444562 0 -3.0 110 288 48.0 242 0.19834710743801653 61
13 2 1168020654 0 -3.0 110 288 52.0 242 0.21487603305785125 110
13 2 -835905843 0 -3.0 110 288 72.0 242 0.2975206611570248 105
13 2 -115028028 0 -3.0 110 288 72.0 242 0.2975206611570248 80
13 2 240838406 0 -3.0 110 288 52.0 242 0.21487603305785125 68
13 2 925849248 0 -3.0 110 288 50.0 242 0.2066115702479339 110
13 2 -1644982896 0 -3.0 110 288 52.0 242 0.21487603305785125 108
13 2 -218381537 0 -3.0 110 288 42.0 242 0.17355371900826447 74
13 2 -390404178 0 -3.0 110 288 62.0 242 0.256198347107438 102
13 3 1975840210 0 -1.0 209 288 22.0 242 0.09090909090909091 199
13 3 981433232 0 -3.0 110 288 17.0 242 0.07024793388429752 104
13 3 2025412453 0 -3.0 110 288 16.0 242 0.06611570247933884 110
13 3 -1633228193 0 -1.0 209 288 13.0 242 0.05371900826446281 183
13 3 824606753 0 -3.0 110 288 18.0 242 0.0743801652892562 110
13 3 1324679095 0 -3.0 110 288 14.0 242 0.05785123966942149 105
13 3 -51454559 0 -3.0 110 288 14.0 242 0.05785123966942149 109
13 3 -1249477859 0 -1.0 209 288 14.0 242 0.05785123966942149 159
13 3 -1464972372 0 -3.0 110 288 8.0 242 0.03305785123966942 107
13 3 349205945 0 -1.0 209 288 27.0 242 0.1115702479338843 209
13 3 -1315147980 0 -1.0 209 288 30.0 242 0.12396694214876033 209
13 3 414011754 0 -1.0 209 288 13.0 242 0.05371900826446281 209
13 3 967948037 0 -3.0 110 288 10.0 242 0.04132231404958678 105
13 3 682867727 0 -1.0 209 288 22.0 242 0.09090909090909091 204
13 3 947227638 0 -1.0 209 288 22.0 242 0.09090909090909091 184
13 3 -681278097 0 -3.0 110 288 12.0 242 0.049586776859504134 104
13 3 288908628 0 -1.0 209 288 20.0 242 0.08264462809917356 207
13 3 1557591103 0 -1.0 209 288 15.0 242 0.06198347107438017 161
13 3 -1495461627 0 -3.0 110 288 13.0 242 0.05371900826446281 95
13 3 2074898447 0 -3.0 110 288 14.0 242 0.05785123966942149 108
13 4 -1388852182 0 -3.0 110 288 102.0 242 0.4214876033057851 110
13 4 1852227336 0 -1.0 275 288 213.0 242 0.8801652892561983 264
13 4 1965187682 0 -3.0 110 288 102.0 242 0.4214876033057851 110
13 4 783294461 0 -3.0 110 288 103.0 242 0.4256198347107438 110
13 4 1109053026 0 -1.0 275 288 191.0 242 0.7892561983471075 275
13 4 -538059209 0 -3.0 110 288 103.0 242 0.4256198347107438 110
13 4 1631680492 0 -3.0 110 288 101.0 242 0.41735537190082644 110
13 4 123124864 0 -3.0 110 288 103.0 242 0.4256198347107438 110
13 4 -1982472479 0 -1.0 275 288 234.0 242 0.9669421487603306 274
13 4 -1548564811 0 -3.0 110 288 102.0 242 0.4214876033057851 110
13 4 -1608286295 0 -3.0 110 288 102.0 242 0.4214876033057851 110
13 4 1445149322 0 -1.0 275 288 233.0 242 0.9628099173553719 275
13 4 -495311067 0 -1.0 275 288 217.0 242 0.8966942148760331 275
13 4 -46130574 0 -1.0 275 288 219.0 242 0.9049586776859504 275
13 4 -1021644931 0 -3.0 110 288 102.0 242 0.4214876033057851 110
13 4 983639765 0 -3.0 110 288 103.0 242 0.4256198347107438 110
13 4 297940155 0 -1.0 275 288 209.0 242 0.8636363636363636 248
13 4 -1453037928 0 -3.0 110 288 103.0 242 0.4256198347107438 110
13 4 892157627 0 -1.0 275 288 229.0 242 0.9462809917355371 275
13 4 -36495899 0 -3.0 110 288 103.0 242 0.4256198347107438 110
