4 0 -1103874947 0 0.0 1500 181652 1
0 0 0 0 38 0.0 181652 -2.0919120075749235E-4 0.0
4 0 -2002631486 0 0.0 1500 183203 1
0 0 0 0 29 0.0 183203 -1.5829435107503697E-4 0.0
4 0 -108191909 0 0.0 1500 180244 1
0 0 0 0 30 0.0 180244 -1.664410465813009E-4 0.0
4 0 -1576427383 0 0.0 1500 179202 1
0 0 0 0 20 0.0 179202 -1.1160589725561098E-4 0.0
4 0 -883240846 0 0.0 1500 182009 1
0 0 0 0 26 0.0 182009 -1.4285007884225505E-4 0.0
4 0 -243519389 0 0.0 1500 179148 1
0 0 0 0 26 0.0 179148 -1.451313997365307E-4 0.0
4 0 342479846 0 0.0 1500 184968 1
0 0 0 0 76 0.0 184968 -4.1088188227152806E-4 0.0
4 0 -851552771 0 0.0 1500 184249 1
0 0 0 0 24 0.0 184249 -1.3025850886571976E-4 0.0
4 0 -1913533172 0 0.0 1500 182291 1
0 0 0 0 79 0.0 182291 -4.333730134784493E-4 0.0
4 0 -1792134647 0 0.0 1500 182953 1
0 0 0 0 24 0.0 182953 -1.3118123233836013E-4 0.0
4 0 -1474746870 0 0.0 1500 178322 1
0 0 0 0 69 0.0 178322 -3.8694047846031337E-4 0.0
4 0 2012906253 0 0.0 1500 179883 1
0 0 0 0 76 0.0 179883 -4.224968451715838E-4 0.0
4 0 1732054512 0 0.0 1500 177787 1
0 0 0 0 22 0.0 177787 -1.2374358080174591E-4 0.0
4 0 884633175 0 0.0 1500 179459 1
0 0 0 0 31 0.0 179459 -1.7274140611504577E-4 0.0
4 0 2047411269 0 0.0 1500 178199 1
0 0 0 0 21 0.0 178199 -1.1784577915700986E-4 0.0
4 0 1579072797 0 0.0 1500 180808 1
0 0 0 0 35 0.0 180808 -1.9357550550860582E-4 0.0
4 0 -553625262 0 0.0 1500 180316 1
0 0 0 0 20 0.0 180316 -1.1091639122429513E-4 0.0
4 0 766445846 0 0.0 1500 178952 1
0 0 0 0 12 0.0 178952 -6.705708793419464E-5 0.0
4 0 800840968 0 0.0 1500 181707 1
0 0 0 0 78 0.0 181707 -4.2926249401509025E-4 0.0
4 0 2095014498 0 0.0 1500 169292 1
0 0 0 0 34 0.0 169292 -2.0083642463908512E-4 0.0
4 1 1815923494 0 1.0 1500 117507 3
0 0 0 0 142 -1.0 117462 -0.0012089016022202926 -8.513391564931637E-6
1 5 0 0 2 -2.0 2 -1.0 -1.0
2 6 0 0 0 43.0 43 0.0 1.0
4 1 -1865825667 0 0.0 1500 123359 2
0 0 0 0 127 0.0 123326 -0.0010297909605435998 0.0
1 6 0 0 0 33.0 33 0.0 1.0
4 1 -1236511361 0 0.0 1500 128864 2
0 0 0 0 169 0.0 128836 -0.001311745164395045 0.0
1 6 0 0 0 28.0 28 0.0 1.0
4 1 428726320 0 1.0 1500 144439 2
0 0 0 0 178 0.0 144377 -0.0012328833539968277 0.0
1 6 0 0 0 62.0 62 0.0 1.0
4 1 961584741 0 0.0 1500 103319 3
0 0 0 0 125 0.0 103302 -0.0012100443360244719 0.0
1 5 0 0 1 -1.0 1 -1.0 -1.0
2 6 0 0 0 16.0 16 0.0 1.0
4 1 999190327 0 0.0 1500 132985 2
0 0 0 0 167 0.0 132928 -0.001256319210399615 0.0
1 6 0 0 0 57.0 57 0.0 1.0
4 1 2101521965 0 0.0 1500 119232 2
0 0 0 0 144 0.0 119178 -0.0012082766953632382 0.0
1 6 0 0 0 54.0 54 0.0 1.0
4 1 -1526001765 0 0.0 1500 140342 2
0 0 0 0 156 0.0 140250 -0.0011122994652406418 0.0
1 6 0 0 0 92.0 92 0.0 1.0
4 1 1714615780 0 0.0 1500 100112 2
0 0 0 0 134 0.0 100107 -0.001338567732526197 0.0
1 6 0 0 0 5.0 5 0.0 1.0
4 1 662541647 0 1.0 1500 138696 2
0 0 0 0 113 0.0 138628 -8.151311423377673E-4 0.0
1 6 0 0 0 68.0 68 0.0 1.0
4 1 337289940 0 0.0 1500 143635 2
0 0 0 0 171 0.0 143575 -0.0011910151488768936 0.0
1 6 0 0 0 60.0 60 0.0 1.0
4 1 -531568123 0 0.0 1500 99235 2
0 0 0 0 127 0.0 99230 -0.001279854882595989 0.0
1 6 0 0 0 5.0 5 0.0 1.0
4 1 -1170299332 0 0.0 1500 109775 2
0 0 0 0 131 0.0 109747 -0.001193654496250467 0.0
1 6 0 0 0 28.0 28 0.0 1.0
4 1 -1141327002 0 1.0 1500 131256 2
0 0 0 0 173 0.0 131216 -0.0013184367760029265 0.0
1 6 0 0 0 40.0 40 0.0 1.0
4 1 1901201548 0 1.0 1500 141597 2
0 0 0 0 172 0.0 141537 -0.0012152299398743792 0.0
1 6 0 0 0 60.0 60 0.0 1.0
4 1 855568346 0 0.0 1500 134635 2
0 0 0 0 168 0.0 134570 -0.0012484208961878575 0.0
1 6 0 0 0 65.0 65 0.0 1.0
4 1 2103012361 0 1.0 1500 137429 2
0 0 0 0 173 0.0 137319 -0.0012598402260430093 0.0
1 6 0 0 0 110.0 110 0.0 1.0
4 1 -1196995145 0 1.0 1500 140379 2
0 0 0 0 167 0.0 140313 -0.0011901962042006086 0.0
1 6 0 0 0 66.0 66 0.0 1.0
4 1 920891827 0 1.0 1500 126033 2
0 0 0 0 169 0.0 125975 -0.001341536019051399 0.0
1 6 0 0 0 58.0 58 0.0 1.0
4 1 -1720590016 0 1.0 1500 143366 2
0 0 0 0 163 0.0 143293 -0.00113752939780729 0.0
1 6 0 0 0 73.0 73 0.0 1.0
4 2 1230788538 0 0.0 1500 2997 1
0 0 0 0 1 0.0 2997 -3.33667000333667E-4 0.0
4 2 860866337 0 0.0 1500 2985 1
0 0 0 0 1 0.0 2985 -3.3500837520938025E-4 0.0
4 2 -344833417 0 0.0 1500 2998 1
0 0 0 0 2 0.0 2998 -6.6711140760507E-4 0.0
4 2 1700174222 0 0.0 1500 2995 1
0 0 0 0 1 0.0 2995 -3.33889816360601E-4 0.0
4 2 -304570294 0 0.0 1500 2997 1
0 0 0 0 1 0.0 2997 -3.33667000333667E-4 0.0
4 2 -262907018 0 0.0 1500 2995 1
0 0 0 0 1 0.0 2995 -3.33889816360601E-4 0.0
4 2 826854850 0 0.0 1500 2999 1
0 0 0 0 1 0.0 2999 -3.3344448149383126E-4 0.0
4 2 1707091862 0 0.0 1500 3000 1
0 0 0 0 2 0.0 3000 -6.666666666666666E-4 0.0
4 2 -2116938035 0 0.0 1500 2997 1
0 0 0 0 1 0.0 2997 -3.33667000333667E-4 0.0
4 2 -619645911 0 0.0 1500 3000 1
0 0 0 0 2 0.0 3000 -6.666666666666666E-4 0.0
4 2 872303071 0 0.0 1500 2997 1
0 0 0 0 1 0.0 2997 -3.33667000333667E-4 0.0
4 2 1831871177 0 0.0 1500 2995 1
0 0 0 0 1 0.0 2995 -3.33889816360601E-4 0.0
4 2 1471967337 0 0.0 1500 2997 1
0 0 0 0 1 0.0 2997 -3.33667000333667E-4 0.0
4 2 329380655 0 0.0 1500 2998 1
0 0 0 0 2 0.0 2998 -6.6711140760507E-4 0.0
4 2 -1181914976 0 0.0 1500 4496 1
0 0 0 0 2 0.0 4496 -4.4483985765124553E-4 0.0
4 2 787734395 0 0.0 1500 4497 1
0 0 0 0 3 0.0 4497 -6.6711140760507E-4 0.0
4 2 2076209976 0 0.0 1500 2997 1
0 0 0 0 1 0.0 2997 -3.33667000333667E-4 0.0
4 2 -1683559706 0 0.0 1500 2995 1
0 0 0 0 1 0.0 2995 -3.33889816360601E-4 0.0
4 2 -295646895 0 0.0 1500 4497 1
0 0 0 0 3 0.0 4497 -6.6711140760507E-4 0.0
4 2 612535037 0 0.0 1500 2998 1
0 0 0 0 2 0.0 2998 -6.6711140760507E-4 0.0
4 3 -1013527168 0 0.0 1500 76134 2
0 0 0 0 82 0.0 76105 -0.001077458774062151 0.0
1 6 0 0 0 29.0 29 0.0 1.0
4 3 1578417713 0 1.0 1500 86342 2
0 0 0 0 31 0.0 86302 -3.592037264489815E-4 0.0
1 6 0 0 0 40.0 40 0.0 1.0
4 3 -1487197622 0 1.0 1500 79127 3
0 0 0 0 80 -4.0 78984 -0.0010128633647320977 -5.064316823660488E-5
1 5 0 0 5 -5.0 5 -1.0 -1.0
2 6 0 0 0 147.0 138 0.0 1.065217391304348
4 3 -948442819 0 2.0 1500 88020 2
0 0 0 0 66 0.0 87949 -7.504349111416844E-4 0.0
1 6 0 0 0 71.0 71 0.0 1.0
4 3 1308995830 0 0.0 1500 88840 3
0 0 0 0 68 0.0 88761 -7.661022295828122E-4 0.0
1 5 0 0 1 -1.0 1 -1.0 -1.0
2 6 0 0 0 78.0 78 0.0 1.0
4 3 -1050146480 0 1.0 1500 85567 2
0 0 0 0 64 0.0 85542 -7.481704893502607E-4 0.0
1 6 0 0 0 25.0 25 0.0 1.0
4 3 -1916608557 0 1.0 1500 84066 3
0 0 0 0 84 0.0 83991 -0.0010001071543379648 0.0
1 5 0 0 2 -2.0 2 -1.0 -1.0
2 6 0 0 0 73.0 73 0.0 1.0
4 3 -1864046085 0 1.0 1500 82832 2
0 0 0 0 79 0.0 82735 -9.548558651115006E-4 0.0
1 6 0 0 0 97.0 97 0.0 1.0
4 3 1787919783 0 1.0 1500 102697 2
0 0 0 0 80 0.0 102634 -7.794687920182396E-4 0.0
1 6 0 0 0 63.0 63 0.0 1.0
4 3 1214342560 0 0.0 1500 94163 1
0 0 0 0 100 0.0 94163 -0.0010619882544099062 0.0
4 3 762746586 0 0.0 1500 99125 1
0 0 0 0 67 0.0 99125 -6.759142496847415E-4 0.0
4 3 -1687714589 0 1.0 1500 88923 2
0 0 0 0 99 0.0 88878 -0.0011138864510902586 0.0
1 6 0 0 0 45.0 45 0.0 1.0
4 3 -218097153 0 1.0 1500 91897 2
0 0 0 0 54 0.0 91854 -5.878894767783657E-4 0.0
1 6 0 0 0 43.0 43 0.0 1.0
4 3 -1816543682 0 1.0 1500 83925 2
0 0 0 0 70 0.0 83900 -8.34326579261025E-4 0.0
1 6 0 0 0 25.0 25 0.0 1.0
4 3 -1413247606 0 1.0 1500 101118 2
0 0 0 0 82 0.0 101102 -8.110620957053273E-4 0.0
1 6 0 0 0 16.0 16 0.0 1.0
4 3 -1526547708 0 0.0 1358 70040 3
0 0 0 0 93 -93.0 69750 -0.0013333333333333333 -0.0013333333333333333
1 5 0 0 250 -250.0 250 -1.0 -1.0
2 6 0 0 0 40.0 40 0.0 1.0
4 3 -634898605 0 1.0 1500 92381 2
0 0 0 0 97 0.0 92348 -0.0010503746697275522 0.0
1 6 0 0 0 33.0 33 0.0 1.0
4 3 -1908566628 0 0.0 1500 100730 3
0 0 0 0 90 -3.0 100691 -8.938236783823778E-4 -2.9794122612745925E-5
1 5 0 0 4 -4.0 4 -1.0 -1.0
2 6 0 0 0 35.0 35 0.0 1.0
4 3 103184321 0 0.0 1500 99644 2
0 0 0 0 126 0.0 99633 -0.0012646412333263077 0.0
1 6 0 0 0 11.0 11 0.0 1.0
4 3 1847626059 0 1.0 1500 81906 3
0 0 0 0 69 0.0 81866 -8.428407397454376E-4 0.0
1 5 0 0 1 -1.0 1 -1.0 -1.0
2 6 0 0 0 41.0 39 0.0 1.0512820512820513
4 4 -169589077 0 0.0 1500 76147 2
0 0 0 0 99 0.0 76130 -0.001300407198213582 0.0
1 6 0 0 0 17.0 17 0.0 1.0
4 4 -72262547 0 1.0 1500 97616 2
0 0 0 0 103 0.0 97596 -0.0010553711217672855 0.0
1 6 0 0 0 20.0 20 0.0 1.0
4 4 12293618 0 0.0 1500 101838 2
0 0 0 0 99 0.0 101837 -9.721417559433212E-4 0.0
1 6 0 0 0 1.0 1 0.0 1.0
4 4 -1936228174 0 1.0 1500 100167 2
0 0 0 0 109 0.0 100134 -0.0010885413545848562 0.0
1 6 0 0 0 33.0 33 0.0 1.0
4 4 -914550376 0 2.0 1500 86820 2
0 0 0 0 95 0.0 86753 -0.0010950629949396562 0.0
1 6 0 0 0 67.0 67 0.0 1.0
4 4 1235264709 0 1.0 1500 93223 2
0 0 0 0 85 0.0 93191 -9.121052462147633E-4 0.0
1 6 0 0 0 32.0 32 0.0 1.0
4 4 -1580462467 0 1.0 1500 100651 2
0 0 0 0 114 0.0 100618 -0.001132998071915562 0.0
1 6 0 0 0 33.0 33 0.0 1.0
4 4 -1556696534 0 1.0 1500 86483 2
0 0 0 0 77 0.0 86449 -8.906985621580354E-4 0.0
1 6 0 0 0 34.0 34 0.0 1.0
4 4 -1073340758 0 1.0 1500 100898 2
0 0 0 0 67 0.0 100814 -6.64590235483167E-4 0.0
1 6 0 0 0 84.0 84 0.0 1.0
4 4 844185386 0 1.0 1500 88323 2
0 0 0 0 100 0.0 88274 -0.0011328363957677232 0.0
1 6 0 0 0 49.0 49 0.0 1.0
4 4 272471723 0 1.0 1500 90578 2
0 0 0 0 107 0.0 90531 -0.0011819155869260253 0.0
1 6 0 0 0 47.0 47 0.0 1.0
4 4 348104242 0 0.0 1500 82711 2
0 0 0 0 52 0.0 82699 -6.287863214790989E-4 0.0
1 6 0 0 0 12.0 12 0.0 1.0
4 4 -124794543 0 0.0 1500 101087 2
0 0 0 0 107 0.0 101065 -0.0010587245831890368 0.0
1 6 0 0 0 22.0 22 0.0 1.0
4 4 -2005163190 0 0.0 1500 92986 2
0 0 0 0 79 0.0 92941 -8.500016139271151E-4 0.0
1 6 0 0 0 45.0 45 0.0 1.0
4 4 617752611 0 2.0 1500 89508 2
0 0 0 0 67 0.0 89438 -7.491222970102193E-4 0.0
1 6 0 0 0 70.0 70 0.0 1.0
4 4 832866257 0 2.0 1500 81320 3
0 0 0 0 101 -3.0 81184 -0.0012440875049270792 -3.695309420575483E-5
1 5 0 0 4 -4.0 4 -1.0 -1.0
2 6 0 0 0 132.0 132 0.0 1.0
4 4 1013818272 0 2.0 1500 84198 2
0 0 0 0 81 0.0 84146 -9.626126019062106E-4 0.0
1 6 0 0 0 53.0 52 0.0 1.0192307692307692
4 4 1154652338 0 1.0 1500 78631 2
0 0 0 0 56 0.0 78604 -7.124319373059895E-4 0.0
1 6 0 0 0 27.0 27 0.0 1.0
4 4 1236025487 0 2.0 1500 83546 3
0 0 0 0 128 -3.0 83492 -0.0015330810137498204 -3.593158625976141E-5
1 5 0 0 3 -3.0 3 -1.0 -1.0
2 6 0 0 0 51.0 51 0.0 1.0
4 4 -215190218 0 1.0 1500 103769 2
0 0 0 0 70 0.0 103738 -6.747768416587943E-4 0.0
1 6 0 0 0 31.0 31 0.0 1.0
