7 0 -1845820838 0 11.0 1500 110538 10
0 0 0 0 9 -9.0 39396 -2.2844958879074018E-4 -2.2844958879074018E-4
1 4 0 0 0 0.0 2068 0.0 0.0
2 5 0 0 2 725.0 727 -0.002751031636863824 0.9972489683631361
3 8 0 0 0 22.0 58 0.0 0.3793103448275862
4 9 0 0 0 0.0 375 0.0 0.0
5 11 0 0 167 -165.0 167 -1.0 -0.9880239520958084
6 12 0 0 22 0.0 22 -1.0 0.0
7 0 1 0 6 -6.0 6515 -9.20951650038373E-4 -9.20951650038373E-4
8 4 1 0 0 0.0 99 0.0 0.0
9 6 1 0 39 277.0 61111 -6.381829785145063E-4 0.004532735514064571
7 0 -995901907 0 31.0 1500 118691 10
0 0 0 0 21 484.0 46860 -4.4814340588988477E-4 0.010328638497652582
1 4 0 0 1 0.0 6871 -1.4553922282055013E-4 0.0
2 5 0 0 2 756.0 757 -0.002642007926023778 0.9986789960369881
3 8 0 0 0 0.0 220 0.0 0.0
4 9 0 0 0 0.0 1358 0.0 0.0
5 11 0 0 105 -102.0 105 -1.0 -0.9714285714285714
6 12 0 0 52 0.0 52 -1.0 0.0
7 0 1 0 14 46.0 5923 -0.002363667060611177 0.007766334627722438
8 4 1 0 1 -1.0 269 -0.0037174721189591076 -0.0037174721189591076
9 6 1 0 58 1064.0 56276 -0.001030634728836449 0.01890681640486175
7 0 -108065143 0 13.0 1500 120945 10
0 0 0 0 15 -5.0 52361 -2.864727564408625E-4 -9.549091881362082E-5
1 4 0 0 0 0.0 448 0.0 0.0
2 5 0 0 2 827.0 829 -0.0024125452352231603 0.9975874547647768
3 8 0 0 0 0.0 81 0.0 0.0
4 9 0 0 0 0.0 1346 0.0 0.0
5 11 0 0 96 -96.0 96 -1.0 -1.0
6 12 0 0 7 0.0 7 -1.0 0.0
7 0 1 0 7 -2.0 7933 -8.823900163872432E-4 -2.5211143325349803E-4
8 4 1 0 0 0.0 49 0.0 0.0
9 6 1 0 40 294.0 57795 -6.921013928540531E-4 0.00508694523747729
7 0 238382114 0 14.0 1500 115925 10
0 0 0 0 12 -7.0 40291 -2.978332630115907E-4 -1.7373607009009455E-4
1 4 0 0 1 -1.0 6401 -1.562255897516013E-4 -1.562255897516013E-4
2 5 0 0 2 765.0 768 -0.0026041666666666665 0.99609375
3 8 0 0 0 0.0 423 0.0 0.0
4 9 0 0 0 0.0 1437 0.0 0.0
5 11 0 0 201 -202.0 201 -1.0 -1.0049751243781095
6 12 0 0 104 0.0 104 -1.0 0.0
7 0 1 0 4 0.0 6689 -5.979967110180894E-4 0.0
8 4 1 0 0 0.0 260 0.0 0.0
9 6 1 0 91 179.0 59351 -0.001533251335276575 0.0030159559232363397
7 0 60727141 0 10.0 1500 120935 10
0 0 0 0 0 0.0 48416 0.0 0.0
1 4 0 0 0 0.0 2807 0.0 0.0
2 5 0 0 0 582.0 582 0.0 1.0
3 8 0 0 0 0.0 62 0.0 0.0
4 9 0 0 0 0.0 283 0.0 0.0
5 11 0 0 112 -112.0 112 -1.0 -1.0
6 12 0 0 24 -2.0 24 -1.0 -0.08333333333333333
7 0 1 0 1 -1.0 6472 -1.5451174289245981E-4 -1.5451174289245981E-4
8 4 1 0 0 0.0 136 0.0 0.0
9 6 1 0 29 246.0 62041 -4.6743282667913155E-4 0.003965119840105736
7 0 347682224 0 30.0 1500 125752 10
0 0 0 0 8 144.0 49447 -1.6178939066070742E-4 0.0029122090318927335
1 4 0 0 0 0.0 784 0.0 0.0
2 5 0 0 3 772.0 777 -0.003861003861003861 0.9935649935649936
3 8 0 0 0 0.0 1034 0.0 0.0
4 9 0 0 6 0.0 4416 -0.001358695652173913 0.0
5 11 0 0 113 -134.0 113 -1.0 -1.1858407079646018
6 12 0 0 9 0.0 9 -1.0 0.0
7 0 1 0 3 7.0 7798 -3.8471402923826624E-4 8.976660682226212E-4
8 4 1 0 0 0.0 94 0.0 0.0
9 6 1 0 38 1382.0 61280 -6.201044386422976E-4 0.022552219321148825
7 0 -1223445273 0 15.0 1500 121464 10
0 0 0 0 4 15.0 50978 -7.846522029110597E-5 2.9424457609164735E-4
1 4 0 0 0 0.0 2810 0.0 0.0
2 5 0 0 1 794.0 798 -0.0012531328320802004 0.9949874686716792
3 8 0 0 0 0.0 751 0.0 0.0
4 9 0 0 1 0.0 3291 -3.0385900941962927E-4 0.0
5 11 0 0 72 -103.0 72 -1.0 -1.4305555555555556
6 12 0 0 13 0.0 13 -1.0 0.0
7 0 1 0 2 -2.0 6787 -2.946810078090467E-4 -2.946810078090467E-4
8 4 1 0 0 0.0 98 0.0 0.0
9 6 1 0 21 315.0 55866 -3.7589947374073676E-4 0.0056384921061110515
7 0 719673995 0 11.0 1500 116569 10
0 0 0 0 26 -8.0 49024 -5.303524804177546E-4 -1.6318537859007833E-4
1 4 0 0 0 0.0 519 0.0 0.0
2 5 0 0 2 690.0 694 -0.002881844380403458 0.9942363112391931
3 8 0 0 0 0.0 168 0.0 0.0
4 9 0 0 0 0.0 559 0.0 0.0
5 11 0 0 120 -120.0 120 -1.0 -1.0
6 12 0 0 32 0.0 32 -1.0 0.0
7 0 1 0 4 -2.0 6885 -5.809731299927379E-4 -2.9048656499636893E-4
8 4 1 0 0 0.0 55 0.0 0.0
9 6 1 0 42 225.0 58513 -7.177892092355545E-4 0.0038452993351904704
7 0 -112321130 0 12.0 1500 106364 9
0 0 0 0 6 -6.0 38180 -1.571503404924044E-4 -1.571503404924044E-4
1 4 0 0 1 0.0 4727 -2.115506663845991E-4 0.0
2 5 0 0 8 644.0 652 -0.012269938650306749 0.9877300613496932
3 9 0 0 0 0.0 85 0.0 0.0
4 11 0 0 186 -178.0 186 -1.0 -0.956989247311828
5 12 0 0 11 0.0 11 -1.0 0.0
6 0 1 0 0 0.0 4133 0.0 0.0
7 4 1 0 3 0.0 167 -0.017964071856287425 0.0
8 6 1 0 54 275.0 58223 -9.274685261838105E-4 0.004723219346306443
7 0 -542573104 0 10.0 1500 111034 9
0 0 0 0 6 -6.0 33719 -1.7794122008363237E-4 -1.7794122008363237E-4
1 4 0 0 0 0.0 5367 0.0 0.0
2 5 0 0 0 550.0 550 0.0 1.0
3 9 0 0 0 0.0 116 0.0 0.0
4 11 0 0 222 -226.0 222 -1.0 -1.018018018018018
5 12 0 0 31 0.0 31 -1.0 0.0
6 0 1 0 2 -2.0 5560 -3.5971223021582735E-4 -3.5971223021582735E-4
7 4 1 0 0 0.0 196 0.0 0.0
8 6 1 0 59 358.0 65273 -9.038959447244649E-4 0.005484656749345058
7 0 1368214251 0 11.0 1500 115190 10
0 0 0 0 10 -9.0 46508 -2.1501677130816204E-4 -1.9351509417734583E-4
1 4 0 0 0 0.0 230 0.0 0.0
2 5 0 0 1 619.0 620 -0.0016129032258064516 0.9983870967741936
3 8 0 0 0 0.0 457 0.0 0.0
4 9 0 0 1 1.0 4351 -2.2983222247759135E-4 2.2983222247759135E-4
5 11 0 0 231 -237.0 231 -1.0 -1.025974025974026
6 12 0 0 13 0.0 13 -1.0 0.0
7 0 1 0 3 -1.0 6188 -4.848093083387201E-4 -1.6160310277957336E-4
8 4 1 0 0 0.0 23 0.0 0.0
9 6 1 0 77 52.0 56569 -0.0013611695451572416 9.192313811451501E-4
7 0 1935446507 0 9.0 1500 117669 10
0 0 0 0 9 -6.0 48565 -1.853186451147946E-4 -1.2354576340986307E-4
1 4 0 0 0 0.0 4424 0.0 0.0
2 5 0 0 0 521.0 521 0.0 1.0
3 8 0 0 0 0.0 529 0.0 0.0
4 9 0 0 3 -1.0 2757 -0.001088139281828074 -3.627130939426913E-4
5 11 0 0 106 -106.0 106 -1.0 -1.0
6 12 0 0 47 0.0 47 -1.0 0.0
7 0 1 0 3 0.0 6760 -4.437869822485207E-4 0.0
8 4 1 0 0 0.0 205 0.0 0.0
9 6 1 0 103 172.0 53755 -0.0019161008278299693 0.003199702353269463
7 0 2036545748 0 4.0 1500 117768 9
0 0 0 0 5 -5.0 47493 -1.0527867264649527E-4 -1.0527867264649527E-4
1 4 0 0 0 0.0 5954 0.0 0.0
2 5 0 0 0 320.0 320 0.0 1.0
3 9 0 0 0 0.0 291 0.0 0.0
4 11 0 0 75 -75.0 75 -1.0 -1.0
5 12 0 0 29 0.0 29 -1.0 0.0
6 0 1 0 0 0.0 7305 0.0 0.0
7 4 1 0 0 0.0 218 0.0 0.0
8 6 1 0 54 166.0 56083 -9.628586202592586E-4 0.002959898721537721
7 0 -656347556 0 14.0 1500 117353 9
0 0 0 0 7 -7.0 41491 -1.6871128678508593E-4 -1.6871128678508593E-4
1 4 0 0 4 -1.0 5114 -7.821666014861165E-4 -1.9554165037152912E-4
2 5 0 0 8 1002.0 1010 -0.007920792079207921 0.9920792079207921
3 9 0 0 0 0.0 114 0.0 0.0
4 11 0 0 288 -284.0 288 -1.0 -0.9861111111111112
5 12 0 0 29 -1.0 29 -1.0 -0.034482758620689655
6 0 1 0 1 -1.0 6503 -1.5377518068583732E-4 -1.5377518068583732E-4
7 4 1 0 3 0.0 220 -0.013636363636363636 0.0
8 6 1 0 107 281.0 62584 -0.0017097021602965614 0.004489965486386297
7 0 1861215420 0 16.0 1500 122474 10
0 0 0 0 11 -6.0 47066 -2.3371435856031956E-4 -1.2748055921471974E-4
1 4 0 0 0 0.0 1505 0.0 0.0
2 5 0 0 2 785.0 787 -0.0025412960609911056 0.9974587039390089
3 8 0 0 0 6.0 494 0.0 0.012145748987854251
4 9 0 0 2 1.0 2016 -9.92063492063492E-4 4.96031746031746E-4
5 11 0 0 143 -141.0 143 -1.0 -0.986013986013986
6 12 0 0 16 -4.0 16 -1.0 -0.25
7 0 1 0 5 0.0 7556 -6.617257808364214E-4 0.0
8 4 1 0 0 0.0 125 0.0 0.0
9 6 1 0 41 292.0 62766 -6.532198961221043E-4 0.0046522002357964505
7 0 422500356 0 10.0 1500 124605 10
0 0 0 0 10 -5.0 52593 -1.9013937215979314E-4 -9.506968607989657E-5
1 4 0 0 0 0.0 2861 0.0 0.0
2 5 0 0 0 571.0 571 0.0 1.0
3 8 0 0 0 0.0 498 0.0 0.0
4 9 0 0 0 0.0 2082 0.0 0.0
5 11 0 0 15 -15.0 15 -1.0 -1.0
6 12 0 0 22 0.0 22 -1.0 0.0
7 0 1 0 5 -1.0 7583 -6.593696426216537E-4 -1.3187392852433074E-4
8 4 1 0 0 0.0 148 0.0 0.0
9 6 1 0 17 318.0 58232 -2.919357054540459E-4 0.0054609149608462705
7 0 -1733352611 0 10.0 1500 115047 10
0 0 0 0 14 -12.0 40912 -3.42197888150176E-4 -2.933124755572937E-4
1 4 0 0 0 0.0 376 0.0 0.0
2 5 0 0 4 596.0 600 -0.006666666666666667 0.9933333333333333
3 8 0 0 0 0.0 908 0.0 0.0
4 9 0 0 0 0.0 3211 0.0 0.0
5 11 0 0 96 -97.0 96 -1.0 -1.0104166666666667
6 12 0 0 9 0.0 9 -1.0 0.0
7 0 1 0 3 -1.0 6362 -4.7154982709839675E-4 -1.5718327569946557E-4
8 4 1 0 0 0.0 67 0.0 0.0
9 6 1 0 41 207.0 62506 -6.559370300451157E-4 0.003311682078520462
7 0 1649885645 0 11.0 1500 115648 9
0 0 0 0 12 -8.0 38970 -3.0792917628945344E-4 -2.0528611752630227E-4
1 4 0 0 0 0.0 314 0.0 0.0
2 5 0 0 3 641.0 644 -0.004658385093167702 0.9953416149068323
3 9 0 0 0 0.0 634 0.0 0.0
4 11 0 0 220 -222.0 220 -1.0 -1.009090909090909
5 12 0 0 4 0.0 4 -1.0 0.0
6 0 1 0 3 -1.0 6368 -4.7110552763819093E-4 -1.57035175879397E-4
7 4 1 0 0 0.0 25 0.0 0.0
8 6 1 0 114 345.0 68469 -0.0016649870744424485 0.005038776672654778
7 0 1840762541 0 17.0 1500 119618 9
0 0 0 0 9 -7.0 47376 -1.8996960486322188E-4 -1.4775413711583924E-4
1 4 0 0 0 0.0 342 0.0 0.0
2 5 0 0 0 971.0 971 0.0 1.0
3 9 0 0 0 0.0 795 0.0 0.0
4 11 0 0 222 -222.0 222 -1.0 -1.0
5 12 0 0 8 0.0 8 -1.0 0.0
6 0 1 0 0 0.0 7000 0.0 0.0
7 4 1 0 0 0.0 48 0.0 0.0
8 6 1 0 62 302.0 62856 -9.863815705740105E-4 0.0048046328115056635
7 0 1625644156 0 10.0 1500 114058 10
0 0 0 0 7 -3.0 41899 -1.67068426454092E-4 -7.160075419461085E-5
1 4 0 0 0 0.0 2905 0.0 0.0
2 5 0 0 5 622.0 623 -0.008025682182985553 0.9983948635634029
3 8 0 0 0 0.0 227 0.0 0.0
4 9 0 0 0 0.0 1866 0.0 0.0
5 11 0 0 84 -85.0 84 -1.0 -1.0119047619047619
6 12 0 0 17 -1.0 17 -1.0 -0.058823529411764705
7 0 1 0 2 0.0 5746 -3.480682213713888E-4 0.0
8 4 1 0 0 0.0 115 0.0 0.0
9 6 1 0 32 124.0 60576 -5.282620179609086E-4 0.002047015319598521
7 1 1509786841 0 9.0 1500 44384 10
0 0 0 0 7 -7.0 7093 -9.86888481601579E-4 -9.86888481601579E-4
1 4 0 0 0 0.0 397 0.0 0.0
2 5 0 0 29 726.0 754 -0.038461538461538464 0.9628647214854111
3 8 0 0 0 0.0 52 0.0 0.0
4 9 0 0 0 0.0 84 0.0 0.0
5 11 0 0 523 -496.0 523 -1.0 -0.9483747609942639
6 12 0 0 61 1.0 61 -1.0 0.01639344262295082
7 0 1 0 2 -2.0 5049 -3.961180431768667E-4 -3.961180431768667E-4
8 4 1 0 0 0.0 204 0.0 0.0
9 6 1 0 78 34.0 30167 -0.002585606788875261 0.0011270593695097292
7 1 -490204139 0 12.0 1500 44273 10
0 0 0 0 22 -20.0 6384 -0.003446115288220551 -0.003132832080200501
1 4 0 0 2 -2.0 619 -0.0032310177705977385 -0.0032310177705977385
2 5 0 0 14 480.0 494 -0.02834008097165992 0.97165991902834
3 8 0 0 0 0.0 1 0.0 0.0
4 9 0 0 0 0.0 84 0.0 0.0
5 11 0 0 797 -824.0 797 -1.0 -1.0338770388958596
6 12 0 0 107 0.0 107 -1.0 0.0
7 0 1 0 7 -3.0 4372 -0.0016010978956999085 -6.861848124428179E-4
8 4 1 0 1 -1.0 302 -0.0033112582781456954 -0.0033112582781456954
9 6 1 0 186 -73.0 31113 -0.0059782084659145696 -0.002346286118342815
7 1 42123874 0 10.0 1500 48663 10
0 0 0 0 10 -5.0 8404 -0.0011899095668729176 -5.949547834364588E-4
1 4 0 0 1 -1.0 316 -0.0031645569620253164 -0.0031645569620253164
2 5 0 0 16 636.0 651 -0.02457757296466974 0.9769585253456221
3 8 0 0 0 0.0 34 0.0 0.0
4 9 0 0 0 0.0 67 0.0 0.0
5 11 0 0 456 -445.0 456 -1.0 -0.9758771929824561
6 12 0 0 91 1.0 91 -1.0 0.01098901098901099
7 0 1 0 14 -10.0 5647 -0.0024791924915884543 -0.0017708517797060386
8 4 1 0 0 0.0 178 0.0 0.0
9 6 1 0 93 32.0 32819 -0.0028337243669825404 9.750449434778634E-4
7 1 -211503862 0 8.0 1500 45105 10
0 0 0 0 29 -10.0 7636 -0.0037977998952331065 -0.0013095861707700367
1 4 0 0 0 0.0 306 0.0 0.0
2 5 0 0 9 510.0 519 -0.017341040462427744 0.9826589595375722
3 8 0 0 0 0.0 159 0.0 0.0
4 9 0 0 0 0.0 112 0.0 0.0
5 11 0 0 396 -388.0 396 -1.0 -0.9797979797979798
6 12 0 0 74 0.0 74 -1.0 0.0
7 0 1 0 19 -4.0 4966 -0.0038260169150221507 -8.054772452678212E-4
8 4 1 0 0 0.0 190 0.0 0.0
9 6 1 0 63 52.0 30747 -0.002048980388330569 0.0016912219078284061
7 1 -1334927362 0 12.0 1500 44966 10
0 0 0 0 19 17.0 6716 -0.002829064919594997 0.0025312686122692077
1 4 0 0 1 1.0 250 -0.004 0.004
2 5 0 0 15 397.0 412 -0.03640776699029126 0.9635922330097088
3 8 0 0 0 0.0 34 0.0 0.0
4 9 0 0 0 0.0 380 0.0 0.0
5 11 0 0 595 -585.0 595 -1.0 -0.9831932773109243
6 12 0 0 48 -1.0 48 -1.0 -0.020833333333333332
7 0 1 0 3 16.0 4557 -6.583278472679394E-4 0.003511081852095677
8 4 1 0 1 -1.0 140 -0.007142857142857143 -0.007142857142857143
9 6 1 0 143 54.0 31834 -0.004492052522460262 0.0016962995539360432
7 1 -1841089323 0 12.0 1500 42216 10
0 0 0 0 3 -3.0 5884 -5.098572399728076E-4 -5.098572399728076E-4
1 4 0 0 0 0.0 179 0.0 0.0
2 5 0 0 2 453.0 455 -0.004395604395604396 0.9956043956043956
3 8 0 0 0 0.0 2 0.0 0.0
4 9 0 0 0 0.0 28 0.0 0.0
5 11 0 0 580 -615.0 580 -1.0 -1.0603448275862069
6 12 0 0 29 0.0 29 -1.0 0.0
7 0 1 0 0 0.0 3896 0.0 0.0
8 4 1 0 0 0.0 111 0.0 0.0
9 6 1 0 100 -7.0 31052 -0.0032204044828030402 -2.254283137962128E-4
7 1 -2127354685 0 2.0 499 15994 10
0 0 0 0 4 -4.0 2963 -0.0013499831252109348 -0.0013499831252109348
1 4 0 0 0 0.0 79 0.0 0.0
2 5 0 0 1 188.0 189 -0.005291005291005291 0.9947089947089947
3 8 0 0 0 0.0 77 0.0 0.0
4 9 0 0 0 0.0 61 0.0 0.0
5 11 0 0 281 -280.0 281 -1.0 -0.99644128113879
6 12 0 0 13 0.0 13 -1.0 0.0
7 0 1 0 8 -8.0 2032 -0.003937007874015748 -0.003937007874015748
8 4 1 0 0 0.0 33 0.0 0.0
9 6 1 0 28 -9.0 10266 -0.0027274498344048315 -8.766803039158387E-4
7 1 -72504763 0 3.0 443 15147 9
0 0 0 0 1 -1.0 2853 -3.505082369435682E-4 -3.505082369435682E-4
1 4 0 0 0 0.0 102 0.0 0.0
2 5 0 0 7 179.0 186 -0.03763440860215054 0.9623655913978495
3 9 0 0 0 0.0 28 0.0 0.0
4 11 0 0 527 -520.0 527 -1.0 -0.9867172675521821
5 12 0 0 36 0.0 36 -1.0 0.0
6 0 1 0 8 -8.0 1999 -0.00400200100050025 -0.00400200100050025
7 4 1 0 0 0.0 81 0.0 0.0
8 6 1 0 76 -55.0 9335 -0.008141403320835565 -0.0058918050348152114
7 1 57825162 0 12.0 1500 51609 10
0 0 0 0 12 -8.0 9124 -0.00131521262604121 -8.768084173608067E-4
1 4 0 0 0 0.0 221 0.0 0.0
2 5 0 0 13 649.0 661 -0.019667170953101363 0.9818456883509834
3 8 0 0 0 1.0 62 0.0 0.016129032258064516
4 9 0 0 0 4.0 305 0.0 0.013114754098360656
5 11 0 0 356 -344.0 356 -1.0 -0.9662921348314607
6 12 0 0 37 1.0 37 -1.0 0.02702702702702703
7 0 1 0 5 -1.0 6306 -7.92895654931811E-4 -1.585791309863622E-4
8 4 1 0 0 0.0 160 0.0 0.0
9 6 1 0 80 66.0 34377 -0.0023271373301916977 0.0019198882974081509
7 1 56148419 0 13.0 1500 46962 10
0 0 0 0 6 -6.0 7295 -8.224811514736121E-4 -8.224811514736121E-4
1 4 0 0 0 0.0 599 0.0 0.0
2 5 0 0 10 508.0 517 -0.019342359767891684 0.9825918762088974
3 8 0 0 0 0.0 98 0.0 0.0
4 9 0 0 0 2.0 191 0.0 0.010471204188481676
5 11 0 0 440 -431.0 440 -1.0 -0.9795454545454545
6 12 0 0 100 -1.0 100 -1.0 -0.01
7 0 1 0 3 -3.0 5073 -5.913660555884093E-4 -5.913660555884093E-4
8 4 1 0 0 0.0 267 0.0 0.0
9 6 1 0 105 20.0 32382 -0.00324254215304799 6.176270767710456E-4
7 1 276556051 0 18.0 1500 49291 9
0 0 0 0 19 28.0 9490 -0.0020021074815595365 0.0029504741833508955
1 4 0 0 0 0.0 236 0.0 0.0
2 5 0 0 5 368.0 372 -0.013440860215053764 0.989247311827957
3 9 0 0 0 0.0 121 0.0 0.0
4 11 0 0 841 -843.0 841 -1.0 -1.0023781212841856
5 12 0 0 44 1.0 44 -1.0 0.022727272727272728
6 0 1 0 9 12.0 6209 -0.0014495087775809308 0.0019326783701079078
7 4 1 0 0 0.0 143 0.0 0.0
8 6 1 0 118 277.0 31835 -0.0037066122192555362 0.008701115124862572
7 1 1211425265 0 18.0 1500 46751 10
0 0 0 0 17 -15.0 7331 -0.0023189196562542628 -0.002046105579047879
1 4 0 0 0 0.0 324 0.0 0.0
2 5 0 0 7 691.0 697 -0.010043041606886656 0.9913916786226685
3 8 0 0 2 -2.0 232 -0.008620689655172414 -0.008620689655172414
4 9 0 0 3 3.0 216 -0.013888888888888888 0.013888888888888888
5 11 0 0 538 -542.0 538 -1.0 -1.0074349442379182
6 12 0 0 67 1.0 67 -1.0 0.014925373134328358
7 0 1 0 11 -6.0 4983 -0.002207505518763797 -0.0012040939193257074
8 4 1 0 0 0.0 217 0.0 0.0
9 6 1 0 105 121.0 32146 -0.0032663472904871523 0.003764076401418528
7 1 884487948 0 11.0 1500 45576 10
0 0 0 0 17 -12.0 7557 -0.002249569935159455 -0.0015879317189360857
1 4 0 0 0 0.0 357 0.0 0.0
2 5 0 0 8 483.0 490 -0.0163265306122449 0.9857142857142858
3 8 0 0 0 2.0 183 0.0 0.01092896174863388
4 9 0 0 1 -1.0 411 -0.0024330900243309003 -0.0024330900243309003
5 11 0 0 418 -413.0 418 -1.0 -0.9880382775119617
6 12 0 0 72 1.0 72 -1.0 0.013888888888888888
7 0 1 0 4 -3.0 4881 -8.195041999590248E-4 -6.146281499692685E-4
8 4 1 0 0 0.0 213 0.0 0.0
9 6 1 0 168 50.0 30994 -0.005420403949151448 0.0016132154610569787
7 1 -630720954 0 10.0 1500 50339 10
0 0 0 0 15 -12.0 8932 -0.0016793551276309898 -0.0013434841021047917
1 4 0 0 1 -1.0 383 -0.0026109660574412533 -0.0026109660574412533
2 5 0 0 7 597.0 604 -0.011589403973509934 0.9884105960264901
3 8 0 0 2 27.0 100 -0.02 0.27
4 9 0 0 1 1.0 169 -0.005917159763313609 0.005917159763313609
5 11 0 0 262 -253.0 262 -1.0 -0.9656488549618321
6 12 0 0 75 -1.0 75 -1.0 -0.013333333333333334
7 0 1 0 2 -1.0 6027 -3.318400530944085E-4 -1.6592002654720425E-4
8 4 1 0 0 0.0 228 0.0 0.0
9 6 1 0 82 31.0 33559 -0.002443457790756578 9.237462379689502E-4
7 1 -1378546250 0 9.0 1500 47721 10
0 0 0 0 32 -26.0 7807 -0.004098885615473293 -0.003330344562572051
1 4 0 0 0 0.0 220 0.0 0.0
2 5 0 0 7 598.0 609 -0.011494252873563218 0.9819376026272578
3 8 0 0 4 -4.0 166 -0.024096385542168676 -0.024096385542168676
4 9 0 0 0 0.0 89 0.0 0.0
5 11 0 0 544 -560.0 544 -1.0 -1.0294117647058822
6 12 0 0 37 0.0 37 -1.0 0.0
7 0 1 0 8 -3.0 5314 -0.0015054572826496049 -5.645464809936018E-4
8 4 1 0 0 0.0 120 0.0 0.0
9 6 1 0 104 66.0 32815 -0.003169282340393113 0.0020112753314033218
7 1 -18551190 0 15.0 1500 47635 10
0 0 0 0 19 -9.0 7836 -0.0024247064828994383 -0.0011485451761102604
1 4 0 0 0 0.0 537 0.0 0.0
2 5 0 0 26 786.0 811 -0.032059186189889025 0.969173859432799
3 8 0 0 0 0.0 84 0.0 0.0
4 9 0 0 0 0.0 93 0.0 0.0
5 11 0 0 902 -885.0 902 -1.0 -0.9811529933481153
6 12 0 0 88 -1.0 88 -1.0 -0.011363636363636364
7 0 1 0 19 -5.0 5410 -0.003512014787430684 -9.242144177449168E-4
8 4 1 0 0 0.0 234 0.0 0.0
9 6 1 0 160 -14.0 31640 -0.0050568900126422255 -4.424778761061947E-4
7 1 861271464 0 10.0 1500 51590 10
0 0 0 0 14 -14.0 9239 -0.0015153155103366164 -0.0015153155103366164
1 4 0 0 0 0.0 499 0.0 0.0
2 5 0 0 8 467.0 476 -0.01680672268907563 0.9810924369747899
3 8 0 0 0 25.0 95 0.0 0.2631578947368421
4 9 0 0 0 1.0 156 0.0 0.00641025641025641
5 11 0 0 322 -326.0 322 -1.0 -1.0124223602484472
6 12 0 0 99 -1.0 99 -1.0 -0.010101010101010102
7 0 1 0 2 -1.0 6053 -3.3041467041136624E-4 -1.6520733520568312E-4
8 4 1 0 0 0.0 309 0.0 0.0
9 6 1 0 63 23.0 34342 -0.0018344883815735833 6.697338535903558E-4
7 1 -1174361738 0 14.0 1500 44622 10
0 0 0 0 19 -13.0 6936 -0.0027393310265282586 -0.0018742791234140715
1 4 0 0 0 0.0 263 0.0 0.0
2 5 0 0 7 662.0 669 -0.01046337817638266 0.9895366218236173
3 8 0 0 0 38.0 174 0.0 0.21839080459770116
4 9 0 0 2 4.0 676 -0.0029585798816568047 0.005917159763313609
5 11 0 0 478 -469.0 478 -1.0 -0.9811715481171548
6 12 0 0 56 0.0 56 -1.0 0.0
7 0 1 0 5 -3.0 4557 -0.0010972130787798991 -6.583278472679394E-4
8 4 1 0 0 0.0 132 0.0 0.0
9 6 1 0 95 67.0 30681 -0.0030963788663994005 0.0021837619373553667
7 1 -1937080222 0 14.0 1500 45555 10
0 0 0 0 29 -21.0 7272 -0.003987898789878988 -0.0028877887788778876
1 4 0 0 0 0.0 762 0.0 0.0
2 5 0 0 25 789.0 814 -0.030712530712530713 0.9692874692874693
3 8 0 0 0 0.0 49 0.0 0.0
4 9 0 0 0 0.0 82 0.0 0.0
5 11 0 0 298 -276.0 298 -1.0 -0.9261744966442953
6 12 0 0 111 0.0 111 -1.0 0.0
7 0 1 0 7 -5.0 4728 -0.0014805414551607445 -0.0010575296108291032
8 4 1 0 1 -1.0 402 -0.0024875621890547263 -0.0024875621890547263
9 6 1 0 90 65.0 31037 -0.002899764796855366 0.0020942745755066533
7 1 465257751 0 17.0 1500 45268 10
0 0 0 0 19 -2.0 6718 -0.0028282226853230128 -2.9770765108663293E-4
1 4 0 0 1 -1.0 186 -0.005376344086021506 -0.005376344086021506
2 5 0 0 9 687.0 688 -0.01308139534883721 0.998546511627907
3 8 0 0 0 6.0 96 0.0 0.0625
4 9 0 0 0 5.0 795 0.0 0.006289308176100629
5 11 0 0 686 -677.0 686 -1.0 -0.9868804664723032
6 12 0 0 30 0.0 30 -1.0 0.0
7 0 1 0 5 9.0 4606 -0.0010855405992184109 0.0019539730785931393
8 4 1 0 0 0.0 99 0.0 0.0
9 6 1 0 86 238.0 31364 -0.0027419971942354293 0.007588317816605025
7 2 -566639678 0 1.0 331 940 6
0 0 0 0 0 0.0 225 0.0 0.0
1 5 0 0 0 4.0 4 0.0 1.0
2 9 0 0 0 0.0 152 0.0 0.0
3 11 0 0 6 -6.0 6 -1.0 -1.0
4 0 1 0 0 0.0 225 0.0 0.0
5 6 1 0 6 -6.0 328 -0.018292682926829267 -0.018292682926829267
7 2 1613248712 0 -1.0 827 4646 5
0 0 0 0 0 0.0 54 0.0 0.0
1 9 0 0 0 0.0 40 0.0 0.0
2 11 0 0 6 -6.0 6 -1.0 -1.0
3 0 1 0 0 0.0 54 0.0 0.0
4 6 1 0 6 -6.0 4492 -0.0013357079252003562 -0.0013357079252003562
7 2 2078739562 0 3.0 33 85 8
0 0 0 0 0 0.0 15 0.0 0.0
1 4 0 0 0 0.0 1 0.0 0.0
2 5 0 0 0 6.0 6 0.0 1.0
3 9 0 0 1 0.0 15 -0.06666666666666667 0.0
4 12 0 0 7 0.0 7 -1.0 0.0
5 0 1 0 0 0.0 15 0.0 0.0
6 4 1 0 0 0.0 2 0.0 0.0
7 6 1 0 1 0.0 24 -0.041666666666666664 0.0
7 2 79194053 0 -1.0 251 1154 5
0 0 0 0 0 0.0 75 0.0 0.0
1 9 0 0 0 0.0 52 0.0 0.0
2 11 0 0 6 -6.0 6 -1.0 -1.0
3 0 1 0 0 0.0 75 0.0 0.0
4 6 1 0 6 -6.0 946 -0.006342494714587738 -0.006342494714587738
7 2 -699023757 0 -1.0 1135 6168 5
0 0 0 0 0 0.0 132 0.0 0.0
1 9 0 0 0 0.0 92 0.0 0.0
2 11 0 0 6 -6.0 6 -1.0 -1.0
3 0 1 0 0 0.0 132 0.0 0.0
4 6 1 0 6 -6.0 5806 -0.0010334137099552187 -0.0010334137099552187
7 2 560588428 0 -1.0 543 2896 5
0 0 0 0 0 0.0 69 0.0 0.0
1 9 0 0 0 0.0 48 0.0 0.0
2 11 0 0 6 -6.0 6 -1.0 -1.0
3 0 1 0 0 0.0 69 0.0 0.0
4 6 1 0 6 -6.0 2704 -0.0022189349112426036 -0.0022189349112426036
7 2 -29844088 0 -1.0 391 1059 5
0 0 0 0 0 0.0 240 0.0 0.0
1 9 0 0 0 0.0 170 0.0 0.0
2 11 0 0 6 -6.0 6 -1.0 -1.0
3 0 1 0 0 0.0 240 0.0 0.0
4 6 1 0 6 -6.0 403 -0.01488833746898263 -0.01488833746898263
7 2 -179667789 0 2.0 1500 8797 5
0 0 0 0 0 0.0 36 0.0 0.0
1 5 0 0 0 4.0 4 0.0 1.0
2 9 0 0 0 0.0 26 0.0 0.0
3 0 1 0 0 0.0 36 0.0 0.0
4 6 1 0 6 0.0 8695 -6.900517538815411E-4 0.0
7 2 -1956523518 0 0.0 1500 8928 4
0 0 0 0 0 0.0 9 0.0 0.0
1 9 0 0 0 0.0 8 0.0 0.0
2 0 1 0 0 0.0 9 0.0 0.0
3 6 1 0 6 0.0 8902 -6.740058413839587E-4 0.0
7 2 -1959294223 0 -1.0 215 839 5
0 0 0 0 0 0.0 81 0.0 0.0
1 9 0 0 0 0.0 58 0.0 0.0
2 11 0 0 6 -6.0 6 -1.0 -1.0
3 0 1 0 0 0.0 81 0.0 0.0
4 6 1 0 6 -6.0 613 -0.009787928221859706 -0.009787928221859706
7 2 1874630814 0 -1.0 483 2814 5
0 0 0 0 0 0.0 9 0.0 0.0
1 9 0 0 0 0.0 8 0.0 0.0
2 11 0 0 6 -6.0 6 -1.0 -1.0
3 0 1 0 0 0.0 9 0.0 0.0
4 6 1 0 6 -6.0 2782 -0.002156721782890007 -0.002156721782890007
7 2 -789361956 0 1.0 343 1641 6
0 0 0 0 0 0.0 81 0.0 0.0
1 5 0 0 0 4.0 4 0.0 1.0
2 9 0 0 0 0.0 58 0.0 0.0
3 11 0 0 6 -6.0 6 -1.0 -1.0
4 0 1 0 0 0.0 81 0.0 0.0
5 6 1 0 6 -6.0 1411 -0.004252303330970942 -0.004252303330970942
7 2 -116203672 0 -1.0 543 2356 5
0 0 0 0 0 0.0 192 0.0 0.0
1 9 0 0 0 0.0 132 0.0 0.0
2 11 0 0 6 -6.0 6 -1.0 -1.0
3 0 1 0 0 0.0 192 0.0 0.0
4 6 1 0 6 -6.0 1834 -0.003271537622682661 -0.003271537622682661
7 2 1806690068 0 5.0 1500 8572 9
0 0 0 0 0 0.0 66 0.0 0.0
1 4 0 0 0 0.0 1 0.0 0.0
2 5 0 0 0 10.0 10 0.0 1.0
3 8 0 0 0 0.0 2 0.0 0.0
4 9 0 0 1 0.0 51 -0.0196078431372549 0.0
5 12 0 0 2 0.0 2 -1.0 0.0
6 0 1 0 0 0.0 66 0.0 0.0
7 4 1 0 0 0.0 2 0.0 0.0
8 6 1 0 6 0.0 8372 -7.16674629718108E-4 0.0
7 2 1130852330 0 -1.0 243 1064 5
0 0 0 0 0 0.0 75 0.0 0.0
1 9 0 0 0 0.0 52 0.0 0.0
2 11 0 0 6 -6.0 6 -1.0 -1.0
3 0 1 0 0 0.0 75 0.0 0.0
4 6 1 0 6 -6.0 856 -0.007009345794392523 -0.007009345794392523
7 2 -2113776278 0 1.0 499 1686 6
0 0 0 0 0 0.0 270 0.0 0.0
1 5 0 0 0 4.0 4 0.0 1.0
2 9 0 0 0 0.0 184 0.0 0.0
3 11 0 0 6 -6.0 6 -1.0 -1.0
4 0 1 0 0 0.0 270 0.0 0.0
5 6 1 0 6 -6.0 952 -0.0063025210084033615 -0.0063025210084033615
7 2 1904039463 0 1.0 723 4166 6
0 0 0 0 0 0.0 33 0.0 0.0
1 5 0 0 0 4.0 4 0.0 1.0
2 9 0 0 0 0.0 24 0.0 0.0
3 11 0 0 6 -6.0 6 -1.0 -1.0
4 0 1 0 0 0.0 33 0.0 0.0
5 6 1 0 6 -6.0 4066 -0.0014756517461878996 -0.0014756517461878996
7 2 268569411 0 2.0 767 4056 6
0 0 0 0 0 0.0 99 0.0 0.0
1 5 0 0 0 6.0 6 0.0 1.0
2 9 0 0 0 0.0 68 0.0 0.0
3 11 0 0 6 -6.0 6 -1.0 -1.0
4 0 1 0 0 0.0 99 0.0 0.0
5 6 1 0 6 -6.0 3778 -0.0015881418740074113 -0.0015881418740074113
7 2 -682486378 0 1.0 1479 8678 6
0 0 0 0 0 0.0 33 0.0 0.0
1 5 0 0 0 4.0 4 0.0 1.0
2 9 0 0 0 0.0 24 0.0 0.0
3 11 0 0 6 -6.0 6 -1.0 -1.0
4 0 1 0 0 0.0 33 0.0 0.0
5 6 1 0 6 -6.0 8578 -6.994637444625787E-4 -6.994637444625787E-4
7 2 1274005106 0 -1.0 323 1901 5
0 0 0 0 0 0.0 1 0.0 0.0
1 9 0 0 0 0.0 4 0.0 0.0
2 11 0 0 6 -6.0 6 -1.0 -1.0
3 0 1 0 0 0.0 2 0.0 0.0
4 6 1 0 6 -6.0 1888 -0.0031779661016949155 -0.0031779661016949155
7 3 110407734 0 29.0 1500 34060 10
0 0 0 0 17 56.0 6357 -0.0026742173981437784 0.008809186723297153
1 4 0 0 1 7.0 225 -0.0044444444444444444 0.03111111111111111
2 5 0 0 8 541.0 549 -0.014571948998178506 0.9854280510018215
3 8 0 0 0 0.0 19 0.0 0.0
4 9 0 0 0 0.0 280 0.0 0.0
5 11 0 0 510 -492.0 510 -1.0 -0.9647058823529412
6 12 0 0 107 -1.0 107 -1.0 -0.009345794392523364
7 0 1 0 3 34.0 4062 -7.385524372230429E-4 0.008370260955194485
8 4 1 0 0 2.0 181 0.0 0.011049723756906077
9 6 1 0 163 287.0 21770 -0.007487367937528709 0.013183279742765274
7 3 235006921 0 8.0 695 15162 10
0 0 0 0 11 -11.0 2405 -0.004573804573804574 -0.004573804573804574
1 4 0 0 0 0.0 32 0.0 0.0
2 5 0 0 27 278.0 305 -0.08852459016393442 0.9114754098360656
3 8 0 0 0 0.0 1 0.0 0.0
4 9 0 0 0 0.0 20 0.0 0.0
5 11 0 0 510 -655.0 510 -1.0 -1.2843137254901962
6 12 0 0 8 0.0 8 -1.0 0.0
7 0 1 0 4 -7.0 1657 -0.0024140012070006035 -0.004224502112251056
8 4 1 0 0 0.0 24 0.0 0.0
9 6 1 0 63 -49.0 10200 -0.006176470588235294 -0.004803921568627451
7 3 -1920435589 0 1.0 248 5784 10
0 0 0 0 5 -5.0 1126 -0.004440497335701598 -0.004440497335701598
1 4 0 0 2 -2.0 51 -0.0392156862745098 -0.0392156862745098
2 5 0 0 20 146.0 166 -0.12048192771084337 0.8795180722891566
3 8 0 0 0 8.0 8 0.0 1.0
4 9 0 0 0 0.0 259 0.0 0.0
5 11 0 0 228 -208.0 228 -1.0 -0.9122807017543859
6 12 0 0 11 0.0 11 -1.0 0.0
7 0 1 0 19 -19.0 726 -0.026170798898071626 -0.026170798898071626
8 4 1 0 0 0.0 41 0.0 0.0
9 6 1 0 7 3.0 3168 -0.0022095959595959595 9.46969696969697E-4
7 3 -108811537 0 4.0 171 4503 9
0 0 0 0 8 -8.0 1064 -0.007518796992481203 -0.007518796992481203
1 4 0 0 0 0.0 28 0.0 0.0
2 5 0 0 1 137.0 138 -0.007246376811594203 0.9927536231884058
3 9 0 0 0 0.0 25 0.0 0.0
4 11 0 0 22 -21.0 22 -1.0 -0.9545454545454546
5 12 0 0 83 0.0 83 -1.0 0.0
6 0 1 0 3 0.0 720 -0.004166666666666667 0.0
7 4 1 0 0 0.0 22 0.0 0.0
8 6 1 0 11 9.0 2401 -0.004581424406497293 0.003748438150770512
7 3 1316034858 0 4.0 635 14747 10
0 0 0 0 10 -10.0 3096 -0.003229974160206718 -0.003229974160206718
1 4 0 0 0 0.0 30 0.0 0.0
2 5 0 0 31 167.0 198 -0.15656565656565657 0.8434343434343434
3 8 0 0 0 0.0 18 0.0 0.0
4 9 0 0 0 0.0 96 0.0 0.0
5 11 0 0 315 -285.0 315 -1.0 -0.9047619047619048
6 12 0 0 6 0.0 6 -1.0 0.0
7 0 1 0 3 -4.0 2206 -0.0013599274705349048 -0.001813236627379873
8 4 1 0 0 0.0 16 0.0 0.0
9 6 1 0 37 -4.0 8766 -0.004220853296828656 -4.563084645220169E-4
7 3 1512543765 0 5.0 931 20261 9
0 0 0 0 7 -7.0 3938 -0.0017775520568816658 -0.0017775520568816658
1 4 0 0 0 0.0 158 0.0 0.0
2 5 0 0 1 322.0 322 -0.003105590062111801 1.0
3 9 0 0 0 0.0 36 0.0 0.0
4 11 0 0 379 -388.0 379 -1.0 -1.0237467018469657
5 12 0 0 77 1.0 77 -1.0 0.012987012987012988
6 0 1 0 7 -7.0 2734 -0.002560351133869788 -0.002560351133869788
7 4 1 0 0 0.0 105 0.0 0.0
8 6 1 0 73 0.0 12512 -0.005834398976982097 0.0
7 3 -934158725 0 3.0 400 9341 9
0 0 0 0 0 0.0 2086 0.0 0.0
1 4 0 0 0 0.0 27 0.0 0.0
2 5 0 0 3 211.0 214 -0.014018691588785047 0.985981308411215
3 9 0 0 0 0.0 47 0.0 0.0
4 11 0 0 219 -216.0 219 -1.0 -0.9863013698630136
5 12 0 0 15 0.0 15 -1.0 0.0
6 0 1 0 7 -7.0 1443 -0.004851004851004851 -0.004851004851004851
7 4 1 0 0 0.0 20 0.0 0.0
8 6 1 0 25 11.0 5270 -0.004743833017077799 0.0020872865275142313
7 3 561678272 0 1.0 55 1468 7
0 0 0 0 3 -3.0 414 -0.007246376811594203 -0.007246376811594203
1 5 0 0 6 65.0 71 -0.08450704225352113 0.9154929577464789
2 8 0 0 0 25.0 33 0.0 0.7575757575757576
3 9 0 0 0 4.0 106 0.0 0.03773584905660377
4 11 0 0 67 -61.0 67 -1.0 -0.9104477611940298
5 0 1 0 0 0.0 242 0.0 0.0
6 6 1 0 1 2.0 535 -0.001869158878504673 0.003738317757009346
7 3 1603349867 0 1.0 203 4712 7
0 0 0 0 0 0.0 1018 0.0 0.0
1 5 0 0 0 109.0 109 0.0 1.0
2 8 0 0 0 0.0 78 0.0 0.0
3 9 0 0 0 1.0 34 0.0 0.029411764705882353
4 11 0 0 171 -171.0 171 -1.0 -1.0
5 0 1 0 1 -1.0 639 -0.001564945226917058 -0.001564945226917058
6 6 1 0 7 6.0 2663 -0.0026286143447239955 0.0022530980097634247
7 3 -479831293 0 4.0 259 6332 7
0 0 0 0 4 -4.0 1112 -0.0035971223021582736 -0.0035971223021582736
1 5 0 0 5 153.0 158 -0.03164556962025317 0.9683544303797469
2 8 0 0 0 0.0 66 0.0 0.0
3 9 0 0 0 0.0 121 0.0 0.0
4 11 0 0 266 -261.0 266 -1.0 -0.981203007518797
5 0 1 0 7 -7.0 883 -0.007927519818799546 -0.007927519818799546
6 6 1 0 32 -7.0 3726 -0.008588298443370907 -0.001878690284487386
7 3 -1033422333 0 6.0 579 13075 10
0 0 0 0 11 -11.0 2301 -0.0047805302042590175 -0.0047805302042590175
1 4 0 0 0 0.0 84 0.0 0.0
2 5 0 0 2 226.0 228 -0.008771929824561403 0.9912280701754386
3 8 0 0 0 0.0 10 0.0 0.0
4 9 0 0 0 0.0 199 0.0 0.0
5 11 0 0 456 -455.0 456 -1.0 -0.9978070175438597
6 12 0 0 40 0.0 40 -1.0 0.0
7 0 1 0 1 -1.0 1646 -6.075334143377885E-4 -6.075334143377885E-4
8 4 1 0 0 0.0 67 0.0 0.0
9 6 1 0 45 -13.0 8044 -0.0055942317255096964 -0.0016161113873694678
7 3 1850560111 0 4.0 184 4542 6
0 0 0 0 6 -6.0 1000 -0.006 -0.006
1 5 0 0 13 141.0 154 -0.08441558441558442 0.9155844155844156
2 9 0 0 0 0.0 93 0.0 0.0
3 11 0 0 277 -264.0 277 -1.0 -0.9530685920577617
4 0 1 0 8 -8.0 659 -0.012139605462822459 -0.012139605462822459
5 6 1 0 18 -7.0 2359 -0.007630351844001695 -0.002967359050445104
7 3 -1997291902 0 7.0 1500 31841 10
0 0 0 0 4 -4.0 5556 -7.199424046076314E-4 -7.199424046076314E-4
1 4 0 0 2 -3.0 113 -0.017699115044247787 -0.02654867256637168
2 5 0 0 17 315.0 332 -0.05120481927710843 0.9487951807228916
3 8 0 0 0 0.0 27 0.0 0.0
4 9 0 0 0 0.0 229 0.0 0.0
5 11 0 0 171 -156.0 171 -1.0 -0.9122807017543859
6 12 0 0 36 0.0 36 -1.0 0.0
7 0 1 0 5 -1.0 3795 -0.0013175230566534915 -2.6350461133069827E-4
8 4 1 0 0 0.0 70 0.0 0.0
9 6 1 0 113 11.0 21512 -0.005252882112309409 5.113425065079955E-4
7 3 1630310957 0 4.0 109 3027 7
0 0 0 0 1 -1.0 648 -0.0015432098765432098 -0.0015432098765432098
1 5 0 0 22 182.0 204 -0.10784313725490197 0.8921568627450981
2 8 0 0 0 0.0 11 0.0 0.0
3 9 0 0 0 0.0 76 0.0 0.0
4 11 0 0 42 -20.0 42 -1.0 -0.47619047619047616
5 0 1 0 0 0.0 460 0.0 0.0
6 6 1 0 1 21.0 1586 -6.305170239596469E-4 0.013240857503152586
7 3 -1249548655 0 6.0 442 10253 10
0 0 0 0 9 -14.0 2129 -0.004227336777829967 -0.006575857209957727
1 4 0 0 1 -1.0 153 -0.006535947712418301 -0.006535947712418301
2 5 0 0 5 187.0 192 -0.026041666666666668 0.9739583333333334
3 8 0 0 0 2.0 40 0.0 0.05
4 9 0 0 0 0.0 100 0.0 0.0
5 11 0 0 522 -523.0 522 -1.0 -1.0019157088122606
6 12 0 0 57 0.0 57 -1.0 0.0
7 0 1 0 7 -4.0 1410 -0.004964539007092199 -0.0028368794326241137
8 4 1 0 1 -1.0 110 -0.00909090909090909 -0.00909090909090909
9 6 1 0 73 -36.0 5540 -0.013176895306859206 -0.006498194945848376
7 3 -247799670 0 0.0 283 6191 10
0 0 0 0 5 -5.0 1218 -0.004105090311986864 -0.004105090311986864
1 4 0 0 0 0.0 13 0.0 0.0
2 5 0 0 0 10.0 10 0.0 1.0
3 8 0 0 0 0.0 63 0.0 0.0
4 9 0 0 0 0.0 95 0.0 0.0
5 11 0 0 89 -90.0 89 -1.0 -1.0112359550561798
6 12 0 0 2 0.0 2 -1.0 0.0
7 0 1 0 0 0.0 836 0.0 0.0
8 4 1 0 0 0.0 3 0.0 0.0
9 6 1 0 4 -3.0 3862 -0.0010357327809425167 -7.767995857068876E-4
7 3 339078634 0 8.0 911 20816 9
0 0 0 0 1 -1.0 3972 -2.5176233635448137E-4 -2.5176233635448137E-4
1 4 0 0 0 0.0 186 0.0 0.0
2 5 0 0 18 353.0 371 -0.04851752021563342 0.9514824797843666
3 9 0 0 0 0.0 15 0.0 0.0
4 11 0 0 603 -586.0 603 -1.0 -0.9718076285240465
5 12 0 0 40 0.0 40 -1.0 0.0
6 0 1 0 5 -5.0 2636 -0.0018968133535660092 -0.0018968133535660092
7 4 1 0 0 0.0 118 0.0 0.0
8 6 1 0 71 -26.0 12875 -0.005514563106796116 -0.002019417475728155
7 3 1208097502 0 5.0 455 11349 10
0 0 0 0 7 -7.0 2020 -0.0034653465346534654 -0.0034653465346534654
1 4 0 0 0 0.0 55 0.0 0.0
2 5 0 0 1 279.0 280 -0.0035714285714285713 0.9964285714285714
3 8 0 0 0 0.0 71 0.0 0.0
4 9 0 0 0 0.0 59 0.0 0.0
5 11 0 0 263 -262.0 263 -1.0 -0.9961977186311787
6 12 0 0 18 0.0 18 -1.0 0.0
7 0 1 0 0 0.0 1440 0.0 0.0
8 4 1 0 0 0.0 25 0.0 0.0
9 6 1 0 91 -51.0 7118 -0.012784490025288002 -0.007164933970216353
7 3 -1479228448 0 9.0 1207 28110 10
0 0 0 0 2 -2.0 5471 -3.655638822884299E-4 -3.655638822884299E-4
1 4 0 0 0 0.0 307 0.0 0.0
2 5 0 0 9 385.0 394 -0.02284263959390863 0.9771573604060914
3 8 0 0 0 0.0 135 0.0 0.0
4 9 0 0 0 0.0 84 0.0 0.0
5 11 0 0 365 -356.0 365 -1.0 -0.9753424657534246
6 12 0 0 135 0.0 135 -1.0 0.0
7 0 1 0 7 -7.0 3617 -0.0019353055017970694 -0.0019353055017970694
8 4 1 0 0 0.0 226 0.0 0.0
9 6 1 0 78 1.0 17376 -0.004488950276243094 5.7550644567219155E-5
7 3 -1771104953 0 7.0 335 8315 10
0 0 0 0 3 -3.0 1507 -0.0019907100199071004 -0.0019907100199071004
1 4 0 0 0 0.0 87 0.0 0.0
2 5 0 0 1 460.0 461 -0.0021691973969631237 0.9978308026030369
3 8 0 0 0 0.0 71 0.0 0.0
4 9 0 0 0 0.0 68 0.0 0.0
5 11 0 0 144 -157.0 144 -1.0 -1.0902777777777777
6 12 0 0 43 0.0 43 -1.0 0.0
7 0 1 0 0 0.0 1016 0.0 0.0
8 4 1 0 0 0.0 52 0.0 0.0
9 6 1 0 44 11.0 4866 -0.009042334566378957 0.002260583641594739
7 4 1443720039 0 13.0 1500 32261 9
0 0 0 0 20 5.0 5979 -0.0033450409767519654 8.362602441879914E-4
1 4 0 0 2 2.0 201 -0.009950248756218905 0.009950248756218905
2 5 0 0 17 319.0 332 -0.05120481927710843 0.9608433734939759
3 9 0 0 0 0.0 98 0.0 0.0
4 11 0 0 976 -970.0 976 -1.0 -0.9938524590163934
5 12 0 0 76 2.0 76 -1.0 0.02631578947368421
6 0 1 0 44 -25.0 4136 -0.010638297872340425 -0.0060444874274661504
7 4 1 0 3 -1.0 141 -0.02127659574468085 -0.0070921985815602835
8 6 1 0 195 49.0 20322 -0.009595512252731031 0.0024111800019683102
7 4 1581663423 0 22.0 1500 33724 10
0 0 0 0 16 -8.0 5775 -0.0027705627705627706 -0.0013852813852813853
1 4 0 0 4 -4.0 592 -0.006756756756756757 -0.006756756756756757
2 5 0 0 26 590.0 616 -0.04220779220779221 0.9577922077922078
3 8 0 0 1 0.0 46 -0.021739130434782608 0.0
4 9 0 0 2 7.0 284 -0.007042253521126761 0.02464788732394366
5 11 0 0 550 -524.0 550 -1.0 -0.9527272727272728
6 12 0 0 184 0.0 184 -1.0 0.0
7 0 1 0 5 5.0 3844 -0.0013007284079084287 0.0013007284079084287
8 4 1 0 1 1.0 371 -0.0026954177897574125 0.0026954177897574125
9 6 1 0 110 48.0 21462 -0.005125337806355419 0.0022365110427732737
7 4 1879840922 0 12.0 1500 32482 9
0 0 0 0 23 -20.0 5959 -0.003859708004698775 -0.0033562678301728476
1 4 0 0 2 -2.0 274 -0.0072992700729927005 -0.0072992700729927005
2 5 0 0 31 407.0 437 -0.07093821510297482 0.931350114416476
3 9 0 0 0 0.0 79 0.0 0.0
4 11 0 0 464 -450.0 464 -1.0 -0.9698275862068966
5 12 0 0 239 -1.0 239 -1.0 -0.0041841004184100415
6 0 1 0 10 -5.0 3943 -0.00253613999492772 -0.00126806999746386
7 4 1 0 1 -1.0 177 -0.005649717514124294 -0.005649717514124294
8 6 1 0 106 -13.0 20910 -0.00506934481109517 -6.217120994739359E-4
7 4 651398963 0 10.0 1500 32802 9
0 0 0 0 13 -12.0 5880 -0.002210884353741497 -0.0020408163265306124
1 4 0 0 0 0.0 132 0.0 0.0
2 5 0 0 7 490.0 499 -0.014028056112224449 0.9819639278557114
3 9 0 0 0 0.0 80 0.0 0.0
4 11 0 0 893 -892.0 893 -1.0 -0.9988801791713325
5 12 0 0 48 0.0 48 -1.0 0.0
6 0 1 0 31 -29.0 3984 -0.0077811244979919675 -0.007279116465863454
7 4 1 0 0 0.0 107 0.0 0.0
8 6 1 0 145 -28.0 21179 -0.006846404457245384 -0.0013220643089853156
7 4 1494215850 0 16.0 1500 34313 9
0 0 0 0 24 -21.0 6591 -0.0036413290851160674 -0.0031861629494765588
1 4 0 0 1 0.0 537 -0.00186219739292365 0.0
2 5 0 0 37 511.0 548 -0.06751824817518248 0.9324817518248175
3 9 0 0 0 0.0 70 0.0 0.0
4 11 0 0 921 -884.0 921 -1.0 -0.9598262757871878
5 12 0 0 182 0.0 182 -1.0 0.0
6 0 1 0 12 -8.0 4497 -0.00266844563042028 -0.00177896375361352
7 4 1 0 0 0.0 352 0.0 0.0
8 6 1 0 227 -117.0 20615 -0.011011399466407955 -0.005675479020130972
7 4 1620350574 0 13.0 1500 32653 10
0 0 0 0 16 -11.0 5382 -0.0029728725380899295 -0.0020438498699368265
1 4 0 0 0 0.0 184 0.0 0.0
2 5 0 0 19 331.0 350 -0.054285714285714284 0.9457142857142857
3 8 0 0 0 0.0 92 0.0 0.0
4 9 0 0 0 0.0 188 0.0 0.0
5 11 0 0 1537 -1533.0 1537 -1.0 -0.9973975276512687
6 12 0 0 66 0.0 66 -1.0 0.0
7 0 1 0 10 -3.0 3814 -0.0026219192448872575 -7.865757734661773E-4
8 4 1 0 5 -5.0 128 -0.0390625 -0.0390625
9 6 1 0 228 -169.0 20912 -0.01090283091048202 -0.008081484315225708
7 4 1460714644 0 12.0 1500 34073 10
0 0 0 0 23 -7.0 6303 -0.0036490560050769475 -0.0011105822624147231
1 4 0 0 1 -1.0 229 -0.004366812227074236 -0.004366812227074236
2 5 0 0 0 551.0 551 0.0 1.0
3 8 0 0 0 0.0 60 0.0 0.0
4 9 0 0 0 0.0 183 0.0 0.0
5 11 0 0 1004 -1006.0 1004 -1.0 -1.00199203187251
6 12 0 0 99 -1.0 99 -1.0 -0.010101010101010102
7 0 1 0 37 -29.0 4340 -0.008525345622119816 -0.0066820276497695855
8 4 1 0 1 -1.0 175 -0.005714285714285714 -0.005714285714285714
9 6 1 0 196 -37.0 21129 -0.00927635004022907 -0.0017511477116758957
7 4 -341041651 0 10.0 1500 34023 10
0 0 0 0 11 -7.0 6869 -0.001601397583345465 -0.0010190711894016596
1 4 0 0 0 0.0 145 0.0 0.0
2 5 0 0 0 446.0 446 0.0 1.0
3 8 0 0 0 1.0 177 0.0 0.005649717514124294
4 9 0 0 0 2.0 326 0.0 0.006134969325153374
5 11 0 0 444 -444.0 444 -1.0 -1.0
6 12 0 0 56 0.0 56 -1.0 0.0
7 0 1 0 0 0.0 4594 0.0 0.0
8 4 1 0 0 0.0 100 0.0 0.0
9 6 1 0 95 -24.0 20866 -0.004552861113773603 -0.0011501964919006997
7 4 -393136672 0 11.0 1500 30549 10
0 0 0 0 11 -7.0 4654 -0.002363558229480017 -0.0015040825096691017
1 4 0 0 0 0.0 114 0.0 0.0
2 5 0 0 8 496.0 504 -0.015873015873015872 0.9841269841269841
3 8 0 0 1 -1.0 62 -0.016129032258064516 -0.016129032258064516
4 9 0 0 3 4.0 151 -0.019867549668874173 0.026490066225165563
5 11 0 0 814 -841.0 814 -1.0 -1.0331695331695332
6 12 0 0 36 0.0 36 -1.0 0.0
7 0 1 0 4 -3.0 3266 -0.001224739742804654 -9.185548071034905E-4
8 4 1 0 0 0.0 64 0.0 0.0
9 6 1 0 102 -27.0 20884 -0.00488412181574411 -0.001292855774755794
7 4 1315690680 0 3.0 1500 32869 10
0 0 0 0 20 -9.0 6410 -0.0031201248049922 -0.0014040561622464898
1 4 0 0 0 0.0 250 0.0 0.0
2 5 0 0 0 427.0 427 0.0 1.0
3 8 0 0 0 48.0 95 0.0 0.5052631578947369
4 9 0 0 6 0.0 215 -0.027906976744186046 0.0
5 11 0 0 765 -766.0 765 -1.0 -1.0013071895424837
6 12 0 0 144 0.0 144 -1.0 0.0
7 0 1 0 28 -26.0 4363 -0.006417602567041027 -0.005959202383680954
8 4 1 0 0 0.0 169 0.0 0.0
9 6 1 0 217 -161.0 20031 -0.010833208526783485 -0.008037541810194199
7 4 -525287094 0 15.0 1500 33778 10
0 0 0 0 29 -21.0 6470 -0.004482225656877898 -0.0032457496136012367
1 4 0 0 1 -1.0 86 -0.011627906976744186 -0.011627906976744186
2 5 0 0 5 581.0 586 -0.008532423208191127 0.9914675767918089
3 8 0 0 0 0.0 1 0.0 0.0
4 9 0 0 0 0.0 85 0.0 0.0
5 11 0 0 801 -830.0 801 -1.0 -1.0362047440699127
6 12 0 0 20 0.0 20 -1.0 0.0
7 0 1 0 14 -12.0 4444 -0.0031503150315031502 -0.0027002700270027003
8 4 1 0 0 0.0 51 0.0 0.0
9 6 1 0 100 -26.0 21234 -0.004709428275407365 -0.001224451351605915
7 4 1286337065 0 15.0 1500 32964 10
0 0 0 0 26 -6.0 5737 -0.004531985358201151 -0.0010458427749694963
1 4 0 0 2 -2.0 317 -0.006309148264984227 -0.006309148264984227
2 5 0 0 5 676.0 681 -0.007342143906020558 0.9926578560939795
3 8 0 0 0 0.0 1 0.0 0.0
4 9 0 0 0 0.0 116 0.0 0.0
5 11 0 0 998 -996.0 998 -1.0 -0.9979959919839679
6 12 0 0 105 0.0 105 -1.0 0.0
7 0 1 0 18 -9.0 3883 -0.004635591037857327 -0.0023177955189286636
8 4 1 0 1 -1.0 230 -0.004347826086956522 -0.004347826086956522
9 6 1 0 177 -56.0 20896 -0.00847052067381317 -0.002679938744257274
7 4 1142884818 0 11.0 1500 32431 10
0 0 0 0 27 -22.0 6302 -0.004284354173278325 -0.003490955252300857
1 4 0 0 0 0.0 91 0.0 0.0
2 5 0 0 4 365.0 369 -0.01084010840108401 0.989159891598916
3 8 0 0 0 0.0 19 0.0 0.0
4 9 0 0 0 0.0 122 0.0 0.0
5 11 0 0 659 -719.0 659 -1.0 -1.0910470409711683
6 12 0 0 37 0.0 37 -1.0 0.0
7 0 1 0 12 -3.0 4253 -0.0028215377380672465 -7.053844345168116E-4
8 4 1 0 0 0.0 69 0.0 0.0
9 6 1 0 135 -92.0 20510 -0.006582155046318869 -0.0044856167723061925
7 4 1180190522 0 11.0 1500 34567 10
0 0 0 0 37 -33.0 7105 -0.005207600281491907 -0.004644616467276565
1 4 0 0 2 -2.0 315 -0.006349206349206349 -0.006349206349206349
2 5 0 0 4 329.0 333 -0.012012012012012012 0.987987987987988
3 8 0 0 0 0.0 79 0.0 0.0
4 9 0 0 0 0.0 240 0.0 0.0
5 11 0 0 978 -987.0 978 -1.0 -1.00920245398773
6 12 0 0 35 0.0 35 -1.0 0.0
7 0 1 0 9 -7.0 5003 -0.001798920647611433 -0.0013991605036977814
8 4 1 0 1 -1.0 175 -0.005714285714285714 -0.005714285714285714
9 6 1 0 196 -78.0 20304 -0.009653270291568164 -0.0038416075650118202
7 4 842294589 0 19.0 1500 34171 10
0 0 0 0 21 47.0 6070 -0.0034596375617792423 0.007742998352553542
1 4 0 0 0 0.0 331 0.0 0.0
2 5 0 0 4 199.0 202 -0.019801980198019802 0.9851485148514851
3 8 0 0 0 0.0 132 0.0 0.0
4 9 0 0 0 0.0 332 0.0 0.0
5 11 0 0 1002 -1023.0 1002 -1.0 -1.0209580838323353
6 12 0 0 84 0.0 84 -1.0 0.0
7 0 1 0 12 62.0 4020 -0.0029850746268656717 0.015422885572139304
8 4 1 0 0 0.0 204 0.0 0.0
9 6 1 0 210 181.0 21794 -0.009635679544828852 0.008305038083876295
7 4 -1046911629 0 9.0 1500 33698 10
0 0 0 0 14 -14.0 6449 -0.0021708792060784617 -0.0021708792060784617
1 4 0 0 0 0.0 190 0.0 0.0
2 5 0 0 0 383.0 383 0.0 1.0
3 8 0 0 0 4.0 50 0.0 0.08
4 9 0 0 0 0.0 233 0.0 0.0
5 11 0 0 845 -852.0 845 -1.0 -1.008284023668639
6 12 0 0 92 0.0 92 -1.0 0.0
7 0 1 0 8 -8.0 4444 -0.0018001800180018 -0.0018001800180018
8 4 1 0 0 0.0 137 0.0 0.0
9 6 1 0 229 -78.0 20875 -0.010970059880239521 -0.0037365269461077846
7 4 -404755703 0 33.0 1500 35577 10
0 0 0 0 17 80.0 7036 -0.0024161455372370667 0.01137009664582149
1 4 0 0 2 -2.0 126 -0.015873015873015872 -0.015873015873015872
2 5 0 0 7 586.0 587 -0.01192504258943782 0.9982964224872232
3 8 0 0 0 0.0 1 0.0 0.0
4 9 0 0 0 0.0 147 0.0 0.0
5 11 0 0 436 -429.0 436 -1.0 -0.9839449541284404
6 12 0 0 33 -3.0 33 -1.0 -0.09090909090909091
7 0 1 0 17 63.0 4849 -0.00350587750051557 0.012992369560734173
8 4 1 0 3 -3.0 77 -0.03896103896103896 -0.03896103896103896
9 6 1 0 156 277.0 22285 -0.007000224366165582 0.012429885573255552
7 4 1829266301 0 13.0 1500 32262 10
0 0 0 0 19 -15.0 5219 -0.003640544165548956 -0.0028741138149070704
1 4 0 0 0 0.0 173 0.0 0.0
2 5 0 0 4 330.0 334 -0.011976047904191617 0.9880239520958084
3 8 0 0 0 0.0 65 0.0 0.0
4 9 0 0 0 0.0 112 0.0 0.0
5 11 0 0 1135 -1133.0 1135 -1.0 -0.9982378854625551
6 12 0 0 38 0.0 38 -1.0 0.0
7 0 1 0 14 -13.0 3700 -0.0037837837837837837 -0.0035135135135135136
8 4 1 0 0 0.0 114 0.0 0.0
9 6 1 0 206 -141.0 21372 -0.009638779711772412 -0.006597417181358787
7 4 1359042050 0 14.0 1500 35712 10
0 0 0 0 28 -18.0 7238 -0.0038684719535783366 -0.0024868748273003593
1 4 0 0 1 -1.0 87 -0.011494252873563218 -0.011494252873563218
2 5 0 0 1 463.0 462 -0.0021645021645021645 1.0021645021645023
3 8 0 0 0 2.0 175 0.0 0.011428571428571429
4 9 0 0 0 8.0 240 0.0 0.03333333333333333
5 11 0 0 1184 -1183.0 1184 -1.0 -0.9991554054054054
6 12 0 0 29 0.0 29 -1.0 0.0
7 0 1 0 14 -8.0 4744 -0.002951096121416526 -0.0016863406408094434
8 4 1 0 0 0.0 61 0.0 0.0
9 6 1 0 177 -88.0 21492 -0.008235622557230598 -0.004094546808114647
7 4 -882126082 0 15.0 1500 33721 10
0 0 0 0 14 -14.0 6449 -0.0021708792060784617 -0.0021708792060784617
1 4 0 0 1 -1.0 134 -0.007462686567164179 -0.007462686567164179
2 5 0 0 9 533.0 542 -0.016605166051660517 0.9833948339483395
3 8 0 0 0 0.0 41 0.0 0.0
4 9 0 0 0 0.0 163 0.0 0.0
5 11 0 0 556 -560.0 556 -1.0 -1.0071942446043165
6 12 0 0 41 0.0 41 -1.0 0.0
7 0 1 0 5 -5.0 4579 -0.0010919414719371041 -0.0010919414719371041
8 4 1 0 0 0.0 87 0.0 0.0
9 6 1 0 74 2.0 21129 -0.0035022954233517914 9.465663306356192E-5
