14 0 -313981925 0 0.0 1500 380751 5
0 0 0 0 97 0.0 82020 -0.0011826383808827116 0.0
1 2 0 0 2 0.0 80942 -2.4709050925353957E-5 0.0
2 3 0 0 16 0.0 81911 -1.9533396002978842E-4 0.0
3 4 0 0 5 0.0 81553 -6.130982305985065E-5 0.0
4 7 0 38 0 38.0 54325 6.994937873907041E-4 6.994937873907041E-4
14 0 -1465088369 0 0.0 1500 407329 5
0 0 0 0 34 0.0 90805 -3.744287208854138E-4 0.0
1 2 0 0 20 0.0 85589 -2.3367488812814732E-4 0.0
2 3 0 0 6 0.0 85636 -7.00639917791583E-5 0.0
3 4 0 0 1 0.0 85890 -1.1642798928862499E-5 0.0
4 7 0 34 57 34.0 59409 -3.8714672861014324E-4 5.723038596845596E-4
14 0 770951681 0 0.0 1500 417399 5
0 0 0 0 55 0.0 91357 -6.020337795680682E-4 0.0
1 2 0 0 7 0.0 85439 -8.192979786748441E-5 0.0
2 3 0 0 0 0.0 85292 0.0 0.0
3 4 0 0 10 0.0 85327 -1.1719619815533185E-4 0.0
4 7 0 34 30 34.0 69984 5.7155921353452216E-5 4.8582533150434384E-4
14 0 1489510385 0 0.0 1500 407040 5
0 0 0 0 17 0.0 84813 -2.0044097013429546E-4 0.0
1 2 0 0 15 0.0 84845 -1.7679297542577642E-4 0.0
2 3 0 0 4 0.0 84844 -4.714534911131017E-5 0.0
3 4 0 0 2 0.0 84759 -2.3596314255713258E-5 0.0
4 7 0 23 67 23.0 67779 -6.491686215494474E-4 3.3933814308266573E-4
14 0 559629168 0 0.0 1500 390174 5
0 0 0 0 93 0.0 85728 -0.0010848264277715566 0.0
1 2 0 0 7 0.0 85574 -8.180054689508496E-5 0.0
2 3 0 0 4 0.0 86691 -4.614089121131375E-5 0.0
3 4 0 0 9 0.0 85524 -1.0523361863336608E-4 0.0
4 7 0 72 1 72.0 46657 0.001521743789785027 0.0015431768009087597
14 0 -1754835084 0 0.0 1500 387925 5
0 0 0 0 34 0.0 82957 -4.098508866039032E-4 0.0
1 2 0 0 5 0.0 82612 -6.0523894833680335E-5 0.0
2 3 0 0 75 0.0 82813 -9.056549092533781E-4 0.0
3 4 0 0 6 0.0 82796 -7.246726895019084E-5 0.0
4 7 0 64 0 64.0 56747 0.0011278129240312263 0.0011278129240312263
14 0 -487012018 0 0.0 1500 371165 5
0 0 0 0 30 0.0 81707 -3.671656039262242E-4 0.0
1 2 0 0 0 0.0 78078 0.0 0.0
2 3 0 0 2 0.0 78939 -2.5336018951342177E-5 0.0
3 4 0 0 10 0.0 79467 -1.2583839832886606E-4 0.0
4 7 0 37 0 37.0 52974 6.98455846264205E-4 6.98455846264205E-4
14 0 796775783 0 0.0 1500 410281 5
0 0 0 0 32 0.0 97186 -3.292655320725207E-4 0.0
1 2 0 0 2 0.0 94214 -2.122826756108434E-5 0.0
2 3 0 0 2 0.0 94114 -2.125082346940944E-5 0.0
3 4 0 0 7 0.0 94275 -7.425086184036065E-5 0.0
4 7 0 1 16 1.0 30492 -4.919323101141283E-4 3.279548734094189E-5
14 0 905426375 0 0.0 1500 377590 5
0 0 0 0 50 0.0 84431 -5.921995475595456E-4 0.0
1 2 0 0 6 0.0 74550 -8.048289738430584E-5 0.0
2 3 0 0 8 0.0 74679 -1.071251623615742E-4 0.0
3 4 0 0 2 0.0 74653 -2.6790617925602453E-5 0.0
4 7 0 40 0 40.0 69277 5.773922080921518E-4 5.773922080921518E-4
14 0 363592529 0 0.0 1500 346390 5
0 0 0 0 55 0.0 73457 -7.487373565487292E-4 0.0
1 2 0 0 7 0.0 73495 -9.524457446084768E-5 0.0
2 3 0 0 2 0.0 72225 -2.7691242644513673E-5 0.0
3 4 0 0 3 0.0 72187 -4.1558729411112806E-5 0.0
4 7 0 38 9 38.0 55026 5.270235888489078E-4 6.905826336640861E-4
14 0 -1265366390 0 0.0 1500 375251 5
0 0 0 0 33 0.0 80501 -4.0993279586588985E-4 0.0
1 2 0 0 9 0.0 79300 -1.1349306431273644E-4 0.0
2 3 0 0 12 0.0 80469 -1.4912575028893114E-4 0.0
3 4 0 0 16 0.0 80692 -1.982848361671541E-4 0.0
4 7 0 76 1 76.0 54289 0.0013814953305457827 0.0013999152682863932
14 0 -1562062392 0 0.0 1500 359997 5
0 0 0 0 40 0.0 93372 -4.283939510774108E-4 0.0
1 2 0 0 0 0.0 69122 0.0 0.0
2 3 0 0 2 0.0 82557 -2.4225686495391064E-5 0.0
3 4 0 0 2 0.0 69455 -2.8795623065294076E-5 0.0
4 7 0 43 0 43.0 45491 9.452419159833814E-4 9.452419159833814E-4
14 0 -987751785 0 0.0 1500 352400 5
0 0 0 0 20 0.0 80548 -2.482991508169042E-4 0.0
1 2 0 0 12 0.0 77274 -1.5529155990371923E-4 0.0
2 3 0 0 11 0.0 62547 -1.7586774745391467E-4 0.0
3 4 0 0 79 0.0 62688 -0.0012602092904543134 0.0
4 7 0 23 5 23.0 69343 2.5957919328555153E-4 3.316845247537603E-4
14 0 -154542654 0 0.0 1500 379791 5
0 0 0 0 37 0.0 82644 -4.4770340254585936E-4 0.0
1 2 0 0 5 0.0 82625 -6.051437216338881E-5 0.0
2 3 0 0 12 0.0 82403 -1.4562576605220683E-4 0.0
3 4 0 0 18 0.0 82578 -2.1797573203516675E-4 0.0
4 7 0 40 0 40.0 49541 8.074120425506146E-4 8.074120425506146E-4
14 0 2109885020 0 0.0 1500 355877 5
0 0 0 0 72 0.0 76255 -9.442003803029309E-4 0.0
1 2 0 0 11 0.0 75611 -1.4548147756278848E-4 0.0
2 3 0 0 5 0.0 75656 -6.608861161044729E-5 0.0
3 4 0 0 8 0.0 76535 -1.0452734043248187E-4 0.0
4 7 0 78 3 78.0 51820 0.0014473176379776148 0.0015052103434967194
14 0 1257287573 0 0.0 1500 360456 5
0 0 0 0 52 0.0 76404 -6.805926391288414E-4 0.0
1 2 0 0 2 0.0 76392 -2.618075191119489E-5 0.0
2 3 0 0 6 0.0 76768 -7.815756565235515E-5 0.0
3 4 0 0 11 0.0 76931 -1.4298527251693075E-4 0.0
4 7 0 35 2 35.0 53961 6.115527881247568E-4 6.486165934656512E-4
14 0 -1605792107 0 0.0 1500 381009 5
0 0 0 0 62 0.0 81477 -7.609509432109675E-4 0.0
1 2 0 0 3 0.0 81614 -3.6758399294238735E-5 0.0
2 3 0 0 1 0.0 81504 -1.2269336474283471E-5 0.0
3 4 0 0 6 0.0 81794 -7.335501381519427E-5 0.0
4 7 0 44 0 44.0 54620 8.055657268399854E-4 8.055657268399854E-4
14 0 249292854 0 0.0 1500 414396 5
0 0 0 0 48 0.0 88135 -5.44619050320531E-4 0.0
1 2 0 0 9 0.0 87310 -1.0308097583323789E-4 0.0
2 3 0 0 10 0.0 88104 -1.1350222464360302E-4 0.0
3 4 0 0 5 0.0 88169 -5.670927423470834E-5 0.0
4 7 0 46 0 46.0 62678 7.339098248189157E-4 7.339098248189157E-4
14 0 -334748531 0 0.0 1500 426367 5
0 0 0 0 26 0.0 90541 -2.8716272186081444E-4 0.0
1 2 0 0 3 0.0 90260 -3.323731442499446E-5 0.0
2 3 0 0 19 0.0 90467 -2.1002133374600684E-4 0.0
3 4 0 0 80 0.0 90795 -8.811057877636434E-4 0.0
4 7 0 34 1 34.0 64304 5.131873600398109E-4 5.287384921622294E-4
14 0 -1919663436 0 0.0 1500 410021 5
0 0 0 0 86 0.0 90821 -9.46917563118662E-4 0.0
1 2 0 0 22 0.0 90741 -2.4244828688244565E-4 0.0
2 3 0 0 7 0.0 90370 -7.745933384972889E-5 0.0
3 4 0 0 16 0.0 90710 -1.7638628596626613E-4 0.0
4 7 0 34 4 34.0 47379 6.331919204710948E-4 7.176175098672408E-4
14 1 -1211872612 0 0.0 1500 311542 5
0 0 0 0 27 0.0 102311 -2.6390124229066277E-4 0.0
1 2 0 0 24 0.0 65128 -3.6850509765385086E-4 0.0
2 3 0 0 18 0.0 63091 -2.853021825616966E-4 0.0
3 4 0 0 62 0.0 59985 -0.0010335917312661498 0.0
4 7 0 75 7 75.0 21027 0.0032339373186854995 0.0035668426309031246
14 1 1553085072 0 0.0 1500 325525 5
0 0 0 0 33 0.0 102138 -3.230922869059508E-4 0.0
1 2 0 0 30 0.0 70406 -4.261000482913388E-4 0.0
2 3 0 0 8 0.0 60961 -1.3123144305375567E-4 0.0
3 4 0 0 61 0.0 63920 -9.543178973717147E-4 0.0
4 7 0 109 5 109.0 28100 0.003701067615658363 0.0038790035587188613
14 1 4995083 0 0.0 1500 345190 5
0 0 0 0 34 0.0 108038 -3.1470408559951127E-4 0.0
1 2 0 0 27 0.0 79303 -3.404663127498329E-4 0.0
2 3 0 0 17 0.0 63914 -2.65982413868636E-4 0.0
3 4 0 0 62 0.0 69202 -8.959278633565503E-4 0.0
4 7 0 34 9 34.0 24733 0.0010107952937371124 0.0013746815994824728
14 1 474799323 0 0.0 1500 350126 5
0 0 0 0 124 0.0 110782 -0.0011193154122510877 0.0
1 2 0 0 11 0.0 78239 -1.4059484400362991E-4 0.0
2 3 0 0 5 0.0 61167 -8.174342374156E-5 0.0
3 4 0 0 10 0.0 70195 -1.4246028919438707E-4 0.0
4 7 0 46 8 46.0 29743 0.001277611538849477 0.0015465823891335777
14 1 1135863178 0 0.0 1500 370532 5
0 0 0 0 69 0.0 109616 -6.294701503430156E-4 0.0
1 2 0 0 53 0.0 87912 -6.028756028756029E-4 0.0
2 3 0 0 15 0.0 73086 -2.052376652163205E-4 0.0
3 4 0 0 70 0.0 78340 -8.935409752361502E-4 0.0
4 7 0 19 9 19.0 21578 4.6343498007229587E-4 8.805264621373621E-4
14 1 -1148552721 0 0.0 1500 397238 5
0 0 0 0 47 0.0 115541 -4.067820081183303E-4 0.0
1 2 0 0 27 0.0 92609 -2.9154833763457116E-4 0.0
2 3 0 0 19 0.0 75115 -2.5294548359182584E-4 0.0
3 4 0 0 67 0.0 84478 -7.931058973934042E-4 0.0
4 7 0 37 11 37.0 29495 8.815053398881167E-4 0.0012544499067638584
14 1 1028125116 0 0.0 1500 389514 5
0 0 0 0 69 0.0 111925 -6.164842528478893E-4 0.0
1 2 0 0 42 0.0 91111 -4.609761719221609E-4 0.0
2 3 0 0 15 0.0 75679 -1.982055788263587E-4 0.0
3 4 0 0 59 0.0 84285 -7.000059322536631E-4 0.0
4 7 0 15 11 15.0 26514 1.5086369465188202E-4 5.657388549445576E-4
14 1 -1110205475 0 0.0 1500 395648 5
0 0 0 0 61 0.0 144524 -4.220752262599983E-4 0.0
1 2 0 0 30 0.0 77440 -3.8739669421487604E-4 0.0
2 3 0 0 50 0.0 79399 -6.297308530334135E-4 0.0
3 4 0 0 65 0.0 74391 -8.737616109475609E-4 0.0
4 7 0 250 5 250.0 19894 0.012315270935960592 0.012566602995878154
14 1 -437921716 0 0.0 1500 393001 5
0 0 0 0 37 0.0 114873 -3.220948351657918E-4 0.0
1 2 0 0 33 0.0 91080 -3.6231884057971015E-4 0.0
2 3 0 0 18 0.0 72614 -2.478860825736084E-4 0.0
3 4 0 0 60 0.0 81702 -7.343761474627304E-4 0.0
4 7 0 84 10 84.0 32732 0.002260784553342295 0.0025662959794696323
14 1 748734032 0 0.0 1500 385894 5
0 0 0 0 46 0.0 113615 -4.048761167099415E-4 0.0
1 2 0 0 114 0.0 93395 -0.0012206220889769259 0.0
2 3 0 0 110 0.0 72605 -0.0015150471730597066 0.0
3 4 0 0 12 0.0 82488 -1.4547570555717196E-4 0.0
4 7 0 16 6 16.0 23791 4.2032701441721657E-4 6.725232230675466E-4
14 1 1476923991 0 0.0 1500 389985 5
0 0 0 0 32 0.0 111114 -2.879925121946829E-4 0.0
1 2 0 0 104 0.0 90933 -0.0011436992071085304 0.0
2 3 0 0 106 0.0 76201 -0.0013910578601330692 0.0
3 4 0 0 18 0.0 83855 -2.1465625186333553E-4 0.0
4 7 0 76 8 76.0 27882 0.0024388494369127034 0.0027257729000789038
14 1 1666741751 0 0.0 1500 389226 5
0 0 0 0 53 0.0 115691 -4.5811688031048223E-4 0.0
1 2 0 0 29 0.0 89909 -3.2254835444727446E-4 0.0
2 3 0 0 10 0.0 75305 -1.3279330721731626E-4 0.0
3 4 0 0 67 0.0 82260 -8.144906394359348E-4 0.0
4 7 0 46 3 46.0 26061 0.0016499750585165574 0.0017650895974828287
14 1 1111995708 0 0.0 1500 432627 5
0 0 0 0 73 0.0 125025 -5.838832233553289E-4 0.0
1 2 0 0 32 0.0 101921 -3.139686620029238E-4 0.0
2 3 0 0 70 0.0 86544 -8.088371233129968E-4 0.0
3 4 0 0 57 0.0 94574 -6.02702645547402E-4 0.0
4 7 0 36 6 36.0 24563 0.001221349183731629 0.0014656190204779547
14 1 -951251283 0 0.0 1500 436721 5
0 0 0 0 35 0.0 132537 -2.6407720108347104E-4 0.0
1 2 0 0 123 0.0 99850 -0.0012318477716574863 0.0
2 3 0 0 121 0.0 81938 -0.001476726305255193 0.0
3 4 0 0 20 0.0 90249 -2.2160910370198008E-4 0.0
4 7 0 25 9 25.0 32147 4.977136280212772E-4 7.776775437832457E-4
14 1 1308955500 0 0.0 1500 464677 5
0 0 0 0 49 0.0 128955 -3.799775115350316E-4 0.0
1 2 0 0 31 0.0 111926 -2.7696871147007843E-4 0.0
2 3 0 0 19 0.0 94810 -2.004008016032064E-4 0.0
3 4 0 0 69 0.0 104884 -6.578696464665726E-4 0.0
4 7 0 26 5 26.0 24102 8.712969878018422E-4 0.0010787486515641855
14 1 -160673257 0 0.0 1500 475320 5
0 0 0 0 37 0.0 134576 -2.749375817382E-4 0.0
1 2 0 0 122 0.0 114202 -0.0010682825169436613 0.0
2 3 0 0 120 0.0 90366 -0.0013279330721731625 0.0
3 4 0 0 16 0.0 103038 -1.5528251712960267E-4 0.0
4 7 0 55 6 55.0 33138 0.001478664976763836 0.0016597259943267547
14 1 797759912 0 0.0 1500 455741 5
0 0 0 0 80 0.0 151557 -5.278542066681183E-4 0.0
1 2 0 0 21 0.0 91309 -2.299882815494639E-4 0.0
2 3 0 0 54 0.0 94763 -5.698426601099585E-4 0.0
3 4 0 0 68 0.0 93794 -7.249930699191846E-4 0.0
4 7 0 366 12 366.0 24318 0.014557118184061189 0.015050579817419196
14 1 387321853 0 0.0 1500 481309 5
0 0 0 0 80 0.0 134007 -5.969837396553911E-4 0.0
1 2 0 0 54 0.0 116701 -4.627209706857696E-4 0.0
2 3 0 0 20 0.0 96446 -2.0736992721315554E-4 0.0
3 4 0 0 73 0.0 106958 -6.825108921258812E-4 0.0
4 7 0 21 3 21.0 27197 6.618377026877965E-4 7.721439864690958E-4
14 1 -205575048 0 0.0 1500 477949 5
0 0 0 0 74 0.0 139441 -5.306903995238129E-4 0.0
1 2 0 0 39 0.0 111494 -3.4979460778158467E-4 0.0
2 3 0 0 83 0.0 92944 -8.930108452401447E-4 0.0
3 4 0 0 55 0.0 103510 -5.313496280552603E-4 0.0
4 7 0 10 11 10.0 30560 -3.272251308900524E-5 3.272251308900524E-4
14 1 -197815254 0 0.0 1500 474071 5
0 0 0 0 63 0.0 133963 -4.702791069175817E-4 0.0
1 2 0 0 55 0.0 110353 -4.984005872065101E-4 0.0
2 3 0 0 14 0.0 92169 -1.51894888736994E-4 0.0
3 4 0 0 70 0.0 102963 -6.798558705554422E-4 0.0
4 7 0 14 8 14.0 34623 1.7329520838748808E-4 4.043554862374722E-4
14 2 147986540 0 0.0 1500 3004 2
0 0 0 0 1 0.0 3000 -3.333333333333333E-4 0.0
1 2 0 0 0 0.0 4 0.0 0.0
14 2 1093922736 0 0.0 1500 3004 2
0 0 0 0 1 0.0 3000 -3.333333333333333E-4 0.0
1 2 0 0 0 0.0 4 0.0 0.0
14 2 1229577669 0 0.0 1500 3007 2
0 0 0 0 1 0.0 3000 -3.333333333333333E-4 0.0
1 2 0 0 0 0.0 7 0.0 0.0
14 2 -236516263 0 0.0 1500 3004 2
0 0 0 0 1 0.0 3000 -3.333333333333333E-4 0.0
1 2 0 0 0 0.0 4 0.0 0.0
14 2 672737230 0 0.0 1500 3004 2
0 0 0 0 1 0.0 3000 -3.333333333333333E-4 0.0
1 2 0 0 0 0.0 4 0.0 0.0
14 2 1828562805 0 0.0 1500 3007 2
0 0 0 0 1 0.0 3000 -3.333333333333333E-4 0.0
1 2 0 0 0 0.0 7 0.0 0.0
14 2 471493430 0 0.0 1500 3007 2
0 0 0 0 1 0.0 3000 -3.333333333333333E-4 0.0
1 2 0 0 0 0.0 7 0.0 0.0
14 2 2133938701 0 0.0 1500 3004 2
0 0 0 0 1 0.0 3000 -3.333333333333333E-4 0.0
1 2 0 0 0 0.0 4 0.0 0.0
14 2 1093713902 0 0.0 1500 3007 2
0 0 0 0 1 0.0 3000 -3.333333333333333E-4 0.0
1 2 0 0 0 0.0 7 0.0 0.0
14 2 -989902437 0 0.0 1500 3008 2
0 0 0 0 2 0.0 3001 -6.664445184938354E-4 0.0
1 2 0 0 0 0.0 7 0.0 0.0
14 2 -1473393391 0 0.0 1500 3004 2
0 0 0 0 1 0.0 3000 -3.333333333333333E-4 0.0
1 2 0 0 0 0.0 4 0.0 0.0
14 2 1885305142 0 0.0 1500 3004 2
0 0 0 0 1 0.0 3000 -3.333333333333333E-4 0.0
1 2 0 0 0 0.0 4 0.0 0.0
14 2 -1667955818 0 0.0 1500 3005 2
0 0 0 0 2 0.0 3001 -6.664445184938354E-4 0.0
1 2 0 0 0 0.0 4 0.0 0.0
14 2 147286835 0 0.0 1500 3004 2
0 0 0 0 1 0.0 3000 -3.333333333333333E-4 0.0
1 2 0 0 0 0.0 4 0.0 0.0
14 2 984016181 0 0.0 1500 3007 2
0 0 0 0 1 0.0 3000 -3.333333333333333E-4 0.0
1 2 0 0 0 0.0 7 0.0 0.0
14 2 1169978059 0 0.0 1500 3005 2
0 0 0 0 2 0.0 3001 -6.664445184938354E-4 0.0
1 2 0 0 0 0.0 4 0.0 0.0
14 2 575402188 0 0.0 1500 3005 2
0 0 0 0 2 0.0 3001 -6.664445184938354E-4 0.0
1 2 0 0 0 0.0 4 0.0 0.0
14 2 -455409675 0 0.0 1500 3004 2
0 0 0 0 1 0.0 3000 -3.333333333333333E-4 0.0
1 2 0 0 0 0.0 4 0.0 0.0
14 2 1349779764 0 0.0 1500 3004 2
0 0 0 0 1 0.0 3000 -3.333333333333333E-4 0.0
1 2 0 0 0 0.0 4 0.0 0.0
14 2 814513731 0 0.0 1500 3004 2
0 0 0 0 1 0.0 3000 -3.333333333333333E-4 0.0
1 2 0 0 0 0.0 4 0.0 0.0
14 3 959952850 1 1.0 92 37298 5
0 0 0 0 0 0.0 21491 0.0 0.0
1 2 0 0 0 0.0 3679 0.0 0.0
2 3 0 0 0 0.0 6195 0.0 0.0
3 4 0 0 0 0.0 4805 0.0 0.0
4 7 0 382 0 382.0 1128 0.33865248226950356 0.33865248226950356
14 3 -2080343984 0 0.0 1500 337286 5
0 0 0 0 84 0.0 169554 -4.954173891503591E-4 0.0
1 2 0 0 15 0.0 50199 -2.988107332815395E-4 0.0
2 3 0 0 25 0.0 44561 -5.61028702228406E-4 0.0
3 4 0 0 54 0.0 46466 -0.0011621400593982696 0.0
4 7 0 279 15 279.0 26506 0.009960009054553687 0.010525918659926055
14 3 -819357410 0 0.0 1500 369277 5
0 0 0 0 92 0.0 199219 -4.61803342050708E-4 0.0
1 2 0 0 16 0.0 45602 -3.5086180430682866E-4 0.0
2 3 0 0 84 0.0 52446 -0.0016016474087632993 0.0
3 4 0 0 77 0.0 48766 -0.0015789689537792724 0.0
4 7 0 1988 1 1988.0 23244 0.08548442608845293 0.08552744794355532
14 3 645660044 0 0.0 1500 345748 5
0 0 0 0 104 0.0 189834 -5.478470663843147E-4 0.0
1 2 0 0 93 0.0 40373 -0.0023035196789933867 0.0
2 3 0 0 28 0.0 51979 -5.386790819369361E-4 0.0
3 4 0 0 34 0.0 45599 -7.456303866312857E-4 0.0
4 7 0 100 15 100.0 17963 0.0047319490062907085 0.005566998830930246
14 3 627186260 1 1.0 345 135438 5
0 0 0 0 0 0.0 71988 0.0 0.0
1 2 0 0 0 0.0 16069 0.0 0.0
2 3 0 0 0 0.0 22097 0.0 0.0
3 4 0 0 0 0.0 19840 0.0 0.0
4 7 0 1283 0 1283.0 5444 0.23567229977957385 0.23567229977957385
14 3 1474704839 0 0.0 1500 361370 5
0 0 0 0 90 0.0 185989 -4.8389958545935513E-4 0.0
1 2 0 0 109 0.0 49895 -0.002184587634031466 0.0
2 3 0 0 34 0.0 50057 -6.792256827216973E-4 0.0
3 4 0 0 58 0.0 50375 -0.00115136476426799 0.0
4 7 0 775 16 775.0 25054 0.030294563742316597 0.030933184321864773
14 3 1439371603 0 0.0 1500 363906 5
0 0 0 0 122 0.0 190033 -6.419937589787037E-4 0.0
1 2 0 0 37 0.0 48440 -7.63831544178365E-4 0.0
2 3 0 0 13 0.0 51668 -2.5160641015715724E-4 0.0
3 4 0 0 27 0.0 49625 -5.440806045340051E-4 0.0
4 7 0 223 19 223.0 24140 0.008450704225352112 0.009237779618889809
14 3 -545900608 1 1.0 412 157081 5
0 0 0 0 0 0.0 98336 0.0 0.0
1 2 0 0 0 0.0 12533 0.0 0.0
2 3 0 0 0 0.0 23931 0.0 0.0
3 4 0 0 0 0.0 18758 0.0 0.0
4 7 0 1651 0 1651.0 3523 0.46863468634686345 0.46863468634686345
14 3 1151149680 0 0.0 1500 351102 5
0 0 0 0 100 0.0 192543 -5.193645055909589E-4 0.0
1 2 0 0 9 0.0 43276 -2.0796746464553102E-4 0.0
2 3 0 0 26 0.0 49688 -5.23265174690066E-4 0.0
3 4 0 0 54 0.0 46359 -0.0011648223645894002 0.0
4 7 0 1389 0 1389.0 19236 0.07220835932626325 0.07220835932626325
14 3 -600812552 0 0.0 1500 349411 5
0 0 0 0 85 0.0 192001 -4.4270602757277307E-4 0.0
1 2 0 0 67 0.0 43113 -0.0015540556212743255 0.0
2 3 0 0 24 0.0 48430 -4.955606029320669E-4 0.0
3 4 0 0 20 0.0 45573 -4.388563403769776E-4 0.0
4 7 0 672 36 672.0 20294 0.03133931211195427 0.033113235439046027
14 3 621257614 0 0.0 1500 361364 5
0 0 0 0 146 0.0 184834 -7.898979624960775E-4 0.0
1 2 0 0 19 0.0 49360 -3.8492706645056724E-4 0.0
2 3 0 0 87 0.0 51232 -0.001698157401623985 0.0
3 4 0 0 22 0.0 50636 -4.344734971166759E-4 0.0
4 7 0 1023 1 1023.0 25302 0.04039206386846889 0.04043158643585487
14 3 1686998475 1 1.0 43 24153 5
0 0 0 0 0 0.0 11189 0.0 0.0
1 2 0 0 0 0.0 3704 0.0 0.0
2 3 0 0 0 0.0 2944 0.0 0.0
3 4 0 0 0 0.0 3720 0.0 0.0
4 7 0 1312 0 1312.0 2596 0.5053929121725732 0.5053929121725732
14 3 1773360506 1 1.0 96 37182 5
0 0 0 0 0 0.0 19510 0.0 0.0
1 2 0 0 0 0.0 4919 0.0 0.0
2 3 0 0 0 0.0 6340 0.0 0.0
3 4 0 0 0 0.0 5300 0.0 0.0
4 7 0 449 0 449.0 1113 0.40341419586702604 0.40341419586702604
14 3 -1399784447 1 1.0 177 82507 5
0 0 0 0 0 0.0 45352 0.0 0.0
1 2 0 0 0 0.0 9127 0.0 0.0
2 3 0 0 0 0.0 13669 0.0 0.0
3 4 0 0 0 0.0 11654 0.0 0.0
4 7 0 1044 0 1044.0 2705 0.3859519408502773 0.3859519408502773
14 3 2045496680 1 1.0 38 18860 5
0 0 0 0 0 0.0 11126 0.0 0.0
1 2 0 0 0 0.0 1941 0.0 0.0
2 3 0 0 0 0.0 2465 0.0 0.0
3 4 0 0 0 0.0 2381 0.0 0.0
4 7 0 513 0 513.0 947 0.5417106652587117 0.5417106652587117
14 3 1756309447 0 0.0 1500 351894 5
0 0 0 0 83 0.0 177568 -4.674265633447468E-4 0.0
1 2 0 0 108 0.0 49395 -0.002186456119040389 0.0
2 3 0 0 87 0.0 52110 -0.001669545192861255 0.0
3 4 0 0 25 0.0 50658 -4.935054680405859E-4 0.0
4 7 0 1950 28 1950.0 22163 0.086721111762848 0.08798447863556377
14 3 -1240239915 0 0.0 1500 368149 5
0 0 0 0 74 0.0 183961 -4.022591744989427E-4 0.0
1 2 0 0 26 0.0 55713 -4.6667743614596237E-4 0.0
2 3 0 0 48 0.0 45652 -0.0010514325768860072 0.0
3 4 0 0 19 0.0 50339 -3.774409503565824E-4 0.0
4 7 0 555 6 555.0 32484 0.016900628001477652 0.01708533431843369
14 3 1841574868 1 1.0 15 8977 5
0 0 0 0 0 0.0 3712 0.0 0.0
1 2 0 0 0 0.0 1640 0.0 0.0
2 3 0 0 0 0.0 1456 0.0 0.0
3 4 0 0 0 0.0 1578 0.0 0.0
4 7 0 287 0 287.0 591 0.4856175972927242 0.4856175972927242
14 3 357086162 0 0.0 1500 352725 5
0 0 0 0 124 0.0 191172 -6.486305525913837E-4 0.0
1 2 0 0 8 0.0 43872 -1.8234865061998541E-4 0.0
2 3 0 0 40 0.0 51732 -7.732158045310446E-4 0.0
3 4 0 0 51 0.0 46885 -0.0010877679428388611 0.0
4 7 0 57 10 57.0 19064 0.0024653797733948804 0.002989928661351238
14 3 -1266597046 1 1.0 200 82319 5
0 0 0 0 0 0.0 46587 0.0 0.0
1 2 0 0 0 0.0 9071 0.0 0.0
2 3 0 0 0 0.0 12594 0.0 0.0
3 4 0 0 0 0.0 10154 0.0 0.0
4 7 0 435 0 435.0 3913 0.11116790186557629 0.11116790186557629
14 4 154165317 0 0.0 1500 298515 5
0 0 0 0 44 0.0 108337 -4.0614009987354274E-4 0.0
1 2 0 0 18 0.0 60050 -2.997502081598668E-4 0.0
2 3 0 0 14 0.0 54918 -2.549255253286718E-4 0.0
3 4 0 0 51 0.0 55218 -9.236118656959688E-4 0.0
4 7 0 3836 5 3836.0 19992 0.1916266506602641 0.19187675070028012
14 4 -1811848068 0 0.0 1500 310438 5
0 0 0 0 50 0.0 113187 -4.417468437188016E-4 0.0
1 2 0 0 15 0.0 63346 -2.3679474631389512E-4 0.0
2 3 0 0 13 0.0 55513 -2.3417938140615711E-4 0.0
3 4 0 0 41 0.0 57421 -7.140244858152941E-4 0.0
4 7 0 2747 8 2747.0 20971 0.1306089361499213 0.13099041533546327
14 4 884359087 0 0.0 1500 309518 5
0 0 0 0 56 0.0 117362 -4.7715614934987476E-4 0.0
1 2 0 0 37 0.0 61047 -6.060903893721231E-4 0.0
2 3 0 0 20 0.0 56124 -3.5635378804076687E-4 0.0
3 4 0 0 38 0.0 55674 -6.825448144555807E-4 0.0
4 7 0 119 10 119.0 19311 0.005644451348972088 0.00616229092227228
14 4 1009696143 0 0.0 1500 308876 5
0 0 0 0 52 0.0 114294 -4.5496701489142037E-4 0.0
1 2 0 0 16 0.0 61634 -2.5959697569523317E-4 0.0
2 3 0 0 38 0.0 56249 -6.755675656456115E-4 0.0
3 4 0 0 41 0.0 56360 -7.274662881476225E-4 0.0
4 7 0 3366 2 3366.0 20339 0.16539652883622596 0.16549486208761494
14 4 -531006196 0 0.0 1500 308206 5
0 0 0 0 51 0.0 115855 -4.4020542920029346E-4 0.0
1 2 0 0 9 0.0 60647 -1.4839975596484575E-4 0.0
2 3 0 0 10 0.0 58238 -1.7170919331020983E-4 0.0
3 4 0 0 39 0.0 55918 -6.974498372617047E-4 0.0
4 7 0 99 2 99.0 17548 0.005527695463870526 0.005641668566218372
14 4 -1417253497 0 0.0 1500 310207 5
0 0 0 0 58 0.0 112764 -5.143485509559788E-4 0.0
1 2 0 0 33 0.0 61905 -5.330748727889508E-4 0.0
2 3 0 0 19 0.0 58818 -3.2303036485429633E-4 0.0
3 4 0 0 34 0.0 57850 -5.877268798617113E-4 0.0
4 7 0 3615 8 3615.0 18870 0.19114997350291468 0.1915739268680445
14 4 -389605674 0 0.0 1500 308734 5
0 0 0 0 61 0.0 112910 -5.402532990877691E-4 0.0
1 2 0 0 23 0.0 60354 -3.810849322331577E-4 0.0
2 3 0 0 10 0.0 57864 -1.728190239181529E-4 0.0
3 4 0 0 20 0.0 56811 -3.520444984246009E-4 0.0
4 7 0 3586 34 3586.0 20795 0.170810290935321 0.1724452993508055
14 4 -1483269653 0 0.0 1500 309807 5
0 0 0 0 52 0.0 113146 -4.59583193396143E-4 0.0
1 2 0 0 36 0.0 62769 -5.735315203364718E-4 0.0
2 3 0 0 17 0.0 55749 -3.0493820516959945E-4 0.0
3 4 0 0 48 0.0 56758 -8.456957609499983E-4 0.0
4 7 0 3752 6 3752.0 21385 0.1751695113397241 0.17545008183306054
14 4 490818819 0 0.0 1500 311324 5
0 0 0 0 42 0.0 114241 -3.6764384065265536E-4 0.0
1 2 0 0 19 0.0 62582 -3.0360167460292097E-4 0.0
2 3 0 0 15 0.0 56533 -2.6533175313533686E-4 0.0
3 4 0 0 39 0.0 57148 -6.824385805277526E-4 0.0
4 7 0 2759 8 2759.0 20820 0.13213256484149855 0.1325168107588857
14 4 -617683806 0 0.0 1500 310150 5
0 0 0 0 51 0.0 116422 -4.380615347614712E-4 0.0
1 2 0 0 7 0.0 61109 -1.1454941170694988E-4 0.0
2 3 0 0 44 0.0 57959 -7.591573353577528E-4 0.0
3 4 0 0 11 0.0 56308 -1.9535412374795767E-4 0.0
4 7 0 75 0 75.0 18352 0.0040867480383609414 0.0040867480383609414
14 4 752402210 0 0.0 1500 312713 5
0 0 0 0 57 0.0 113059 -5.04161543972616E-4 0.0
1 2 0 0 22 0.0 62254 -3.533909467664728E-4 0.0
2 3 0 0 11 0.0 59084 -1.8617561437952746E-4 0.0
3 4 0 0 28 0.0 58033 -4.824841038719349E-4 0.0
4 7 0 4005 29 4005.0 20283 0.19602622886160825 0.19745599763348617
14 4 -1476806420 0 0.0 1500 312240 5
0 0 0 0 45 0.0 115172 -3.9071996665856286E-4 0.0
1 2 0 0 22 0.0 62728 -3.507205713556944E-4 0.0
2 3 0 0 47 0.0 56321 -8.345022282985032E-4 0.0
3 4 0 0 35 0.0 56883 -6.152980679640666E-4 0.0
4 7 0 3405 5 3405.0 21136 0.16086298258894777 0.1610995457986374
14 4 -1178881733 0 0.0 1500 311223 5
0 0 0 0 25 0.0 115361 -2.1671102018879865E-4 0.0
1 2 0 0 28 0.0 62589 -4.473629551518637E-4 0.0
2 3 0 0 26 0.0 55764 -4.662506276450757E-4 0.0
3 4 0 0 39 0.0 56834 -6.862089594256959E-4 0.0
4 7 0 3704 4 3704.0 20675 0.17896009673518742 0.17915356711003627
14 4 -270576511 1 1.0 1500 309815 5
0 0 0 0 72 0.0 112092 -6.423295150412161E-4 0.0
1 2 0 0 13 0.0 62174 -2.090906166564802E-4 0.0
2 3 0 0 2 0.0 57280 -3.491620111731843E-5 0.0
3 4 0 0 8 0.0 57923 -1.3811439324620616E-4 0.0
4 7 0 4296 7 4296.0 20346 0.21080310626167306 0.21114715423179004
14 4 -1356278868 0 0.0 1500 311423 5
0 0 0 0 60 0.0 113942 -5.265837004791912E-4 0.0
1 2 0 0 35 0.0 63420 -5.518763796909492E-4 0.0
2 3 0 0 6 0.0 56474 -1.0624358111697418E-4 0.0
3 4 0 0 34 0.0 57569 -5.905956330664073E-4 0.0
4 7 0 3002 13 3002.0 20018 0.1493156159456489 0.1499650314716755
14 4 776673458 0 0.0 1500 312235 5
0 0 0 0 40 0.0 113316 -3.5299516396625365E-4 0.0
1 2 0 0 61 0.0 62455 -9.767032263229526E-4 0.0
2 3 0 0 52 0.0 58488 -8.890712624811928E-4 0.0
3 4 0 0 16 0.0 57669 -2.774454212835319E-4 0.0
4 7 0 3884 11 3884.0 20307 0.1907224109912838 0.19126409612448908
14 4 -1603600080 0 0.0 1500 310785 5
0 0 0 0 58 0.0 114117 -5.082503045120359E-4 0.0
1 2 0 0 27 0.0 61809 -4.368295879240887E-4 0.0
2 3 0 0 9 0.0 56933 -1.580805508228971E-4 0.0
3 4 0 0 18 0.0 57313 -3.1406487184408425E-4 0.0
4 7 0 3549 33 3549.0 20613 0.17057196914568476 0.1721729005967108
14 4 -784882323 0 0.0 1500 311161 5
0 0 0 0 48 0.0 112609 -4.262536742178689E-4 0.0
1 2 0 0 13 0.0 62913 -2.066345588352169E-4 0.0
2 3 0 0 16 0.0 57658 -2.774983523535329E-4 0.0
3 4 0 0 48 0.0 57466 -8.352765113284377E-4 0.0
4 7 0 3662 2 3662.0 20515 0.17840604435778698 0.17850353399951255
14 4 -2030031708 0 0.0 1500 310062 5
0 0 0 0 60 0.0 113217 -5.29955748694984E-4 0.0
1 2 0 0 24 0.0 62344 -3.8496086231233157E-4 0.0
2 3 0 0 17 0.0 57335 -2.9650300863346996E-4 0.0
3 4 0 0 44 0.0 57386 -7.667375318021817E-4 0.0
4 7 0 3048 5 3048.0 19780 0.1538422649140546 0.15409504550050557
14 4 1528314188 0 0.0 1500 309304 5
0 0 0 0 55 0.0 113315 -4.853726338084102E-4 0.0
1 2 0 0 52 0.0 61847 -8.407845166297476E-4 0.0
2 3 0 0 46 0.0 56917 -8.081943883198341E-4 0.0
3 4 0 0 25 0.0 56727 -4.407072469899695E-4 0.0
4 7 0 3063 5 3063.0 20498 0.1491852863694019 0.14942921260610792
