10 0 1831196682 1 1.0 1077 125622 5
0 0 0 42 0 27.0 124687 3.368434560138587E-4 2.1654222172319489E-4
1 5 0 0 0 0.0 111 0.0 0.0
2 11 0 0 0 0.0 201 0.0 0.0
3 12 0 0 0 -224.0 244 0.0 -0.9180327868852459
4 12 1 0 0 748.0 379 0.0 1.9736147757255937
10 0 -1951103942 1 2.0 1208 148527 4
0 0 0 24 0 0.0 148316 1.6181666172226868E-4 0.0
1 5 0 0 0 0.0 52 0.0 0.0
2 11 0 0 0 0.0 69 0.0 0.0
3 12 1 0 0 180.0 90 0.0 2.0
10 0 1410673142 0 -9.0 1500 163521 6
0 0 0 0 10 0.0 161511 -6.191528750363752E-5 0.0
1 5 0 0 0 0.0 25 0.0 0.0
2 10 0 0 0 18.0 9 0.0 2.0
3 11 0 0 0 16.0 392 0.0 0.04081632653061224
4 12 0 0 0 -1291.0 1345 0.0 -0.9598513011152416
5 12 1 0 0 451.0 239 0.0 1.887029288702929
10 0 -1440931196 0 -24.0 1500 163269 5
0 0 0 10 9 0.0 157703 6.341033461633577E-6 0.0
1 5 0 0 0 0.0 259 0.0 0.0
2 11 0 0 0 14.0 488 0.0 0.028688524590163935
3 12 0 0 0 -3818.0 4296 0.0 -0.888733705772812
4 12 1 0 0 810.0 523 0.0 1.5487571701720841
10 0 -464230199 1 10.0 1347 148662 5
0 0 0 31 0 13.0 147811 2.0972728687310147E-4 8.795015255968771E-5
1 10 0 0 0 494.0 247 0.0 2.0
2 11 0 0 0 0.0 198 0.0 0.0
3 12 0 0 0 -2.0 2 0.0 -1.0
4 12 1 0 0 808.0 404 0.0 2.0
10 0 455010590 0 4.0 1500 169633 5
0 0 0 0 66 54.0 169205 -3.9005939540793713E-4 3.191395053337667E-4
1 5 0 0 0 0.0 108 0.0 0.0
2 10 0 0 0 140.0 70 0.0 2.0
3 11 0 0 0 0.0 47 0.0 0.0
4 12 1 0 0 406.0 203 0.0 2.0
10 0 -319069482 0 2.0 1500 179736 5
0 0 0 3 8 0.0 179323 -2.788264751314667E-5 0.0
1 5 0 0 0 0.0 81 0.0 0.0
2 10 0 0 0 2.0 1 0.0 2.0
3 11 0 0 0 2.0 92 0.0 0.021739130434782608
4 12 1 0 0 478.0 239 0.0 2.0
10 0 -12925881 1 1.0 1041 126277 5
0 0 0 40 0 0.0 126188 3.1698735220464703E-4 0.0
1 5 0 0 0 0.0 49 0.0 0.0
2 10 0 0 0 12.0 6 0.0 2.0
3 11 0 0 0 0.0 31 0.0 0.0
4 12 1 0 0 6.0 3 0.0 2.0
10 0 517557203 1 2.0 1198 144209 4
0 0 0 12 0 0.0 143988 8.33402783565297E-5 0.0
1 5 0 0 0 0.0 48 0.0 0.0
2 11 0 0 0 0.0 51 0.0 0.0
3 12 1 0 0 244.0 122 0.0 2.0
10 0 -309026145 1 1.0 868 102224 6
0 0 0 41 0 -7.0 99558 4.118202454850439E-4 -7.031077361939773E-5
1 5 0 0 0 0.0 118 0.0 0.0
2 10 0 0 0 62.0 31 0.0 2.0
3 11 0 0 0 0.0 149 0.0 0.0
4 12 0 0 0 -1928.0 2154 0.0 -0.8950789229340761
5 12 1 0 0 315.0 214 0.0 1.47196261682243
10 0 1002384946 1 6.0 1428 155038 6
0 0 0 5 0 76.0 151457 3.301267026284688E-5 5.017925879952726E-4
1 5 0 0 0 0.0 6 0.0 0.0
2 10 0 0 0 258.0 129 0.0 2.0
3 11 0 0 0 12.0 631 0.0 0.01901743264659271
4 12 0 0 0 -1705.0 2017 0.0 -0.8453148239960337
5 12 1 0 0 1440.0 798 0.0 1.8045112781954886
10 0 1173437079 1 1.0 1300 151830 5
0 0 0 23 0 13.0 145620 1.5794533717895893E-4 8.927345144897679E-5
1 5 0 0 0 0.0 48 0.0 0.0
2 11 0 0 0 24.0 859 0.0 0.027939464493597205
3 12 0 0 0 -3657.0 4035 0.0 -0.9063197026022305
4 12 1 0 0 2355.0 1268 0.0 1.8572555205047319
10 0 627650224 0 2.0 1500 166479 5
0 0 0 0 9 2.0 166150 -5.416792055371652E-5 1.2037315678603671E-5
1 10 0 0 0 160.0 79 0.0 2.0253164556962027
2 11 0 0 0 4.0 149 0.0 0.026845637583892617
3 12 0 0 0 -1.0 1 0.0 -1.0
4 12 1 0 0 200.0 100 0.0 2.0
10 0 445382707 1 1.0 592 70083 6
0 0 0 28 0 -60.0 65648 4.265171825493541E-4 -9.139653911771874E-4
1 5 0 0 0 2.0 282 0.0 0.0070921985815602835
2 10 0 0 0 196.0 98 0.0 2.0
3 11 0 0 0 70.0 739 0.0 0.09472259810554803
4 12 0 0 0 -1948.0 2276 0.0 -0.8558875219683656
5 12 1 0 0 1916.0 1040 0.0 1.8423076923076922
10 0 -1084127630 0 11.0 1500 161577 6
0 0 0 0 3 66.0 160170 -1.8730099269526127E-5 4.1206218392957484E-4
1 5 0 0 0 0.0 226 0.0 0.0
2 10 0 0 0 902.0 451 0.0 2.0
3 11 0 0 0 2.0 58 0.0 0.034482758620689655
4 12 0 0 0 -211.0 287 0.0 -0.735191637630662
5 12 1 0 0 732.0 385 0.0 1.9012987012987013
10 0 2132321344 1 9.0 933 113899 4
0 0 0 10 0 118.0 112917 8.856062417527919E-5 0.0010450153652682944
1 11 0 0 0 2.0 274 0.0 0.0072992700729927005
2 12 0 0 0 -89.0 99 0.0 -0.898989898989899
3 12 1 0 0 1213.0 609 0.0 1.9917898193760262
10 0 1290994410 0 6.0 1500 168152 6
0 0 0 0 13 33.0 166447 -7.810293967449097E-5 1.982613084044771E-4
1 5 0 0 0 0.0 201 0.0 0.0
2 10 0 0 0 136.0 68 0.0 2.0
3 11 0 0 0 6.0 281 0.0 0.021352313167259787
4 12 0 0 0 -251.0 391 0.0 -0.6419437340153452
5 12 1 0 0 1460.0 764 0.0 1.9109947643979057
10 0 -1356142032 0 8.0 1500 173379 5
0 0 0 0 7 32.0 172712 -4.052989948584927E-5 1.8527954050673954E-4
1 5 0 0 0 0.0 123 0.0 0.0
2 10 0 0 0 818.0 341 0.0 2.398826979472141
3 11 0 0 0 0.0 128 0.0 0.0
4 12 1 0 0 150.0 75 0.0 2.0
10 0 -919522160 0 2.0 1500 175552 5
0 0 0 0 9 0.0 175324 -5.1333531062490015E-5 0.0
1 5 0 0 0 0.0 72 0.0 0.0
2 10 0 0 0 8.0 4 0.0 2.0
3 11 0 0 0 0.0 66 0.0 0.0
4 12 1 0 0 172.0 86 0.0 2.0
10 0 1894407566 0 6.0 1500 175852 5
0 0 0 0 8 -51.0 174727 -4.5785711424107324E-5 -2.918839103286842E-4
1 5 0 0 0 2.0 94 0.0 0.02127659574468085
2 11 0 0 0 0.0 165 0.0 0.0
3 12 0 0 0 -268.0 440 0.0 -0.6090909090909091
4 12 1 0 0 772.0 426 0.0 1.812206572769953
10 1 -911148098 1 1.0 875 27559 6
0 0 0 18 0 45.0 19304 9.324492333195193E-4 0.002331123083298798
1 5 0 0 0 0.0 6 0.0 0.0
2 10 0 0 0 164.0 82 0.0 2.0
3 11 0 0 0 2.0 533 0.0 0.00375234521575985
4 12 0 0 0 -6366.0 6982 0.0 -0.9117731309080492
5 12 1 0 0 996.0 652 0.0 1.5276073619631902
10 1 -963200941 1 1.0 1395 39477 6
0 0 0 28 0 1.0 28409 9.856031539300927E-4 3.520011264036045E-5
1 5 0 0 0 0.0 8 0.0 0.0
2 10 0 0 0 180.0 90 0.0 2.0
3 11 0 0 0 32.0 769 0.0 0.04161248374512354
4 12 0 0 0 -7221.0 8583 0.0 -0.8413142257951766
5 12 1 5 0 2917.0 1618 0.0030902348578491965 1.8028430160692213
10 1 -1163256549 1 6.0 1494 37459 5
0 0 0 4 3 24.0 37111 2.69461884616421E-5 6.467085230794104E-4
1 10 0 0 0 42.0 21 0.0 2.0
2 11 0 0 0 0.0 100 0.0 0.0
3 12 0 0 0 -1.0 1 0.0 -1.0
4 12 1 0 0 478.0 226 0.0 2.1150442477876106
10 1 -642586796 0 -22.0 1500 41178 6
0 0 0 0 44 5.0 37567 -0.0011712407165863656 1.3309553597572337E-4
1 5 0 0 0 0.0 52 0.0 0.0
2 10 0 0 0 78.0 39 0.0 2.0
3 11 0 0 0 12.0 260 0.0 0.046153846153846156
4 12 0 0 0 -2261.0 2629 0.0 -0.8600228223659186
5 12 1 0 0 1078.0 631 0.0 1.7083993660855785
10 1 -1632663207 0 -24.0 1500 41047 5
0 0 0 3 42 23.0 37590 -0.0010375099760574621 6.118648576749136E-4
1 10 0 0 0 29.0 15 0.0 1.9333333333333333
2 11 0 0 0 4.0 227 0.0 0.01762114537444934
3 12 0 0 0 -2280.0 2558 0.0 -0.8913213448006255
4 12 1 0 0 1277.0 657 0.0 1.943683409436834
10 1 -95549867 1 2.0 603 17736 4
0 0 0 5 0 0.0 17670 2.829654782116582E-4 0.0
1 10 0 0 0 2.0 1 0.0 2.0
2 11 0 0 0 0.0 45 0.0 0.0
3 12 1 0 0 40.0 20 0.0 2.0
10 1 -1442559587 1 1.0 959 27899 6
0 0 0 13 0 -61.0 17260 7.531865585168019E-4 -0.003534183082271147
1 5 0 0 0 2.0 46 0.0 0.043478260869565216
2 10 0 0 0 55.0 28 0.0 1.9642857142857142
3 11 0 0 0 20.0 515 0.0 0.038834951456310676
4 12 0 0 0 -7721.0 8821 0.0 -0.8752975853077882
5 12 1 0 0 1917.0 1229 0.0 1.5598047192839708
10 1 1660027212 1 1.0 816 23244 6
0 0 0 44 0 -2.0 19617 0.002242952541163277 -1.019523882346944E-4
1 5 0 0 0 0.0 22 0.0 0.0
2 10 0 0 0 2.0 1 0.0 2.0
3 11 0 0 0 2.0 391 0.0 0.005115089514066497
4 12 0 0 0 -2195.0 2681 0.0 -0.8187243565833644
5 12 1 0 0 821.0 532 0.0 1.5432330827067668
10 1 -769529797 0 8.0 1500 35069 5
0 0 0 3 35 20.0 34551 -9.261671152788632E-4 5.788544470492895E-4
1 10 0 0 0 2.0 1 0.0 2.0
2 11 0 0 0 0.0 214 0.0 0.0
3 12 0 0 0 -46.0 96 0.0 -0.4791666666666667
4 12 1 0 0 392.0 207 0.0 1.893719806763285
10 1 768198001 0 7.0 1500 38075 6
0 0 0 62 16 17.0 37442 0.0012285668500614283 4.540355750227018E-4
1 5 0 0 0 0.0 1 0.0 0.0
2 10 0 123 0 702.0 351 0.3504273504273504 2.0
3 11 0 0 0 0.0 107 0.0 0.0
4 12 0 0 0 -62.0 76 0.0 -0.8157894736842105
5 12 1 0 0 189.0 98 0.0 1.9285714285714286
10 1 -985001677 0 3.0 1500 34351 6
0 0 0 0 40 -2.0 33690 -0.0011872959335114278 -5.936479667557139E-5
1 5 0 0 0 0.0 44 0.0 0.0
2 10 0 0 0 102.0 51 0.0 2.0
3 11 0 0 0 0.0 117 0.0 0.0
4 12 0 0 0 -178.0 206 0.0 -0.8640776699029126
5 12 1 0 0 472.0 243 0.0 1.9423868312757202
10 1 2084445029 1 8.0 1194 30920 5
0 0 0 19 0 10.0 30480 6.233595800524934E-4 3.2808398950131233E-4
1 5 0 0 0 0.0 1 0.0 0.0
2 11 0 0 0 0.0 153 0.0 0.0
3 12 0 0 0 -29.0 51 0.0 -0.5686274509803921
4 12 1 0 0 497.0 235 0.0 2.1148936170212767
10 1 986917867 0 7.0 1500 37351 4
0 0 0 0 49 23.0 36871 -0.0013289577174473164 6.237964796181281E-4
1 11 0 0 0 2.0 113 0.0 0.017699115044247787
2 12 0 0 0 -61.0 81 0.0 -0.7530864197530864
3 12 1 0 0 565.0 286 0.0 1.9755244755244756
10 1 -1607325618 1 1.0 1440 43072 6
0 0 0 15 0 56.0 26145 5.737234652897303E-4 0.00214190093708166
1 5 0 0 0 0.0 3 0.0 0.0
2 10 0 0 0 22.0 11 0.0 2.0
3 11 0 0 0 42.0 870 0.0 0.04827586206896552
4 12 0 0 0 -12235.0 14167 0.0 -0.8636267381943954
5 12 1 0 0 2982.0 1876 0.0 1.5895522388059702
10 1 272971589 0 -18.0 1500 35398 6
0 0 0 0 38 2.0 33388 -0.001138133461123757 5.9901761111776687E-5
1 5 0 0 0 0.0 30 0.0 0.0
2 10 0 0 0 2.0 1 0.0 2.0
3 11 0 0 0 2.0 145 0.0 0.013793103448275862
4 12 0 0 0 -1397.0 1503 0.0 -0.929474384564205
5 12 1 0 0 609.0 331 0.0 1.8398791540785497
10 1 405983844 1 1.0 1133 28496 5
0 0 0 23 0 16.0 26482 8.685144626538781E-4 6.041839740200891E-4
1 10 0 0 0 88.0 44 0.0 2.0
2 11 0 0 0 0.0 160 0.0 0.0
3 12 0 0 0 -1179.0 1415 0.0 -0.8332155477031802
4 12 1 0 0 672.0 395 0.0 1.70126582278481
10 1 -1129582789 0 -13.0 1500 32473 5
0 0 0 2 35 4.0 30342 -0.0010876013446707534 1.318304660206974E-4
1 5 0 0 0 0.0 1 0.0 0.0
2 11 0 0 0 8.0 446 0.0 0.017937219730941704
3 12 0 0 0 -1240.0 1396 0.0 -0.8882521489971347
4 12 1 0 0 498.0 288 0.0 1.7291666666666667
10 1 -1912130182 1 9.0 1170 27885 5
0 0 0 9 0 34.0 26931 3.341873677175003E-4 0.0012624856113772232
1 10 0 15 0 268.0 134 0.11194029850746269 2.0
2 11 0 0 0 2.0 129 0.0 0.015503875968992248
3 12 0 0 0 -322.0 388 0.0 -0.8298969072164949
4 12 1 0 0 597.0 303 0.0 1.9702970297029703
10 1 1272105824 0 6.0 1500 34106 5
0 0 0 0 35 4.0 33879 -0.0010330883438118008 1.1806723929277724E-4
1 10 0 0 0 24.0 12 0.0 2.0
2 11 0 0 0 0.0 92 0.0 0.0
3 12 0 0 0 -24.0 30 0.0 -0.8
4 12 1 0 0 223.0 93 0.0 2.3978494623655915
10 1 -1191844852 1 1.0 1402 33456 5
0 0 0 27 0 12.0 30543 8.839996071112857E-4 3.9288871427168253E-4
1 5 0 0 0 0.0 1 0.0 0.0
2 11 0 0 0 20.0 437 0.0 0.04576659038901602
3 12 0 0 0 -1463.0 1923 0.0 -0.7607904316172647
4 12 1 0 0 874.0 552 0.0 1.5833333333333333
10 2 1000741232 1 2.0 1161 2204 4
0 0 0 1 0 -3.0 2190 4.5662100456621003E-4 -0.0013698630136986301
1 11 0 0 0 0.0 1 0.0 0.0
2 12 0 0 0 -9.0 9 0.0 -1.0
3 12 1 0 0 8.0 4 0.0 2.0
10 2 346962816 0 4.0 1500 2968 3
0 0 0 0 1 0.0 2962 -3.3760972316002703E-4 0.0
1 11 0 0 0 0.0 2 0.0 0.0
2 12 1 0 0 8.0 4 0.0 2.0
10 2 -1379044508 0 -68.0 1500 2996 4
0 0 0 0 1 -1.0 2596 -3.852080123266564E-4 -3.852080123266564E-4
1 11 0 0 0 0.0 19 0.0 0.0
2 12 0 0 0 -307.0 353 0.0 -0.8696883852691218
3 12 1 0 0 33.0 28 0.0 1.1785714285714286
10 2 -1045973440 1 6.0 1285 2296 5
0 0 0 1 0 0.0 2271 4.4033465433729633E-4 0.0
1 10 0 0 0 4.0 2 0.0 2.0
2 11 0 0 0 0.0 7 0.0 0.0
3 12 0 0 0 -8.0 8 0.0 -1.0
4 12 1 0 0 16.0 8 0.0 2.0
10 2 -1210335381 1 3.0 1491 2815 4
0 0 0 1 0 0.0 2789 3.5855145213338117E-4 0.0
1 11 0 0 0 0.0 18 0.0 0.0
2 12 0 0 0 1.0 3 0.0 0.3333333333333333
3 12 1 0 0 8.0 5 0.0 1.6
10 2 -1603930318 0 1.0 1500 2945 4
0 0 0 0 1 -1.0 2915 -3.4305317324185246E-4 -3.4305317324185246E-4
1 11 0 0 0 0.0 20 0.0 0.0
2 12 0 0 0 -8.0 8 0.0 -1.0
3 12 1 0 0 4.0 2 0.0 2.0
10 2 -554482046 1 1.0 1223 2408 4
0 0 0 1 0 0.0 2392 4.180602006688963E-4 0.0
1 11 0 0 0 0.0 9 0.0 0.0
2 12 0 0 0 -4.0 4 0.0 -1.0
3 12 1 0 0 6.0 3 0.0 2.0
10 2 688402507 0 -18.0 1500 2945 5
0 0 0 0 1 -7.0 2803 -3.5676061362825543E-4 -0.0024973242953977882
1 10 0 0 0 2.0 1 0.0 2.0
2 11 0 0 0 0.0 9 0.0 0.0
3 12 0 0 0 -111.0 123 0.0 -0.9024390243902439
4 12 1 0 0 12.0 9 0.0 1.3333333333333333
10 2 -1607771415 0 2.0 1500 2962 4
0 0 0 0 1 0.0 2950 -3.3898305084745765E-4 0.0
1 11 0 0 0 0.0 6 0.0 0.0
2 12 0 0 0 -4.0 4 0.0 -1.0
3 12 1 0 0 4.0 2 0.0 2.0
10 2 358847635 1 1.0 1113 2456 4
0 0 0 1 0 -2.0 1891 5.288207297726071E-4 -0.0010576414595452142
1 11 0 0 0 0.0 17 0.0 0.0
2 12 0 0 0 -512.0 534 0.0 -0.9588014981273408
3 12 1 0 0 20.0 14 0.0 1.4285714285714286
10 2 424518181 1 1.0 1184 2414 4
0 0 0 1 0 0.0 2118 4.7214353163361664E-4 0.0
1 11 0 0 0 0.0 8 0.0 0.0
2 12 0 0 0 -231.0 267 0.0 -0.8651685393258427
3 12 1 0 0 24.0 21 0.0 1.1428571428571428
10 2 -134298358 1 3.0 786 1501 4
0 0 0 1 0 1.0 1476 6.775067750677507E-4 6.775067750677507E-4
1 11 0 0 0 0.0 10 0.0 0.0
2 12 0 0 0 -6.0 6 0.0 -1.0
3 12 1 0 0 18.0 9 0.0 2.0
10 2 2011094779 0 6.0 1500 2950 3
0 0 0 0 1 0.0 2934 -3.4083162917518747E-4 0.0
1 11 0 0 0 0.0 7 0.0 0.0
2 12 1 0 0 18.0 9 0.0 2.0
10 2 199555591 1 1.0 1307 2579 3
0 0 0 1 0 0.0 2574 3.885003885003885E-4 0.0
1 11 0 0 0 0.0 4 0.0 0.0
2 12 0 0 0 -1.0 1 0.0 -1.0
10 2 1573462890 1 2.0 1487 2941 3
0 0 0 1 0 0.0 2933 3.4094783498124785E-4 0.0
1 11 0 0 0 0.0 6 0.0 0.0
2 12 1 0 0 4.0 2 0.0 2.0
10 2 1166152453 1 2.0 870 1664 3
0 0 0 1 0 0.0 1656 6.038647342995169E-4 0.0
1 11 0 0 0 0.0 6 0.0 0.0
2 12 1 0 0 4.0 2 0.0 2.0
10 2 737863836 0 5.0 1500 2820 4
0 0 0 0 1 -3.0 2799 -3.572704537334762E-4 -0.0010718113612004287
1 11 0 0 0 0.0 10 0.0 0.0
2 12 0 0 0 -3.0 3 0.0 -1.0
3 12 1 0 0 16.0 8 0.0 2.0
10 2 -1001908746 1 5.0 993 1899 4
0 0 0 1 0 2.0 1875 5.333333333333334E-4 0.0010666666666666667
1 11 0 0 0 0.0 12 0.0 0.0
2 12 0 0 0 2.0 2 0.0 1.0
3 12 1 0 0 18.0 10 0.0 1.8
10 2 -1333863711 0 5.0 1500 2868 4
0 0 0 0 1 -2.0 2843 -3.5174111853675694E-4 -7.034822370735139E-4
1 11 0 0 0 0.0 10 0.0 0.0
2 12 0 0 0 -7.0 7 0.0 -1.0
3 12 1 0 0 16.0 8 0.0 2.0
10 2 376993436 0 2.0 1500 2977 3
0 0 0 0 1 0.0 2969 -3.368137420006736E-4 0.0
1 11 0 0 0 0.0 6 0.0 0.0
2 12 1 0 0 4.0 2 0.0 2.0
10 3 1582767478 1 1.0 1333 29274 6
0 0 0 22 0 -21.0 16978 0.0012957945576628578 -0.001236894805041819
1 5 0 0 0 0.0 20 0.0 0.0
2 10 0 0 0 38.0 23 0.0 1.6521739130434783
3 11 0 0 0 18.0 423 0.0 0.0425531914893617
4 12 0 14 0 -8987.0 10303 0.0013588275259633117 -0.8722702125594487
5 12 1 1 0 2404.0 1527 6.548788474132286E-4 1.5743287491814015
10 3 280775172 1 12.0 1076 13157 4
0 0 0 3 0 14.0 12822 2.339728591483388E-4 0.0010918733426922478
1 10 0 2 0 220.0 110 0.01818181818181818 2.0
2 11 0 0 0 0.0 15 0.0 0.0
3 12 1 0 0 420.0 210 0.0 2.0
10 3 -1396583067 1 1.0 1413 19479 5
0 0 0 4 0 -3.0 13913 2.875008984403076E-4 -2.1562567383023073E-4
1 10 0 0 0 60.0 30 0.0 2.0
2 11 0 0 0 32.0 565 0.0 0.05663716814159292
3 12 0 0 0 -3329.0 3915 0.0 -0.8503192848020434
4 12 1 0 0 1843.0 1056 0.0 1.7452651515151516
10 3 -2100565714 0 -47.0 1500 21327 6
0 0 0 0 7 12.0 14947 -4.683214022880846E-4 8.028366896367164E-4
1 5 0 0 0 0.0 111 0.0 0.0
2 10 0 0 0 220.0 114 0.0 1.9298245614035088
3 11 0 0 0 30.0 689 0.0 0.04354136429608128
4 12 0 0 0 -3631.0 4293 0.0 -0.8457954810156068
5 12 1 0 0 2094.0 1173 0.0 1.7851662404092072
10 3 -606096227 0 8.0 1500 21119 6
0 0 0 0 3 8.0 20610 -1.455604075691412E-4 3.8816108685104316E-4
1 5 0 0 0 0.0 19 0.0 0.0
2 10 0 0 0 202.0 101 0.0 2.0
3 11 0 0 0 0.0 229 0.0 0.0
4 12 0 0 0 -1.0 1 0.0 -1.0
5 12 1 0 0 318.0 159 0.0 2.0
10 3 -792933650 0 2.0 1500 18122 5
0 0 0 0 13 8.0 17328 -7.502308402585411E-4 4.616805170821791E-4
1 10 0 0 0 80.0 40 0.0 2.0
2 11 0 0 0 0.0 182 0.0 0.0
3 12 0 0 0 -355.0 435 0.0 -0.8160919540229885
4 12 1 0 0 234.0 137 0.0 1.7080291970802919
10 3 -896833964 1 1.0 1057 14944 6
0 0 0 18 0 24.0 12770 0.0014095536413469068 0.001879404855129209
1 5 0 0 0 0.0 30 0.0 0.0
2 10 0 0 0 2.0 1 0.0 2.0
3 11 0 0 0 2.0 331 0.0 0.006042296072507553
4 12 0 0 0 -851.0 1179 0.0 -0.7217981340118744
5 12 1 0 0 1244.0 633 0.0 1.9652448657187993
10 3 -70899714 0 3.0 1500 19241 6
0 0 0 0 11 4.0 17631 -6.239010833191537E-4 2.26873121206965E-4
1 5 0 0 0 0.0 86 0.0 0.0
2 10 0 0 0 194.0 91 0.0 2.131868131868132
3 11 0 0 0 20.0 230 0.0 0.08695652173913043
4 12 0 0 0 -594.0 814 0.0 -0.7297297297297297
5 12 1 0 0 681.0 389 0.0 1.750642673521851
10 3 1310671013 0 6.0 1500 17954 6
0 0 0 0 20 0.0 17788 -0.001124353496739375 0.0
1 5 0 0 0 0.0 9 0.0 0.0
2 10 0 0 0 128.0 62 0.0 2.064516129032258
3 11 0 0 0 0.0 23 0.0 0.0
4 12 0 0 0 -17.0 17 0.0 -1.0
5 12 1 0 0 110.0 55 0.0 2.0
10 3 1839316014 1 8.0 1287 17512 5
0 0 0 4 0 52.0 16849 2.374028132233367E-4 0.003086236571903377
1 10 0 0 0 918.0 458 0.0 2.004366812227074
2 11 0 0 0 0.0 65 0.0 0.0
3 12 0 0 0 -1.0 1 0.0 -1.0
4 12 1 0 0 278.0 139 0.0 2.0
10 3 -1205353094 1 1.0 1255 16152 6
0 0 0 1 0 -2.0 13806 7.243227582210633E-5 -1.4486455164421265E-4
1 5 0 0 0 0.0 17 0.0 0.0
2 10 0 0 0 102.0 51 0.0 2.0
3 11 0 0 0 22.0 720 0.0 0.030555555555555555
4 12 0 0 0 -930.0 1082 0.0 -0.8595194085027726
5 12 1 0 0 876.0 476 0.0 1.8403361344537814
10 3 -542516968 1 1.0 528 8376 5
0 0 0 2 0 8.0 5310 3.766478342749529E-4 0.0015065913370998117
1 10 0 0 0 18.0 9 0.0 2.0
2 11 0 1 0 4.0 263 0.0038022813688212928 0.015209125475285171
3 12 0 6 0 -1776.0 2144 0.002798507462686567 -0.8283582089552238
4 12 1 13 0 1127.0 650 0.02 1.7338461538461538
10 3 1126959413 0 5.0 1500 18673 6
0 0 0 0 6 10.0 18019 -3.3298185248903936E-4 5.549697541483989E-4
1 5 0 0 0 0.0 112 0.0 0.0
2 10 0 0 0 156.0 76 0.0 2.0526315789473686
3 11 0 0 0 12.0 138 0.0 0.08695652173913043
4 12 0 0 0 -129.0 141 0.0 -0.9148936170212766
5 12 1 0 0 368.0 187 0.0 1.967914438502674
10 3 -627574033 1 1.0 544 7811 5
0 0 0 25 0 2.0 5233 0.004777374355054462 3.8218994840435696E-4
1 10 0 0 0 211.0 109 0.0 1.9357798165137614
2 11 0 0 0 4.0 240 0.0 0.016666666666666666
3 12 0 26 0 -1693.0 1957 0.013285641287685232 -0.8650996423096576
4 12 1 1 0 435.0 272 0.003676470588235294 1.599264705882353
10 3 -1020911242 1 1.0 749 17451 6
0 0 0 5 0 -7.0 6773 7.382253063635022E-4 -0.001033515428908903
1 5 0 0 0 0.0 21 0.0 0.0
2 10 0 0 0 128.0 64 0.0 2.0
3 11 0 1 0 32.0 674 0.001483679525222552 0.04747774480712166
4 12 0 46 0 -7709.0 8843 0.0052018545742395115 -0.8717629763654868
5 12 1 4 0 1752.0 1076 0.0037174721189591076 1.6282527881040891
10 3 642582376 1 1.0 1218 21494 6
0 0 0 10 0 9.0 15035 6.651147322913202E-4 5.986032590621882E-4
1 5 0 0 0 2.0 18 0.0 0.1111111111111111
2 10 0 0 0 83.0 43 0.0 1.930232558139535
3 11 0 0 0 40.0 741 0.0 0.05398110661268556
4 12 0 0 0 -4210.0 4658 0.0 -0.9038213825676256
5 12 1 0 0 1777.0 999 0.0 1.7787787787787788
10 3 -357127942 1 1.0 1321 16375 6
0 0 0 3 0 16.0 13825 2.1699819168173598E-4 0.0011573236889692586
1 5 0 0 0 2.0 106 0.0 0.018867924528301886
2 10 0 0 0 410.0 199 0.0 2.0603015075376883
3 11 0 0 0 32.0 552 0.0 0.057971014492753624
4 12 0 0 0 -737.0 911 0.0 -0.8090010976948409
5 12 1 0 0 1533.0 782 0.0 1.9603580562659846
10 3 -636688746 0 -20.0 1500 19552 6
0 0 0 4 21 16.0 17119 -9.930486593843098E-4 9.346340323617033E-4
1 5 0 0 0 0.0 21 0.0 0.0
2 10 0 0 0 550.0 257 0.0 2.140077821011673
3 11 0 0 0 0.0 54 0.0 0.0
4 12 0 0 0 -1503.0 1779 0.0 -0.8448566610455311
5 12 1 0 0 545.0 322 0.0 1.6925465838509317
10 3 1687574772 0 -39.0 1500 19970 6
0 0 0 0 1 -1.0 16337 -6.121074860745546E-5 -6.121074860745546E-5
1 5 0 0 0 0.0 35 0.0 0.0
2 10 0 0 0 8.0 3 0.0 2.6666666666666665
3 11 0 0 0 6.0 92 0.0 0.06521739130434782
4 12 0 0 0 -2556.0 3060 0.0 -0.8352941176470589
5 12 1 0 0 674.0 443 0.0 1.5214446952595937
10 3 1744722685 0 -82.0 1500 23835 6
0 0 0 0 12 7.0 16549 -7.251193425584627E-4 4.229862831591033E-4
1 5 0 0 0 2.0 22 0.0 0.09090909090909091
2 10 0 0 0 255.0 128 0.0 1.9921875
3 11 0 0 0 8.0 257 0.0 0.0311284046692607
4 12 0 0 0 -5317.0 5959 0.0 -0.8922638026514516
5 12 1 0 0 1580.0 920 0.0 1.7173913043478262
10 4 -751126578 0 7.0 1500 17269 6
0 0 0 0 40 16.0 16366 -0.002444091409018697 9.776365636074789E-4
1 5 0 0 0 0.0 1 0.0 0.0
2 10 0 0 0 6.0 3 0.0 2.0
3 11 0 0 0 12.0 285 0.0 0.042105263157894736
4 12 0 0 0 -132.0 166 0.0 -0.7951807228915663
5 12 1 0 0 887.0 448 0.0 1.9799107142857142
10 4 -1029505455 1 1.0 1440 18869 5
0 0 0 14 0 26.0 17087 8.193363375665711E-4 0.0015216246269093463
1 10 0 0 0 57.0 29 0.0 1.9655172413793103
2 11 0 0 0 22.0 389 0.0 0.056555269922879174
3 12 0 0 0 -550.0 804 0.0 -0.6840796019900498
4 12 1 1 0 1108.0 560 0.0017857142857142857 1.9785714285714286
10 4 -1313816344 1 1.0 1425 20352 5
0 0 0 36 0 2.0 18955 0.001899235030335004 1.0551305724083355E-4
1 10 0 0 0 168.0 84 0.0 2.0
2 11 0 0 0 0.0 169 0.0 0.0
3 12 0 0 0 -598.0 910 0.0 -0.6571428571428571
4 12 1 0 0 330.0 234 0.0 1.4102564102564104
10 4 -712610342 1 1.0 1070 15510 6
0 0 0 22 0 -5.0 11285 0.001949490474080638 -4.4306601683650863E-4
1 5 0 0 0 0.0 410 0.0 0.0
2 10 0 0 0 166.0 82 0.0 2.024390243902439
3 11 0 0 0 14.0 227 0.0 0.06167400881057269
4 12 0 0 0 -2466.0 2800 0.0 -0.8807142857142857
5 12 1 0 0 1247.0 706 0.0 1.7662889518413598
10 4 1610926029 1 1.0 704 10789 6
0 0 0 22 0 10.0 7793 0.002823046323623765 0.0012832028743744385
1 5 0 0 0 0.0 81 0.0 0.0
2 10 0 0 0 2.0 1 0.0 2.0
3 11 0 0 0 4.0 286 0.0 0.013986013986013986
4 12 0 0 0 -1676.0 2132 0.0 -0.7861163227016885
5 12 1 0 0 846.0 496 0.0 1.7056451612903225
10 4 470029002 0 -23.0 1500 20362 5
0 0 0 0 21 5.0 17304 -0.0012135922330097086 2.8895053166897827E-4
1 5 0 0 0 8.0 146 0.0 0.0547945205479452
2 11 0 0 0 6.0 244 0.0 0.02459016393442623
3 12 0 0 0 -1598.0 2096 0.0 -0.7624045801526718
4 12 1 0 0 895.0 572 0.0 1.5646853146853146
10 4 -603053996 1 2.0 1143 13846 6
0 0 0 9 0 6.0 12618 7.132667617689016E-4 4.7551117451260106E-4
1 5 0 0 0 0.0 51 0.0 0.0
2 10 0 0 0 174.0 84 0.0 2.0714285714285716
3 11 0 0 0 12.0 178 0.0 0.06741573033707865
4 12 0 0 0 -429.0 605 0.0 -0.7090909090909091
5 12 1 0 0 546.0 310 0.0 1.761290322580645
10 4 1869746103 1 6.0 698 10279 5
0 0 0 19 0 0.0 10117 0.0018780270831274092 0.0
1 5 0 0 0 0.0 2 0.0 0.0
2 10 0 0 0 140.0 65 0.0 2.1538461538461537
3 11 0 0 0 0.0 51 0.0 0.0
4 12 1 0 0 88.0 44 0.0 2.0
10 4 784857920 0 -9.0 1500 22905 5
0 0 0 0 29 10.0 20403 -0.0014213596039798068 4.901240013723472E-4
1 5 0 0 0 0.0 1 0.0 0.0
2 11 0 0 0 4.0 64 0.0 0.0625
3 12 0 0 0 -1425.0 1769 0.0 -0.8055398530243075
4 12 1 0 0 1296.0 668 0.0 1.9401197604790419
10 4 -1865807730 0 -29.0 1500 27082 5
0 0 0 0 45 30.0 22725 -0.0019801980198019802 0.0013201320132013201
1 10 0 0 0 64.0 36 0.0 1.7777777777777777
2 11 0 0 0 28.0 404 0.0 0.06930693069306931
3 12 0 0 0 -2259.0 3003 0.0 -0.7522477522477522
4 12 1 0 0 1664.0 914 0.0 1.8205689277899344
10 4 299895087 1 1.0 1375 23155 6
0 0 0 6 0 29.0 18269 3.284252011604357E-4 0.0015873884722754394
1 5 0 0 0 0.0 1 0.0 0.0
2 10 0 0 0 266.0 132 0.0 2.015151515151515
3 11 0 0 0 10.0 222 0.0 0.04504504504504504
4 12 0 0 0 -3353.0 3825 0.0 -0.8766013071895424
5 12 1 0 0 1269.0 706 0.0 1.7974504249291785
10 4 -84429652 0 -50.0 1500 22412 6
0 0 0 0 34 -3.0 17091 -0.0019893511204727636 -1.75530981218185E-4
1 5 0 0 0 0.0 104 0.0 0.0
2 10 0 0 0 14.0 7 0.0 2.0
3 11 0 0 0 26.0 936 0.0 0.027777777777777776
4 12 0 0 0 -3024.0 3532 0.0 -0.8561721404303511
5 12 1 0 0 1230.0 742 0.0 1.6576819407008085
10 4 1153023147 1 1.0 837 13514 6
0 0 0 15 0 3.0 8027 0.0018686931605830322 3.7373863211660643E-4
1 5 0 0 0 0.0 48 0.0 0.0
2 10 0 0 0 112.0 56 0.0 2.0
3 11 0 0 0 30.0 496 0.0 0.06048387096774194
4 12 0 0 0 -3263.0 3817 0.0 -0.8548598375687713
5 12 1 0 0 1865.0 1070 0.0 1.7429906542056075
10 4 -1141626156 1 6.0 512 8013 5
0 0 0 28 0 38.0 7237 0.0038690064944037583 0.005250794528119386
1 10 0 0 0 48.0 24 0.0 2.0
2 11 0 0 0 10.0 223 0.0 0.04484304932735426
3 12 0 0 0 -205.0 267 0.0 -0.7677902621722846
4 12 1 0 0 499.0 262 0.0 1.9045801526717556
10 4 -6915734 1 1.0 1478 24213 6
0 0 0 28 0 4.0 13435 0.002084108671380722 2.97729810197246E-4
1 5 0 0 0 0.0 29 0.0 0.0
2 10 0 0 0 65.0 37 0.0 1.7567567567567568
3 11 0 0 0 30.0 607 0.0 0.04942339373970346
4 12 0 0 0 -7106.0 8566 0.0 -0.829558720522998
5 12 1 0 0 2539.0 1539 0.0 1.649772579597141
10 4 -651458003 1 1.0 851 13240 5
0 0 0 12 0 8.0 9148 0.0013117621337997377 8.745080891998251E-4
1 5 0 0 0 0.0 5 0.0 0.0
2 11 0 0 0 24.0 489 0.0 0.049079754601226995
3 12 0 0 0 -2310.0 2746 0.0 -0.84122359796067
4 12 1 0 0 1515.0 852 0.0 1.778169014084507
10 4 1346090783 1 1.0 501 8063 6
0 0 0 5 0 16.0 6452 7.749535027898327E-4 0.0024798512089274642
1 5 0 0 0 0.0 51 0.0 0.0
2 10 0 0 0 4.0 2 0.0 2.0
3 11 0 0 0 6.0 370 0.0 0.016216216216216217
4 12 0 0 0 -577.0 659 0.0 -0.8755690440060698
5 12 1 0 0 1017.0 529 0.0 1.9224952741020793
10 4 1174962097 0 -22.0 1500 22028 6
0 0 0 0 26 -2.0 18891 -0.001376316764596898 -1.0587052035360753E-4
1 5 0 0 0 0.0 63 0.0 0.0
2 10 0 0 0 38.0 27 0.0 1.4074074074074074
3 11 0 0 0 8.0 165 0.0 0.048484848484848485
4 12 0 0 0 -1622.0 2248 0.0 -0.7215302491103203
5 12 1 0 0 1180.0 634 0.0 1.861198738170347
10 4 1790772879 1 1.0 1083 21904 6
0 0 0 6 0 30.0 9786 6.131207847946045E-4 0.0030656039239730227
1 5 0 0 0 0.0 59 0.0 0.0
2 10 0 0 0 402.0 178 0.0 2.258426966292135
3 11 0 0 0 44.0 1270 0.0 0.03464566929133858
4 12 0 0 0 -6884.0 8564 0.0 -0.8038299859878562
5 12 1 0 0 3365.0 2047 0.0 1.6438690766976063
10 4 -1001300658 0 2.0 1500 20624 6
0 0 0 0 32 6.0 19639 -0.0016294108661337136 3.055145374000713E-4
1 5 0 0 0 4.0 88 0.0 0.045454545454545456
2 10 0 0 0 186.0 92 0.0 2.0217391304347827
3 11 0 0 0 0.0 38 0.0 0.0
4 12 0 0 0 -357.0 473 0.0 -0.7547568710359408
5 12 1 0 0 598.0 294 0.0 2.0340136054421767
