1 0 1666367966 0 0.0 1500 616922 3
0 0 0 0 88 0.0 268889 -3.27272592036119E-4 0.0
1 8 0 0 17 0.0 268255 -6.337253732456058E-5 0.0
2 9 0 0 22 0.0 79778 -2.757652485647672E-4 0.0
1 0 861917832 0 0.0 1500 627653 3
0 0 0 0 143 0.0 231295 -6.182580687001449E-4 0.0
1 8 0 0 17 0.0 228415 -7.442593524943633E-5 0.0
2 9 0 0 9 0.0 167943 -5.358961076079384E-5 0.0
1 0 -1100623287 0 0.0 1500 633585 3
0 0 0 0 58 0.0 298716 -1.9416435678035323E-4 0.0
1 8 0 0 0 0.0 285415 0.0 0.0
2 9 0 0 28 0.0 49454 -5.661827152505358E-4 0.0
1 0 -1516188781 0 0.0 1500 641450 3
0 0 0 0 71 0.0 259049 -2.7407942126779104E-4 0.0
1 8 0 0 0 0.0 237092 0.0 0.0
2 9 0 0 56 0.0 145309 -3.8538562649250905E-4 0.0
1 0 332301703 0 0.0 1500 637587 3
0 0 0 0 44 0.0 306962 -1.4334021800744065E-4 0.0
1 8 0 0 0 0.0 306938 0.0 0.0
2 9 0 0 31 0.0 23687 -0.001308734749018449 0.0
1 0 -1366967029 0 0.0 1500 637830 3
0 0 0 0 69 0.0 313125 -2.2035928143712574E-4 0.0
1 8 0 0 0 0.0 87360 0.0 0.0
2 9 0 0 104 0.0 237345 -4.3818070740904593E-4 0.0
1 0 1229854330 0 0.0 1500 637553 3
0 0 0 0 46 0.0 251396 -1.8297824945504303E-4 0.0
1 8 0 0 13 0.0 251108 -5.1770552909505074E-5 0.0
2 9 0 0 109 0.0 135049 -8.071144547534599E-4 0.0
1 0 -1820836092 0 0.0 1500 640063 3
0 0 0 0 67 0.0 260764 -2.5693730729701953E-4 0.0
1 8 0 0 29 0.0 155662 -1.8630108825532242E-4 0.0
2 9 0 0 15 0.0 223637 -6.70729798736345E-5 0.0
1 0 -210662054 0 0.0 1500 642114 3
0 0 0 0 48 0.0 283579 -1.6926500199239013E-4 0.0
1 8 0 0 0 0.0 275173 0.0 0.0
2 9 0 0 27 0.0 83362 -3.238885823276793E-4 0.0
1 0 384990965 0 0.0 1500 635804 3
0 0 0 0 144 0.0 256521 -5.613575496742956E-4 0.0
1 8 0 0 2 0.0 175895 -1.1370419852753063E-5 0.0
2 9 0 0 12 0.0 203388 -5.9000531004779045E-5 0.0
1 0 167809932 0 0.0 1500 629603 3
0 0 0 0 172 0.0 295787 -5.814995249960275E-4 0.0
1 8 0 0 0 0.0 150662 0.0 0.0
2 9 0 0 18 0.0 183154 -9.827795188748266E-5 0.0
1 0 -1161561098 0 0.0 1500 624362 3
0 0 0 0 179 0.0 302186 -5.923504067031563E-4 0.0
1 8 0 0 0 0.0 115469 0.0 0.0
2 9 0 0 5 0.0 206707 -2.4188827664278425E-5 0.0
1 0 -1510647388 0 0.0 1500 634885 3
0 0 0 0 177 0.0 303084 -5.839965158173972E-4 0.0
1 8 0 0 0 0.0 291126 0.0 0.0
2 9 0 0 12 0.0 40675 -2.950215119852489E-4 0.0
1 0 -651889079 0 0.0 1500 630430 3
0 0 0 0 70 0.0 234466 -2.985507493623809E-4 0.0
1 8 0 0 0 0.0 217981 0.0 0.0
2 9 0 0 69 0.0 177983 -3.876774748150104E-4 0.0
1 0 -1452664673 0 0.0 1500 629024 3
0 0 0 0 60 0.0 261102 -2.297952524300848E-4 0.0
1 8 0 0 24 0.0 188815 -1.2710854540158356E-4 0.0
2 9 0 0 7 0.0 179107 -3.908278291747391E-5 0.0
1 0 78775136 0 0.0 1500 631517 3
0 0 0 0 60 0.0 371461 -1.615243592194066E-4 0.0
1 8 0 0 0 0.0 2746 0.0 0.0
2 9 0 0 77 0.0 257310 -2.992499319886518E-4 0.0
1 0 -2000912520 0 0.0 1500 637977 3
0 0 0 0 72 0.0 315349 -2.2831846620728144E-4 0.0
1 8 0 0 23 0.0 314581 -7.311312507748402E-5 0.0
2 9 0 0 8 0.0 8047 -9.941593140300733E-4 0.0
1 0 1025907986 0 0.0 1500 634811 3
0 0 0 0 105 0.0 244599 -4.292740362797886E-4 0.0
1 8 0 0 28 0.0 236477 -1.1840474972196028E-4 0.0
2 9 0 0 10 0.0 153735 -6.504699645493869E-5 0.0
1 0 -1585785584 0 0.0 1500 640290 3
0 0 0 0 66 0.0 246141 -2.681389935037235E-4 0.0
1 8 0 0 21 0.0 245742 -8.545547769612032E-5 0.0
2 9 0 0 10 0.0 148407 -6.738226633514591E-5 0.0
1 0 911924611 0 0.0 1500 638190 3
0 0 0 0 101 0.0 294961 -3.424181501961276E-4 0.0
1 8 0 0 13 0.0 294694 -4.411355507747019E-5 0.0
2 9 0 0 15 0.0 48535 -3.0905532090244153E-4 0.0
1 1 -710166122 0 0.0 1500 514965 4
0 0 0 0 195 0.0 301044 -6.477458444612748E-4 0.0
1 7 0 0 0 0.0 540 0.0 0.0
2 8 0 2910 0 14550.0 3384 0.8599290780141844 4.299645390070922
3 9 0 0 100 0.0 209997 -4.7619727900874773E-4 0.0
1 1 -331356035 0 0.0 1500 527684 3
0 0 0 0 240 0.0 303176 -7.916193893975777E-4 0.0
1 8 0 0 0 0.0 118762 0.0 0.0
2 9 0 0 9 0.0 105746 -8.51096022544588E-5 0.0
1 1 107202594 0 0.0 1500 526007 4
0 0 0 0 111 0.0 313999 -3.5350431052328193E-4 0.0
1 7 0 0 0 0.0 115 0.0 0.0
2 8 0 0 1 0.0 95813 -1.0436997067203825E-5 0.0
3 9 0 0 76 0.0 116080 -6.547208821502412E-4 0.0
1 1 1590430960 0 0.0 1500 520699 3
0 0 0 0 42 0.0 326350 -1.286961850773709E-4 0.0
1 8 0 0 5 0.0 38798 -1.2887262230011856E-4 0.0
2 9 0 0 142 0.0 155551 -9.128838773135499E-4 0.0
1 1 457261056 0 0.0 1500 542458 4
0 0 0 0 188 0.0 315565 -5.957568171375152E-4 0.0
1 7 0 0 0 0.0 559 0.0 0.0
2 8 0 2850 0 14250.0 4190 0.6801909307875895 3.4009546539379474
3 9 0 0 93 0.0 222144 -4.18647363872083E-4 0.0
1 1 1806378692 0 0.0 1500 536368 4
0 0 0 0 53 0.0 313660 -1.689727730663776E-4 0.0
1 7 0 0 0 0.0 3 0.0 0.0
2 8 0 0 3 0.0 88082 -3.405917213505597E-5 0.0
3 9 0 0 140 0.0 134623 -0.0010399411690424371 0.0
1 1 1196896583 0 0.0 1500 533320 4
0 0 0 0 173 0.0 321500 -5.381026438569207E-4 0.0
1 7 0 0 0 0.0 4 0.0 0.0
2 8 0 0 72 0.0 73616 -9.780482503803521E-4 0.0
3 9 0 0 8 0.0 138200 -5.7887120115774244E-5 0.0
1 1 -157499949 0 0.0 1500 520548 4
0 0 0 0 245 0.0 321476 -7.621097686919086E-4 0.0
1 7 0 0 0 0.0 1 0.0 0.0
2 8 0 0 0 0.0 141996 0.0 0.0
3 9 0 0 10 0.0 57075 -1.7520805957074026E-4 0.0
1 1 549050418 0 0.0 1500 522852 4
0 0 0 0 238 0.0 329016 -7.233690762759258E-4 0.0
1 7 0 0 0 0.0 31 0.0 0.0
2 8 0 0 0 0.0 119960 0.0 0.0
3 9 0 0 10 0.0 73845 -1.3541878258514455E-4 0.0
1 1 -2084479322 0 0.0 1500 530554 3
0 0 0 0 175 0.0 324412 -5.39437505394375E-4 0.0
1 8 0 0 73 0.0 51973 -0.00140457545263887 0.0
2 9 0 0 6 0.0 154169 -3.891832988473688E-5 0.0
1 1 1612535913 0 0.0 1500 539617 4
0 0 0 0 179 0.0 313229 -5.714668820575361E-4 0.0
1 7 0 0 0 0.0 1794 0.0 0.0
2 8 0 2740 0 13700.0 3479 0.7875826386892786 3.9379131934463927
3 9 0 0 89 0.0 221115 -4.02505483571897E-4 0.0
1 1 1233846092 0 0.0 1500 531065 4
0 0 0 0 173 0.0 312649 -5.533361693144708E-4 0.0
1 7 0 0 0 0.0 1 0.0 0.0
2 8 0 0 75 0.0 119770 -6.262002170827419E-4 0.0
3 9 0 0 8 0.0 98645 -8.109888995894369E-5 0.0
1 1 236659327 0 0.0 1500 517781 4
0 0 0 0 176 0.0 322387 -5.459277204105625E-4 0.0
1 7 0 0 0 0.0 5 0.0 0.0
2 8 0 0 77 0.0 106509 -7.229436010102433E-4 0.0
3 9 0 0 2 0.0 88880 -2.25022502250225E-5 0.0
1 1 -1110096215 0 0.0 1500 535335 4
0 0 0 0 173 0.0 327569 -5.281330040388438E-4 0.0
1 7 0 0 0 0.0 108 0.0 0.0
2 8 0 0 72 0.0 88513 -8.134398336967451E-4 0.0
3 9 0 0 7 0.0 119145 -5.875194091233371E-5 0.0
1 1 9575147 0 0.0 1500 523797 4
0 0 0 0 171 0.0 315642 -5.417529986503697E-4 0.0
1 7 0 0 0 0.0 2 0.0 0.0
2 8 0 0 78 0.0 157501 -4.952349508892007E-4 0.0
3 9 0 0 6 0.0 50652 -1.1845534233593936E-4 0.0
1 1 632683587 0 0.0 1500 530060 4
0 0 0 0 106 0.0 321975 -3.292181069958848E-4 0.0
1 7 0 0 0 0.0 232 0.0 0.0
2 8 0 0 2 0.0 127951 -1.5630983735961422E-5 0.0
3 9 0 0 77 0.0 79902 -9.636805086230632E-4 0.0
1 1 97329949 0 0.0 1500 509512 4
0 0 0 0 173 0.0 336098 -5.147308225577064E-4 0.0
1 7 0 0 0 0.0 2 0.0 0.0
2 8 0 0 70 0.0 84837 -8.251116847601871E-4 0.0
3 9 0 0 1 0.0 88575 -1.1289867344058708E-5 0.0
1 1 -1303200389 0 0.0 1500 533764 4
0 0 0 0 183 0.0 305202 -5.99602885957497E-4 0.0
1 7 0 0 0 0.0 58 0.0 0.0
2 8 0 0 75 0.0 99908 -7.506906353845538E-4 0.0
3 9 0 0 10 0.0 128596 -7.776291642041744E-5 0.0
1 1 1039489306 0 0.0 1500 527674 4
0 0 0 0 177 0.0 302815 -5.845152981193138E-4 0.0
1 7 0 0 0 0.0 116 0.0 0.0
2 8 0 0 75 0.0 94834 -7.908556003121244E-4 0.0
3 9 0 0 5 0.0 129909 -3.848848039781693E-5 0.0
1 1 2115576631 0 0.0 1500 508191 4
0 0 0 0 159 0.0 304312 -5.224900759746576E-4 0.0
1 7 0 0 0 0.0 7 0.0 0.0
2 8 0 0 75 0.0 177821 -4.2177245657149605E-4 0.0
3 9 0 0 5 0.0 26051 -1.9193121185367165E-4 0.0
1 2 958436063 0 0.0 1500 6004 2
0 0 0 0 2 0.0 3003 -6.66000666000666E-4 0.0
1 8 0 0 2 0.0 3001 -6.664445184938354E-4 0.0
1 2 199703133 0 0.0 1500 6004 2
0 0 0 0 2 0.0 3003 -6.66000666000666E-4 0.0
1 8 0 0 2 0.0 3001 -6.664445184938354E-4 0.0
1 2 -602598904 0 0.0 1500 6003 2
0 0 0 0 2 0.0 3003 -6.66000666000666E-4 0.0
1 8 0 0 1 0.0 3000 -3.333333333333333E-4 0.0
1 2 -1442384868 0 0.0 1500 6004 2
0 0 0 0 3 0.0 3004 -9.986684420772304E-4 0.0
1 8 0 0 1 0.0 3000 -3.333333333333333E-4 0.0
1 2 470312356 0 0.0 1500 6004 2
0 0 0 0 3 0.0 3004 -9.986684420772304E-4 0.0
1 8 0 0 1 0.0 3000 -3.333333333333333E-4 0.0
1 2 920637030 0 0.0 1500 6003 2
0 0 0 0 2 0.0 3003 -6.66000666000666E-4 0.0
1 8 0 0 1 0.0 3000 -3.333333333333333E-4 0.0
1 2 -1004911934 0 0.0 1500 6004 2
0 0 0 0 2 0.0 3003 -6.66000666000666E-4 0.0
1 8 0 0 2 0.0 3001 -6.664445184938354E-4 0.0
1 2 1288164518 0 0.0 1500 6004 2
0 0 0 0 2 0.0 3003 -6.66000666000666E-4 0.0
1 8 0 0 2 0.0 3001 -6.664445184938354E-4 0.0
1 2 383652023 0 0.0 1500 6004 2
0 0 0 0 3 0.0 3004 -9.986684420772304E-4 0.0
1 8 0 0 1 0.0 3000 -3.333333333333333E-4 0.0
1 2 -733274608 0 0.0 1500 6004 2
0 0 0 0 2 0.0 3003 -6.66000666000666E-4 0.0
1 8 0 0 2 0.0 3001 -6.664445184938354E-4 0.0
1 2 -58543342 0 0.0 1500 6004 2
0 0 0 0 3 0.0 3004 -9.986684420772304E-4 0.0
1 8 0 0 1 0.0 3000 -3.333333333333333E-4 0.0
1 2 1104573465 0 0.0 1500 6004 2
0 0 0 0 3 0.0 3004 -9.986684420772304E-4 0.0
1 8 0 0 1 0.0 3000 -3.333333333333333E-4 0.0
1 2 -351362503 0 0.0 1500 6004 2
0 0 0 0 3 0.0 3004 -9.986684420772304E-4 0.0
1 8 0 0 1 0.0 3000 -3.333333333333333E-4 0.0
1 2 1415990825 0 0.0 1500 6003 2
0 0 0 0 2 0.0 3003 -6.66000666000666E-4 0.0
1 8 0 0 1 0.0 3000 -3.333333333333333E-4 0.0
1 2 1031431502 0 0.0 1500 6003 2
0 0 0 0 2 0.0 3003 -6.66000666000666E-4 0.0
1 8 0 0 1 0.0 3000 -3.333333333333333E-4 0.0
1 2 309410879 0 0.0 1500 6004 2
0 0 0 0 3 0.0 3004 -9.986684420772304E-4 0.0
1 8 0 0 1 0.0 3000 -3.333333333333333E-4 0.0
1 2 1731044362 0 0.0 1500 6004 2
0 0 0 0 2 0.0 3003 -6.66000666000666E-4 0.0
1 8 0 0 2 0.0 3001 -6.664445184938354E-4 0.0
1 2 -1880913413 0 0.0 1500 6003 2
0 0 0 0 2 0.0 3003 -6.66000666000666E-4 0.0
1 8 0 0 1 0.0 3000 -3.333333333333333E-4 0.0
1 2 63958644 0 0.0 1500 6004 2
0 0 0 0 2 0.0 3003 -6.66000666000666E-4 0.0
1 8 0 0 2 0.0 3001 -6.664445184938354E-4 0.0
1 2 534985266 0 0.0 1500 6003 2
0 0 0 0 2 0.0 3003 -6.66000666000666E-4 0.0
1 8 0 0 1 0.0 3000 -3.333333333333333E-4 0.0
1 3 1764031360 1 5.0 127 58791 4
0 0 0 0 0 0.0 40106 0.0 0.0
1 7 0 0 0 0.0 127 0.0 0.0
2 8 0 3428 0 17140.0 3643 0.9409827065605271 4.704913532802635
3 9 0 0 0 0.0 14915 0.0 0.0
1 3 1648947066 1 5.0 155 85622 4
0 0 0 0 0 0.0 55585 0.0 0.0
1 7 0 0 0 0.0 3685 0.0 0.0
2 8 0 399 0 1995.0 8704 0.04584099264705882 0.22920496323529413
3 9 0 0 0 0.0 17648 0.0 0.0
1 3 -1648777468 0 0.0 1500 398583 4
0 0 0 0 144 0.0 303189 -4.7495126802093746E-4 0.0
1 7 0 0 0 0.0 24 0.0 0.0
2 8 0 0 7 0.0 30246 -2.3143556172717052E-4 0.0
3 9 0 0 42 0.0 65124 -6.449235304956698E-4 0.0
1 3 -1981273357 0 0.0 1500 420609 4
0 0 0 0 145 0.0 319520 -4.5380570856284425E-4 0.0
1 7 0 0 0 0.0 112 0.0 0.0
2 8 0 1 19 5.0 34222 -5.259774414119572E-4 1.4610484483665477E-4
3 9 0 0 70 0.0 66755 -0.0010486105909669687 0.0
1 3 461692129 0 0.0 1500 404485 4
0 0 0 0 128 0.0 303983 -4.210761786020929E-4 0.0
1 7 0 0 0 0.0 52 0.0 0.0
2 8 0 0 8 0.0 30407 -2.630973131186898E-4 0.0
3 9 0 0 71 0.0 70043 -0.001013663035563868 0.0
1 3 1727055159 0 0.0 1500 385864 4
0 0 0 0 143 0.0 290805 -4.917384501641993E-4 0.0
1 7 0 0 0 0.0 102 0.0 0.0
2 8 0 0 56 0.0 31092 -0.0018011063939276984 0.0
3 9 0 0 16 0.0 63865 -2.50528458467079E-4 0.0
1 3 1827065635 0 0.0 1500 405922 4
0 0 0 0 214 0.0 303236 -7.0572095661465E-4 0.0
1 7 0 0 0 0.0 166 0.0 0.0
2 8 0 0 8 0.0 31578 -2.5334093356134017E-4 0.0
3 9 0 0 48 0.0 70942 -6.766090609230075E-4 0.0
1 3 -938473521 0 0.0 1500 411370 4
0 0 0 0 184 0.0 305992 -6.013229104028864E-4 0.0
1 7 0 0 0 0.0 60 0.0 0.0
2 8 0 0 21 0.0 29326 -7.160881129373252E-4 0.0
3 9 0 0 25 0.0 75992 -3.289819981050637E-4 0.0
1 3 2000654101 0 0.0 1500 394123 4
0 0 0 0 205 0.0 298208 -6.874396394462925E-4 0.0
1 7 0 0 0 0.0 24 0.0 0.0
2 8 0 0 70 0.0 26889 -0.002603295027706497 0.0
3 9 0 0 24 0.0 69002 -3.4781600533317876E-4 0.0
1 3 -2006201228 1 5.0 339 170014 4
0 0 0 0 0 0.0 111362 0.0 0.0
1 7 0 0 0 0.0 4555 0.0 0.0
2 8 0 4273 0 21365.0 18010 0.23725707940033314 1.1862853970016658
3 9 0 0 0 0.0 36087 0.0 0.0
1 3 232788633 0 0.0 1500 391565 4
0 0 0 0 135 0.0 294780 -4.5796865458986365E-4 0.0
1 7 0 0 0 0.0 5 0.0 0.0
2 8 0 0 5 0.0 27315 -1.8304960644334616E-4 0.0
3 9 0 0 44 0.0 69465 -6.334125098970705E-4 0.0
1 3 1209209597 1 5.0 300 145959 4
0 0 0 0 0 0.0 95562 0.0 0.0
1 7 0 0 0 0.0 891 0.0 0.0
2 8 0 5116 0 25580.0 7153 0.7152243813784426 3.576121906892213
3 9 0 0 0 0.0 42353 0.0 0.0
1 3 -79958567 0 0.0 1500 399525 4
0 0 0 0 189 0.0 300996 -6.279153211338357E-4 0.0
1 7 0 0 0 0.0 34 0.0 0.0
2 8 0 1 38 5.0 31234 -0.001184606518537491 1.6008196196452585E-4
3 9 0 0 14 0.0 67261 -2.081443927387342E-4 0.0
1 3 -106726390 1 5.0 185 99200 4
0 0 0 0 0 0.0 64697 0.0 0.0
1 7 0 0 0 0.0 257 0.0 0.0
2 8 0 3619 0 18095.0 4525 0.7997790055248619 3.9988950276243096
3 9 0 0 0 0.0 29721 0.0 0.0
1 3 1522579766 1 5.0 47 30976 4
0 0 0 0 0 0.0 19783 0.0 0.0
1 7 0 0 0 0.0 1174 0.0 0.0
2 8 0 536 0 2680.0 2684 0.19970193740685543 0.9985096870342772
3 9 0 0 0 0.0 7335 0.0 0.0
1 3 800748456 0 0.0 1500 401673 4
0 0 0 0 144 0.0 303405 -4.746131408513373E-4 0.0
1 7 0 0 0 0.0 207 0.0 0.0
2 8 0 3 8 15.0 27835 -1.7962996227770793E-4 5.388898868331237E-4
3 9 0 0 100 0.0 70226 -0.0014239740267137527 0.0
1 3 1762057150 1 5.0 47 30275 4
0 0 0 0 0 0.0 18349 0.0 0.0
1 7 0 0 0 0.0 211 0.0 0.0
2 8 0 645 0 3225.0 2671 0.2414825907899663 1.2074129539498315
3 9 0 0 0 0.0 9044 0.0 0.0
1 3 549283246 0 0.0 1500 415035 4
0 0 0 0 179 0.0 313183 -5.715508185310186E-4 0.0
1 7 0 0 0 0.0 31 0.0 0.0
2 8 0 1 6 5.0 29506 -1.6945705958110215E-4 1.6945705958110215E-4
3 9 0 0 66 0.0 72315 -9.126737191454055E-4 0.0
1 3 -1205493605 1 5.0 249 125786 4
0 0 0 0 0 0.0 83671 0.0 0.0
1 7 0 0 0 0.0 346 0.0 0.0
2 8 0 5625 0 28125.0 7553 0.7447371905203231 3.723685952601615
3 9 0 0 0 0.0 34216 0.0 0.0
1 3 -40638710 1 5.0 84 53223 4
0 0 0 0 0 0.0 34217 0.0 0.0
1 7 0 0 0 0.0 1126 0.0 0.0
2 8 0 1529 0 7645.0 6476 0.23610253242742435 1.1805126621371216
3 9 0 0 0 0.0 11404 0.0 0.0
1 4 -1783236104 0 0.0 1500 325162 4
0 0 0 0 105 0.0 217497 -4.827652795210968E-4 0.0
1 7 0 0 0 0.0 60 0.0 0.0
2 8 0 0 49 0.0 56229 -8.714364473848015E-4 0.0
3 9 0 0 13 0.0 51376 -2.5303643724696357E-4 0.0
1 4 -1239641477 0 0.0 1500 353778 4
0 0 0 0 97 0.0 233013 -4.1628578662993054E-4 0.0
1 7 0 0 0 0.0 108 0.0 0.0
2 8 0 0 50 0.0 62439 -8.00781562805298E-4 0.0
3 9 0 0 6 0.0 58218 -1.0306090899721736E-4 0.0
1 4 -1561786272 0 0.0 1500 348748 4
0 0 0 0 107 0.0 232328 -4.6055576598601975E-4 0.0
1 7 0 0 0 0.0 98 0.0 0.0
2 8 0 0 38 0.0 64139 -5.924632438921716E-4 0.0
3 9 0 0 10 0.0 52183 -1.9163329053523178E-4 0.0
1 4 -2044586121 0 0.0 1500 344307 4
0 0 0 0 107 0.0 233668 -4.5791464813324886E-4 0.0
1 7 0 0 0 0.0 101 0.0 0.0
2 8 0 0 41 0.0 62486 -6.561469769228307E-4 0.0
3 9 0 0 8 0.0 48052 -1.6648630650129028E-4 0.0
1 4 -769526518 0 0.0 1500 326692 4
0 0 0 0 84 0.0 202723 -4.1435850890130866E-4 0.0
1 7 0 0 0 0.0 225 0.0 0.0
2 8 0 4079 0 20395.0 8902 0.45821163783419455 2.2910581891709727
3 9 0 0 58 0.0 114842 -5.050417094791105E-4 0.0
1 4 -1455216372 1 5.0 1500 336232 4
0 0 0 0 82 0.0 208117 -3.9400913909003107E-4 0.0
1 7 0 0 0 0.0 554 0.0 0.0
2 8 0 3984 0 19920.0 10951 0.363802392475573 1.819011962377865
3 9 0 0 15 0.0 116610 -1.2863390789812196E-4 0.0
1 4 -182874196 1 5.0 1500 331458 4
0 0 0 0 83 0.0 204474 -4.0591957901738116E-4 0.0
1 7 0 0 0 0.0 426 0.0 0.0
2 8 0 4035 0 20175.0 10081 0.40025791092153556 2.001289554607678
3 9 0 0 22 0.0 116477 -1.8887849103256437E-4 0.0
1 4 -827473581 0 0.0 1500 343494 4
0 0 0 0 127 0.0 229072 -5.54410840259831E-4 0.0
1 7 0 0 0 0.0 110 0.0 0.0
2 8 0 0 31 0.0 55511 -5.584478751959071E-4 0.0
3 9 0 0 10 0.0 58801 -1.7006513494668458E-4 0.0
1 4 2085253886 1 5.0 1500 338978 4
0 0 0 0 82 0.0 209416 -3.9156511441341637E-4 0.0
1 7 0 0 0 0.0 760 0.0 0.0
2 8 0 3835 0 19175.0 11521 0.33287041055463934 1.6643520527731968
3 9 0 0 25 0.0 117281 -2.1316325747563545E-4 0.0
1 4 338725921 0 0.0 1500 347244 4
0 0 0 0 113 0.0 233327 -4.842988595404732E-4 0.0
1 7 0 0 0 0.0 127 0.0 0.0
2 8 0 0 39 0.0 60797 -6.414790203463986E-4 0.0
3 9 0 0 5 0.0 52993 -9.43520842375408E-5 0.0
1 4 2145551779 0 0.0 1500 338266 4
0 0 0 0 108 0.0 232836 -4.638457970416946E-4 0.0
1 7 0 0 0 0.0 114 0.0 0.0
2 8 0 0 37 0.0 64507 -5.735811617343854E-4 0.0
3 9 0 0 8 0.0 40809 -1.9603518831630277E-4 0.0
1 4 962386555 0 0.0 1500 335775 4
0 0 0 0 101 0.0 229077 -4.4089978478852087E-4 0.0
1 7 0 0 0 0.0 119 0.0 0.0
2 8 0 0 43 0.0 57261 -7.509474162169714E-4 0.0
3 9 0 0 13 0.0 49318 -2.635954418265136E-4 0.0
1 4 -407762714 0 0.0 1500 352108 4
0 0 0 0 118 0.0 230753 -5.113692996407414E-4 0.0
1 7 0 0 0 0.0 134 0.0 0.0
2 8 0 1 34 5.0 60759 -5.431294129264801E-4 8.229233529189091E-5
3 9 0 0 9 0.0 60462 -1.4885382554331647E-4 0.0
1 4 -1212704980 0 0.0 1500 333492 4
0 0 0 0 96 0.0 205649 -4.6681481553520807E-4 0.0
1 7 0 0 0 0.0 597 0.0 0.0
2 8 0 3868 0 19340.0 10338 0.3741536080479783 1.8707680402398916
3 9 0 0 56 0.0 116908 -4.7900913538851065E-4 0.0
1 4 139268571 0 0.0 1500 346731 4
0 0 0 0 109 0.0 228540 -4.7694057932965784E-4 0.0
1 7 0 0 0 0.0 90 0.0 0.0
2 8 0 0 38 0.0 58307 -6.51722777711081E-4 0.0
3 9 0 0 7 0.0 59794 -1.1706860220088972E-4 0.0
1 4 -830985926 0 0.0 1500 339420 4
0 0 0 0 86 0.0 210131 -4.092685039332607E-4 0.0
1 7 0 0 0 0.0 399 0.0 0.0
2 8 0 3868 0 19340.0 10810 0.3578168362627197 1.7890841813135985
3 9 0 0 52 0.0 118080 -4.4037940379403794E-4 0.0
1 4 1406082475 0 0.0 1500 347149 4
0 0 0 0 123 0.0 236729 -5.19581462347241E-4 0.0
1 7 0 0 0 0.0 106 0.0 0.0
2 8 0 0 39 0.0 60040 -6.495669553630912E-4 0.0
3 9 0 0 9 0.0 50274 -1.7901897601145723E-4 0.0
1 4 -1402827211 0 0.0 1500 343325 4
0 0 0 0 81 0.0 228049 -3.5518682388434064E-4 0.0
1 7 0 0 0 0.0 72 0.0 0.0
2 8 0 0 6 0.0 61086 -9.822217856792063E-5 0.0
3 9 0 0 41 0.0 54118 -7.576037547581212E-4 0.0
1 4 194540574 0 0.0 1500 339818 4
0 0 0 0 76 0.0 229693 -3.3087643071404003E-4 0.0
1 7 0 0 0 0.0 102 0.0 0.0
2 8 0 0 3 0.0 58825 -5.09987250318742E-5 0.0
3 9 0 0 30 0.0 51198 -5.859603890776984E-4 0.0
1 4 -1771246722 1 5.0 1500 332742 4
0 0 0 0 108 0.0 206267 -5.235932068629494E-4 0.0
1 7 0 0 0 0.0 241 0.0 0.0
2 8 0 4160 0 20800.0 10126 0.4108236223582856 2.054118111791428
3 9 0 0 16 0.0 116108 -1.3780273538429737E-4 0.0
