11 0 1362520248 1 1.0 1000 148056 2
0 0 0 19 0 0.0 73768 2.575642555037415E-4 0.0
1 15 0 6 0 0.0 74288 8.076674563859574E-5 0.0
11 0 1163750681 1 1.0 1000 140853 1
0 0 0 44 0 0.0 140853 3.1238241287015543E-4 0.0
11 0 -212211955 1 1.0 1000 142887 2
0 0 0 40 0 0.0 142886 2.799434514228126E-4 0.0
1 15 0 1 0 0.0 1 1.0 0.0
11 0 175153030 1 1.0 1000 150399 4
0 0 0 48 0 0.0 93347 5.142104191886188E-4 0.0
1 6 0 0 0 -920.0 184 0.0 -5.0
2 12 0 0 0 -920.0 184 0.0 -5.0
3 15 0 1 0 0.0 56684 1.764166255027874E-5 0.0
11 0 886319393 1 1.0 1000 152706 5
0 0 0 31 0 0.0 77538 3.9980396708710566E-4 0.0
1 6 0 0 3 -2310.0 462 -0.006493506493506494 -5.0
2 10 0 0 0 -2295.0 459 0.0 -5.0
3 12 0 0 3 -15.0 3 -1.0 -5.0
4 15 0 96 0 0.0 74244 0.0012930337805075157 0.0
11 0 872963782 1 1.0 1000 156463 5
0 0 0 20 0 0.0 77771 2.57165267259004E-4 0.0
1 6 0 0 0 -1520.0 304 0.0 -5.0
2 10 0 0 0 -590.0 118 0.0 -5.0
3 12 0 0 0 -930.0 186 0.0 -5.0
4 15 0 22 0 0.0 78084 2.817478612775985E-4 0.0
11 0 -674958253 1 1.0 1000 158854 2
0 0 0 19 0 0.0 80055 2.3733683092873648E-4 0.0
1 15 0 11 0 0.0 78799 1.3959568014822524E-4 0.0
11 0 -186753972 1 1.0 1000 157926 4
0 0 0 54 0 0.0 85629 6.306274743369652E-4 0.0
1 6 0 0 0 -300.0 60 0.0 -5.0
2 12 0 0 0 -300.0 60 0.0 -5.0
3 15 0 1 0 0.0 72177 1.3854829100683043E-5 0.0
11 0 1107504585 1 1.0 1000 140444 1
0 0 0 95 0 0.0 140444 6.764261912221241E-4 0.0
11 0 176527588 1 1.0 1000 157502 5
0 0 0 113 0 0.0 91853 0.0012302265576519004 0.0
1 6 0 0 0 -965.0 193 0.0 -5.0
2 10 0 0 0 -490.0 98 0.0 -5.0
3 12 0 0 0 -475.0 95 0.0 -5.0
4 15 0 0 0 0.0 65263 0.0 0.0
11 0 -1055965358 1 1.0 1000 156331 4
0 0 0 23 0 0.0 77334 2.9741122921354124E-4 0.0
1 6 0 0 0 -1135.0 227 0.0 -5.0
2 12 0 0 0 -1135.0 227 0.0 -5.0
3 15 0 27 0 0.0 78543 3.4376074252320387E-4 0.0
11 0 -2041914654 1 1.0 1000 157211 4
0 0 0 45 0 0.0 154685 2.9091379254614217E-4 0.0
1 6 0 0 0 -395.0 79 0.0 -5.0
2 10 0 0 0 -395.0 79 0.0 -5.0
3 15 0 1 0 0.0 2368 4.222972972972973E-4 0.0
11 0 -135932471 1 1.0 1000 153495 5
0 0 0 1 0 0.0 81672 1.2244098344597904E-5 0.0
1 6 0 0 0 -3395.0 679 0.0 -5.0
2 10 0 0 0 -2315.0 463 0.0 -5.0
3 12 0 0 0 -1080.0 216 0.0 -5.0
4 15 0 19 0 0.0 70465 2.696374086425885E-4 0.0
11 0 1131657893 1 1.0 1000 156308 5
0 0 0 115 0 0.0 99662 0.0011539001826172462 0.0
1 6 0 0 0 -940.0 188 0.0 -5.0
2 10 0 0 0 -370.0 74 0.0 -5.0
3 12 0 0 0 -570.0 114 0.0 -5.0
4 15 0 2 0 0.0 56270 3.554291807357384E-5 0.0
11 0 -921766842 1 1.0 1000 155160 5
0 0 0 15 0 0.0 95472 1.57114127702363E-4 0.0
1 6 0 0 0 -2000.0 400 0.0 -5.0
2 10 0 0 0 -200.0 40 0.0 -5.0
3 12 0 0 0 -1800.0 360 0.0 -5.0
4 15 0 0 0 0.0 58888 0.0 0.0
11 0 -750256283 1 1.0 1000 156379 4
0 0 0 19 0 0.0 78309 2.42628561212632E-4 0.0
1 6 0 0 0 -420.0 84 0.0 -5.0
2 12 0 0 0 -420.0 84 0.0 -5.0
3 15 0 29 0 0.0 77902 3.722625863264101E-4 0.0
11 0 -653435102 1 1.0 1000 154256 4
0 0 0 49 0 0.0 77247 6.343288412494983E-4 0.0
1 6 0 0 0 -15.0 3 0.0 -5.0
2 10 0 0 0 -15.0 3 0.0 -5.0
3 15 0 17 0 0.0 77003 2.2077061932651974E-4 0.0
11 0 -234244695 1 1.0 1000 158082 4
0 0 0 31 0 0.0 78112 3.9686603850880786E-4 0.0
1 6 0 0 0 -295.0 59 0.0 -5.0
2 12 0 0 0 -295.0 59 0.0 -5.0
3 15 0 1 0 0.0 79852 1.2523167860542003E-5 0.0
11 0 -287812696 1 1.0 1000 158044 5
0 0 0 97 0 0.0 87149 0.0011130362941628705 0.0
1 6 0 1 2 -1905.0 381 -0.0026246719160104987 -5.0
2 10 0 1 2 -1060.0 212 -0.0047169811320754715 -5.0
3 12 0 0 0 -845.0 169 0.0 -5.0
4 15 0 21 0 0.0 70133 2.9943108094620223E-4 0.0
11 0 -1586888777 1 1.0 1000 154801 5
0 0 0 7 0 0.0 80157 8.732861758798358E-5 0.0
1 6 0 0 0 -1315.0 263 0.0 -5.0
2 10 0 0 0 -785.0 157 0.0 -5.0
3 12 0 0 0 -530.0 106 0.0 -5.0
4 15 0 11 0 0.0 74118 1.4841199168892847E-4 0.0
11 1 563277338 1 1.0 1000 66536 5
0 0 0 143 0 0.0 40759 0.003508427586545303 0.0
1 6 0 1 281 -13225.0 2640 -0.10606060606060606 -5.009469696969697
2 10 0 1 281 -2710.0 537 -0.521415270018622 -5.046554934823091
3 12 0 0 0 -10565.0 2108 0.0 -5.011859582542694
4 15 0 2 0 0.0 20492 9.759906304899473E-5 0.0
11 1 -1661747621 1 1.0 1000 64767 5
0 0 0 69 0 0.0 40404 0.0017077517077517077 0.0
1 6 0 0 601 -5225.0 1043 -0.576222435282838 -5.009587727708533
2 10 0 0 391 -4155.0 829 -0.47165259348612787 -5.012062726176116
3 12 0 0 212 -1090.0 216 -0.9814814814814815 -5.046296296296297
4 15 0 75 0 0.0 22275 0.003367003367003367 0.0
11 1 1308958844 1 1.0 1000 66427 5
0 0 0 72 0 0.0 42460 0.0016957136128120584 0.0
1 6 0 1 227 -5340.0 1068 -0.21161048689138576 -5.0
2 10 0 1 225 -2670.0 534 -0.41947565543071164 -5.0
3 12 0 0 2 -2670.0 534 -0.003745318352059925 -5.0
4 15 0 11 0 0.0 21831 5.038706426641015E-4 0.0
11 1 -1767312700 1 1.0 1000 67855 5
0 0 0 71 0 0.0 47615 0.0014911267457733907 0.0
1 6 0 3 381 -5820.0 1157 -0.3267070008643042 -5.030250648228177
2 10 0 3 381 -2935.0 580 -0.6517241379310345 -5.060344827586207
3 12 0 0 3 -2955.0 584 -0.005136986301369863 -5.059931506849315
4 15 0 10 0 0.0 17919 5.580668564093979E-4 0.0
11 1 367641696 1 1.0 1000 67463 5
0 0 0 79 0 0.0 30811 0.0025640193437408716 0.0
1 6 0 1 560 -13520.0 2703 -0.20680725120236773 -5.001849796522382
2 10 0 1 199 -11370.0 2273 -0.08710954685437748 -5.002199736031677
3 12 0 0 362 -2160.0 431 -0.839907192575406 -5.0116009280742455
4 15 0 72 0 0.0 31245 0.0023043686989918386 0.0
11 1 -674030168 1 1.0 1000 62986 5
0 0 0 73 0 0.0 32475 0.00224788298691301 0.0
1 6 0 2 791 -5940.0 1185 -0.6658227848101266 -5.012658227848101
2 10 0 2 346 -3475.0 692 -0.49710982658959535 -5.021676300578035
3 12 0 0 448 -2495.0 496 -0.9032258064516129 -5.030241935483871
4 15 0 74 0 0.0 28138 0.002629895514961973 0.0
11 1 405975501 1 1.0 1000 65943 5
0 0 0 12 0 0.0 31511 3.808193964012567E-4 0.0
1 6 0 3 503 -8465.0 1691 -0.29568302779420463 -5.005913660555884
2 10 0 1 219 -2930.0 584 -0.3732876712328767 -5.017123287671233
3 12 0 3 285 -5555.0 1109 -0.25428313796212804 -5.009017132551849
4 15 0 81 0 0.0 31048 0.0026088636949239885 0.0
11 1 -583904297 1 1.0 1000 65696 5
0 0 0 77 0 0.0 33860 0.0022740696987595985 0.0
1 6 0 2 504 -13220.0 2633 -0.19065704519559437 -5.0208887200911505
2 10 0 2 276 -2870.0 563 -0.4866785079928952 -5.097690941385435
3 12 0 0 229 -10460.0 2081 -0.11004324843825083 -5.026429601153292
4 15 0 66 0 0.0 26559 0.0024850333220377274 0.0
11 1 -385768968 1 1.0 1000 68807 6
0 0 0 130 0 0.0 46373 0.002803355400772001 0.0
1 5 0 0 0 20.0 2 0.0 10.0
2 6 0 0 296 -6975.0 1395 -0.2121863799283154 -5.0
3 10 0 0 296 -6585.0 1317 -0.22475322703113135 -5.0
4 12 0 0 0 -390.0 78 0.0 -5.0
5 15 0 5 0 0.0 19642 2.5455656246818045E-4 0.0
11 1 -2083416322 1 1.0 1000 68848 5
0 0 0 64 0 0.0 35840 0.0017857142857142857 0.0
1 6 0 0 301 -9025.0 1804 -0.16685144124168513 -5.002771618625277
2 10 0 0 126 -7490.0 1497 -0.0841683366733467 -5.003340013360053
3 12 0 0 176 -1545.0 308 -0.5714285714285714 -5.016233766233766
4 15 0 73 0 0.0 29399 0.002483077655702575 0.0
11 1 1258107293 1 1.0 1000 69886 5
0 0 0 146 0 0.0 40231 0.003629042280828217 0.0
1 6 0 0 395 -12885.0 2576 -0.15333850931677018 -5.0019409937888195
2 10 0 0 237 -11630.0 2325 -0.10193548387096774 -5.002150537634408
3 12 0 0 159 -1265.0 252 -0.6309523809523809 -5.01984126984127
4 15 0 6 0 0.0 24502 2.448779691453759E-4 0.0
11 1 -855983547 1 1.0 1000 66627 5
0 0 0 70 0 0.0 32732 0.00213857998289136 0.0
1 6 0 0 702 -6925.0 1382 -0.507959479015919 -5.010853835021708
2 10 0 0 297 -4900.0 977 -0.3039918116683726 -5.015353121801433
3 12 0 0 408 -2055.0 408 -1.0 -5.036764705882353
4 15 0 73 0 0.0 31128 0.0023451554870213315 0.0
11 1 -200692344 1 1.0 1000 65927 5
0 0 0 78 0 0.0 44694 0.0017452006980802793 0.0
1 6 0 2 397 -4620.0 924 -0.4274891774891775 -5.0
2 10 0 2 395 -3285.0 657 -0.5981735159817352 -5.0
3 12 0 0 2 -1335.0 267 -0.00749063670411985 -5.0
4 15 0 66 0 0.0 19385 0.0034046943513025537 0.0
11 1 -13549796 1 1.0 1000 66228 5
0 0 0 66 0 0.0 42983 0.0015354907754228416 0.0
1 6 0 6 377 -6625.0 1323 -0.2804232804232804 -5.00755857898715
2 10 0 6 366 -3925.0 783 -0.45977011494252873 -5.012771392081737
3 12 0 0 11 -2720.0 542 -0.02029520295202952 -5.018450184501845
4 15 0 68 0 0.0 20597 0.0033014516677186 0.0
11 1 -2037020683 1 1.0 1000 70266 5
0 0 0 67 0 0.0 38098 0.0017586224998687595 0.0
1 6 0 0 97 -12435.0 2487 -0.03900281463610776 -5.0
2 10 0 0 95 -12425.0 2485 -0.03822937625754527 -5.0
3 12 0 0 2 -10.0 2 -1.0 -5.0
4 15 0 2 0 0.0 27194 7.35456350665588E-5 0.0
11 1 -492527314 1 1.0 1000 68040 5
0 0 0 84 0 0.0 43899 0.0019134832228524569 0.0
1 6 0 3 345 -15585.0 3117 -0.109720885466795 -5.0
2 10 0 3 344 -15520.0 3104 -0.10985824742268041 -5.0
3 12 0 0 1 -65.0 13 -0.07692307692307693 -5.0
4 15 0 60 0 0.0 17907 0.0033506449991623386 0.0
11 1 859877767 1 1.0 1000 68132 5
0 0 0 64 0 0.0 45917 0.001393819282618638 0.0
1 6 0 0 314 -8290.0 1658 -0.18938480096501809 -5.0
2 10 0 0 314 -8270.0 1654 -0.18984280532043532 -5.0
3 12 0 0 0 -20.0 4 0.0 -5.0
4 15 0 10 0 0.0 18899 5.291285253188E-4 0.0
11 1 255508005 1 1.0 1000 61524 5
0 0 0 73 0 0.0 32946 0.0022157469799065138 0.0
1 6 0 0 708 -6130.0 1209 -0.5856079404466501 -5.070306038047973
2 10 0 0 345 -3265.0 636 -0.5424528301886793 -5.133647798742138
3 12 0 0 365 -3035.0 590 -0.6186440677966102 -5.1440677966101696
4 15 0 74 0 0.0 26143 0.0028305856252151627 0.0
11 1 -373528643 1 1.0 1000 65920 5
0 0 0 65 0 0.0 33484 0.0019412256600167244 0.0
1 6 0 1 565 -10705.0 2100 -0.26857142857142857 -5.097619047619047
2 10 0 0 243 -8600.0 1679 -0.14472900536033353 -5.122096486003573
3 12 0 1 325 -2515.0 462 -0.7012987012987013 -5.4437229437229435
4 15 0 17 0 0.0 28195 6.029437843589289E-4 0.0
11 1 -2119762195 1 1.0 1000 70798 5
0 0 0 62 0 0.0 40311 0.0015380417255835875 0.0
1 6 0 0 127 -15990.0 3192 -0.039786967418546364 -5.0093984962406015
2 10 0 0 127 -10970.0 2188 -0.058043875685557585 -5.013711151736746
3 12 0 0 0 -5080.0 1010 0.0 -5.02970297029703
4 15 0 2 0 0.0 24097 8.299788355396937E-5 0.0
11 2 2024079436 1 1.0 1000 1993 1
0 15 0 1 0 0.0 1993 5.017561465127947E-4 0.0
11 2 -528251007 1 1.0 1000 1991 1
0 0 0 1 0 0.0 1991 5.022601707684581E-4 0.0
11 2 2083308315 1 1.0 1000 1997 1
0 0 0 1 0 0.0 1997 5.00751126690035E-4 0.0
11 2 1661252111 1 1.0 1000 1995 1
0 0 0 1 0 0.0 1995 5.012531328320802E-4 0.0
11 2 1182535105 1 1.0 1000 1995 1
0 15 0 1 0 0.0 1995 5.012531328320802E-4 0.0
11 2 1368599260 1 1.0 1000 2000 1
0 0 0 2 0 0.0 2000 0.001 0.0
11 2 1562473411 1 1.0 1000 1993 1
0 0 0 1 0 0.0 1993 5.017561465127947E-4 0.0
11 2 52608014 1 1.0 1000 1993 1
0 0 0 1 0 0.0 1993 5.017561465127947E-4 0.0
11 2 1979525572 1 1.0 1000 1998 1
0 0 0 2 0 0.0 1998 0.001001001001001001 0.0
11 2 -963659442 1 1.0 1000 1991 1
0 15 0 1 0 0.0 1991 5.022601707684581E-4 0.0
11 2 2064780553 1 1.0 1000 1998 1
0 15 0 2 0 0.0 1998 0.001001001001001001 0.0
11 2 -462243099 1 1.0 1000 1997 1
0 15 0 1 0 0.0 1997 5.00751126690035E-4 0.0
11 2 -1239633874 1 1.0 1000 1990 1
0 15 0 2 0 0.0 1990 0.0010050251256281408 0.0
11 2 298544636 1 1.0 1000 1995 1
0 15 0 1 0 0.0 1995 5.012531328320802E-4 0.0
11 2 -620146234 1 1.0 1000 1993 1
0 15 0 1 0 0.0 1993 5.017561465127947E-4 0.0
11 2 1532052794 1 1.0 1000 1997 1
0 0 0 1 0 0.0 1997 5.00751126690035E-4 0.0
11 2 -2100738346 1 1.0 1000 2000 1
0 0 0 2 0 0.0 2000 0.001 0.0
11 2 -1032956526 1 1.0 1000 1997 1
0 15 0 1 0 0.0 1997 5.00751126690035E-4 0.0
11 2 -2003476751 1 1.0 1000 1998 1
0 0 0 2 0 0.0 1998 0.001001001001001001 0.0
11 2 -251862696 1 1.0 1000 1997 1
0 0 0 1 0 0.0 1997 5.00751126690035E-4 0.0
11 3 835445456 0 -25.0 818 37688 5
0 0 0 0 0 0.0 18089 0.0 0.0
1 6 0 0 98 -16780.0 3356 -0.029201430274135878 -5.0
2 10 0 0 98 -16735.0 3347 -0.029279952195996415 -5.0
3 12 0 0 0 -45.0 9 0.0 -5.0
4 15 0 0 0 0.0 12887 0.0 0.0
11 3 -529813067 0 -25.0 269 12702 5
0 0 0 0 0 0.0 5001 0.0 0.0
1 6 0 0 208 -7630.0 1526 -0.1363040629095675 -5.0
2 10 0 0 196 -7160.0 1432 -0.13687150837988826 -5.0
3 12 0 0 12 -470.0 94 -0.1276595744680851 -5.0
4 15 0 0 0 0.0 4649 0.0 0.0
11 3 1070550014 0 -25.0 163 8316 5
0 0 0 0 0 0.0 2830 0.0 0.0
1 6 0 0 701 -5270.0 1047 -0.6695319961795606 -5.033428844317096
2 10 0 0 701 -4700.0 933 -0.7513397642015005 -5.037513397642015
3 12 0 0 7 -640.0 121 -0.05785123966942149 -5.289256198347108
4 15 0 0 0 0.0 3385 0.0 0.0
11 3 -1729685516 0 -25.0 375 16897 5
0 0 0 0 0 0.0 7719 0.0 0.0
1 6 0 0 404 -7055.0 1409 -0.2867281760113556 -5.007097232079489
2 10 0 0 404 -5985.0 1195 -0.33807531380753136 -5.00836820083682
3 12 0 0 2 -1090.0 216 -0.009259259259259259 -5.046296296296297
4 15 0 0 0 0.0 6358 0.0 0.0
11 3 2035607098 0 -25.0 400 19922 5
0 0 0 0 0 0.0 8340 0.0 0.0
1 6 0 0 327 -6010.0 1199 -0.2727272727272727 -5.012510425354462
2 10 0 0 105 -3225.0 642 -0.16355140186915887 -5.0233644859813085
3 12 0 0 223 -2815.0 560 -0.3982142857142857 -5.026785714285714
4 15 0 0 0 0.0 9181 0.0 0.0
11 3 2099163010 0 -25.0 333 16139 6
0 0 0 0 0 0.0 7675 0.0 0.0
1 5 0 0 0 70.0 7 0.0 10.0
2 6 0 0 351 -6930.0 1383 -0.25379609544468545 -5.010845986984815
3 10 0 0 351 -6565.0 1310 -0.2679389312977099 -5.011450381679389
4 12 0 0 0 -395.0 76 0.0 -5.197368421052632
5 15 0 0 0 0.0 5688 0.0 0.0
11 3 -2047050967 0 -25.0 192 9214 5
0 0 0 0 0 0.0 4796 0.0 0.0
1 6 0 0 212 -3410.0 682 -0.31085043988269795 -5.0
2 10 0 0 212 -2690.0 538 -0.3940520446096654 -5.0
3 12 0 0 0 -720.0 144 0.0 -5.0
4 15 0 0 0 0.0 3054 0.0 0.0
11 3 875258930 0 -25.0 352 16737 5
0 0 0 0 0 0.0 6910 0.0 0.0
1 6 0 0 521 -10205.0 2041 -0.25526702596766293 -5.0
2 10 0 0 521 -10190.0 2038 -0.25564278704612364 -5.0
3 12 0 0 0 -15.0 3 0.0 -5.0
4 15 0 0 0 0.0 5745 0.0 0.0
11 3 -730838420 0 -25.0 339 15649 5
0 0 0 0 0 0.0 8560 0.0 0.0
1 6 0 0 782 -6175.0 1228 -0.6368078175895765 -5.028501628664495
2 10 0 0 782 -6020.0 1197 -0.6532999164578112 -5.029239766081871
3 12 0 0 0 -225.0 38 0.0 -5.921052631578948
4 15 0 0 0 0.0 4626 0.0 0.0
11 3 -727541933 0 -25.0 413 18939 5
0 0 0 0 0 0.0 8727 0.0 0.0
1 6 0 0 361 -7835.0 1565 -0.23067092651757187 -5.006389776357827
2 10 0 0 93 -5905.0 1179 -0.07888040712468193 -5.008481764206955
3 12 0 0 270 -1950.0 388 -0.6958762886597938 -5.025773195876289
4 15 0 0 0 0.0 7080 0.0 0.0
11 3 415351813 0 -25.0 352 15482 5
0 0 0 0 0 0.0 7881 0.0 0.0
1 6 0 0 241 -5635.0 1127 -0.21384205856255545 -5.0
2 10 0 0 241 -4900.0 980 -0.24591836734693878 -5.0
3 12 0 0 0 -735.0 147 0.0 -5.0
4 15 0 0 0 0.0 5347 0.0 0.0
11 3 278818658 0 -25.0 265 11099 5
0 0 0 0 0 0.0 4510 0.0 0.0
1 6 0 0 357 -3190.0 635 -0.5622047244094488 -5.0236220472440944
2 10 0 0 174 -1640.0 325 -0.5353846153846153 -5.046153846153846
3 12 0 0 184 -1580.0 313 -0.5878594249201278 -5.047923322683706
4 15 0 0 0 0.0 5316 0.0 0.0
11 3 1814706857 0 -25.0 360 15900 5
0 0 0 0 0 0.0 7070 0.0 0.0
1 6 0 0 90 -4510.0 901 -0.09988901220865705 -5.005549389567148
2 10 0 0 46 -2470.0 493 -0.09330628803245436 -5.0101419878296145
3 12 0 0 45 -2050.0 409 -0.1100244498777506 -5.012224938875305
4 15 0 0 0 0.0 7027 0.0 0.0
11 3 1450891757 0 -25.0 107 4665 5
0 0 0 0 0 0.0 2168 0.0 0.0
1 6 0 0 175 -2450.0 483 -0.36231884057971014 -5.072463768115942
2 10 0 0 175 -2280.0 449 -0.3897550111358575 -5.077951002227172
3 12 0 0 7 -240.0 41 -0.17073170731707318 -5.853658536585366
4 15 0 0 0 0.0 1524 0.0 0.0
11 3 -1465120752 0 -25.0 277 11579 6
0 0 0 0 0 0.0 5789 0.0 0.0
1 5 0 0 0 20.0 2 0.0 10.0
2 6 0 0 181 -3185.0 637 -0.28414442700156983 -5.0
3 10 0 0 90 -2070.0 414 -0.21739130434782608 -5.0
4 12 0 0 91 -1115.0 223 -0.4080717488789238 -5.0
5 15 0 0 0 0.0 4514 0.0 0.0
11 3 -1411971767 0 -25.0 246 11777 5
0 0 0 0 0 0.0 5100 0.0 0.0
1 6 0 0 227 -4870.0 974 -0.23305954825462014 -5.0
2 10 0 0 38 -3280.0 656 -0.057926829268292686 -5.0
3 12 0 0 189 -1590.0 318 -0.5943396226415094 -5.0
4 15 0 0 0 0.0 4729 0.0 0.0
11 3 623654773 0 -25.0 498 23164 5
0 0 0 0 0 0.0 8948 0.0 0.0
1 6 0 0 168 -7085.0 1413 -0.11889596602972399 -5.014154281670205
2 10 0 0 33 -2275.0 451 -0.07317073170731707 -5.044345898004434
3 12 0 0 135 -4850.0 966 -0.13975155279503104 -5.020703933747412
4 15 0 0 0 0.0 11386 0.0 0.0
11 3 -85446233 0 -25.0 220 9979 5
0 0 0 0 0 0.0 3673 0.0 0.0
1 6 0 0 151 -5045.0 1007 -0.1499503475670308 -5.009930486593843
2 10 0 0 101 -2855.0 569 -0.17750439367311072 -5.017574692442882
3 12 0 0 50 -2210.0 440 -0.11363636363636363 -5.0227272727272725
4 15 0 0 0 0.0 4290 0.0 0.0
11 3 1363208958 0 -25.0 863 36084 5
0 0 0 0 0 0.0 15326 0.0 0.0
1 6 0 0 1110 -7820.0 1560 -0.7115384615384616 -5.012820512820513
2 10 0 0 410 -3935.0 783 -0.5236270753512133 -5.025542784163473
3 12 0 0 704 -3925.0 781 -0.9014084507042254 -5.025608194622279
4 15 0 0 0 0.0 17634 0.0 0.0
11 3 -487107447 0 -25.0 346 14965 5
0 0 0 0 0 0.0 7013 0.0 0.0
1 6 0 0 516 -4465.0 891 -0.5791245791245792 -5.011223344556678
2 10 0 0 348 -3480.0 694 -0.5014409221902018 -5.014409221902017
3 12 0 0 170 -1005.0 199 -0.8542713567839196 -5.050251256281407
4 15 0 0 0 0.0 6168 0.0 0.0
11 4 2137538167 1 1.0 1000 46424 5
0 0 0 93 0 0.0 24133 0.0038536443873534165 0.0
1 6 0 0 1781 -11680.0 2334 -0.7630676949443016 -5.004284490145673
2 10 0 0 1781 -10350.0 2068 -0.8612185686653772 -5.0048355899419725
3 12 0 0 1 -1350.0 268 -0.0037313432835820895 -5.037313432835821
4 15 0 8 0 0.0 17621 4.5400374553090066E-4 0.0
11 4 1983236341 1 1.0 1000 43701 6
0 0 0 50 0 0.0 21004 0.0023804989525804607 0.0
1 5 0 0 0 10.0 1 0.0 10.0
2 6 0 4 1086 -9915.0 1974 -0.5481256332320162 -5.022796352583587
3 10 0 4 628 -4465.0 884 -0.7058823529411765 -5.050904977375565
4 12 0 0 463 -5540.0 1099 -0.4212920837124659 -5.0409463148316656
5 15 0 24 0 0.0 18739 0.001280751374139495 0.0
11 4 1705547039 1 1.0 1000 46200 5
0 0 0 53 0 0.0 25423 0.0020847264288242928 0.0
1 6 0 0 1451 -11105.0 2220 -0.6536036036036036 -5.002252252252252
2 10 0 0 1439 -8165.0 1632 -0.8817401960784313 -5.003063725490196
3 12 0 0 12 -2950.0 589 -0.02037351443123939 -5.00848896434635
4 15 0 5 0 0.0 16336 3.060724779627816E-4 0.0
11 4 -998888391 1 1.0 1000 45284 5
0 0 0 13 0 0.0 25529 5.09224803165028E-4 0.0
1 6 0 5 1437 -10010.0 1998 -0.7167167167167167 -5.01001001001001
2 10 0 5 1287 -7600.0 1516 -0.8456464379947229 -5.013192612137203
3 12 0 0 151 -2450.0 486 -0.31069958847736623 -5.041152263374485
4 15 0 24 0 0.0 15755 0.0015233259282767374 0.0
11 4 1568215382 1 1.0 1000 45536 5
0 0 0 16 0 0.0 21525 7.43321718931475E-4 0.0
1 6 0 2 1767 -16855.0 3357 -0.5257670539171879 -5.020851951146858
2 10 0 0 1727 -14490.0 2884 -0.5988210818307905 -5.024271844660194
3 12 0 2 47 -2505.0 487 -0.09240246406570841 -5.143737166324435
4 15 0 48 0 0.0 17283 0.0027772956084013193 0.0
11 4 179298344 1 1.0 1000 50063 5
0 0 0 9 0 0.0 25113 3.583801218492414E-4 0.0
1 6 0 30 2847 -20880.0 4176 -0.6745689655172413 -5.0
2 10 0 30 2847 -20865.0 4173 -0.6750539180445723 -5.0
3 12 0 0 0 -15.0 3 0.0 -5.0
4 15 0 62 0 0.0 16598 0.003735389806000723 0.0
11 4 1037181160 1 1.0 1000 51487 6
0 0 0 49 0 0.0 22407 0.0021868166198063107 0.0
1 5 0 0 0 880.0 88 0.0 10.0
2 6 0 1 4655 -27140.0 5417 -0.8591471294074211 -5.010153221340225
3 10 0 1 561 -4285.0 846 -0.6619385342789598 -5.0650118203309695
4 12 0 0 4103 -22965.0 4582 -0.8954604975993016 -5.012003491924924
5 15 0 28 0 0.0 18147 0.0015429547583622636 0.0
11 4 -1238048666 1 1.0 1000 49461 6
0 0 0 41 0 0.0 20811 0.0019701119600211425 0.0
1 5 0 0 0 180.0 18 0.0 10.0
2 6 0 3 3682 -21330.0 4258 -0.8640206669798027 -5.009394081728511
3 10 0 1 2163 -13720.0 2736 -0.7902046783625731 -5.014619883040936
4 12 0 2 1527 -7690.0 1530 -0.9967320261437909 -5.026143790849673
5 15 0 38 0 0.0 20108 0.0018897951064253034 0.0
11 4 1954481259 1 1.0 1000 46160 5
0 0 0 45 0 0.0 22867 0.001967901342546027 0.0
1 6 0 2 2151 -14155.0 2830 -0.7593639575971731 -5.001766784452297
2 10 0 2 1702 -11340.0 2267 -0.7498897220996912 -5.0022055580061755
3 12 0 0 450 -2825.0 564 -0.7978723404255319 -5.00886524822695
4 15 0 38 0 0.0 17632 0.0021551724137931034 0.0
11 4 1411990235 1 1.0 1000 46024 5
0 0 0 37 0 0.0 25434 0.0014547456161044272 0.0
1 6 0 3 1779 -11775.0 2352 -0.7551020408163265 -5.0063775510204085
2 10 0 3 1548 -10135.0 2024 -0.7633399209486166 -5.007411067193676
3 12 0 0 234 -1670.0 331 -0.7069486404833837 -5.045317220543807
4 15 0 33 0 0.0 15883 0.002077693131020588 0.0
11 4 -1515005518 1 1.0 1000 47790 5
0 0 0 82 0 0.0 25406 0.0032275840352672595 0.0
1 6 0 1 2616 -15410.0 3081 -0.848750405712431 -5.001622849724115
2 10 0 1 2613 -15160.0 3031 -0.8617617947871989 -5.001649620587265
3 12 0 0 3 -260.0 51 -0.058823529411764705 -5.098039215686274
4 15 0 13 0 0.0 16221 8.014302447444671E-4 0.0
11 4 -1813526760 1 1.0 1000 49181 5
0 0 0 55 0 0.0 22637 0.0024296505720722713 0.0
1 6 0 2 2131 -18325.0 3648 -0.5836074561403509 -5.0233004385964914
2 10 0 2 1787 -12780.0 2539 -0.703032690035447 -5.033477747144545
3 12 0 0 361 -5715.0 1126 -0.3206039076376554 -5.075488454706927
4 15 0 25 0 0.0 19231 0.0012999844001871977 0.0
11 4 1499658527 1 1.0 1000 43776 5
0 0 0 9 0 0.0 19907 4.521022755814538E-4 0.0
1 6 0 32 1685 -12750.0 2547 -0.6489988221436984 -5.005889281507656
2 10 0 32 1036 -8860.0 1769 -0.567552289429056 -5.0084793668739405
3 12 0 0 650 -3920.0 781 -0.8322663252240717 -5.019206145966709
4 15 0 64 0 0.0 18772 0.0034093330492222457 0.0
11 4 1281311595 1 1.0 1000 45960 5
0 0 0 85 0 0.0 24144 0.0035205434062292908 0.0
1 6 0 0 1857 -15315.0 3063 -0.6062683643486778 -5.0
2 10 0 0 1856 -15305.0 3061 -0.6063377981051944 -5.0
3 12 0 0 1 -10.0 2 -0.5 -5.0
4 15 0 6 0 0.0 15690 3.824091778202677E-4 0.0
11 4 -1567716875 1 1.0 1000 47682 5
0 0 0 41 0 0.0 27683 0.001481053354043998 0.0
1 6 0 2 299 -11140.0 2224 -0.1335431654676259 -5.008992805755396
2 10 0 2 299 -9750.0 1946 -0.1526207605344296 -5.0102774922918805
3 12 0 0 0 -1430.0 282 0.0 -5.070921985815603
4 15 0 39 0 0.0 15547 0.0025085225445423552 0.0
11 4 2107374465 1 1.0 1000 46002 5
0 0 0 13 0 0.0 22762 5.711273174589228E-4 0.0
1 6 0 33 1797 -15245.0 3046 -0.5791201575837164 -5.004924491135916
2 10 0 33 1797 -13230.0 2643 -0.6674233825198638 -5.005675368898978
3 12 0 0 2 -2045.0 406 -0.0049261083743842365 -5.036945812807882
4 15 0 69 0 0.0 17145 0.004024496937882764 0.0
11 4 -95752453 1 1.0 1000 46648 5
0 0 0 53 0 0.0 26068 0.0020331440847015498 0.0
1 6 0 2 812 -12650.0 2530 -0.3201581027667984 -5.0
2 10 0 2 812 -12640.0 2528 -0.3204113924050633 -5.0
3 12 0 0 0 -10.0 2 0.0 -5.0
4 15 0 11 0 0.0 15520 7.087628865979381E-4 0.0
11 4 770342504 1 1.0 1000 47568 5
0 0 0 67 0 0.0 25672 0.002609847304456217 0.0
1 6 0 0 1756 -14710.0 2938 -0.5976855003403676 -5.006807351940095
2 10 0 0 1756 -13965.0 2789 -0.6296163499462173 -5.007171029042667
3 12 0 0 0 -785.0 153 0.0 -5.130718954248366
4 15 0 8 0 0.0 16016 4.995004995004995E-4 0.0
11 4 842058759 1 1.0 1000 48795 5
0 0 0 52 0 0.0 20958 0.002481152781753984 0.0
1 6 0 6 2317 -23285.0 4646 -0.4974171330176496 -5.011838140335772
2 10 0 6 1350 -17840.0 3557 -0.3778464998594321 -5.015462468372224
3 12 0 0 978 -5555.0 1100 -0.889090909090909 -5.05
4 15 0 40 0 0.0 18534 0.0021581957483543758 0.0
11 4 1500833507 1 1.0 1000 48850 6
0 0 0 87 0 0.0 20373 0.00427035782653512 0.0
1 5 0 0 0 10.0 1 0.0 10.0
2 6 0 1 3403 -22720.0 4544 -0.7486795774647887 -5.0
3 10 0 1 3107 -20715.0 4143 -0.7496982862659908 -5.0
4 12 0 0 296 -2005.0 401 -0.7381546134663342 -5.0
5 15 0 9 0 0.0 19388 4.6420466267794514E-4 0.0
