8 0 979272063 0 0.0 1000 231796 3
0 0 0 0 163 0.0 145816 -0.0011178471498326657 0.0
1 3 0 0 0 0.0 85413 0.0 0.0
2 5 0 0 567 -567.0 567 -1.0 -1.0
8 0 -1437378246 0 0.0 1000 244993 3
0 0 0 0 41 0.0 124437 -3.294839959176129E-4 0.0
1 3 0 0 26 0.0 120368 -2.1600425362222516E-4 0.0
2 5 0 0 188 -188.0 188 -1.0 -1.0
8 0 -1379068229 0 0.0 1000 239839 3
0 0 0 0 77 0.0 119914 -6.421268575812666E-4 0.0
1 3 0 0 30 0.0 119613 -2.5080885856888465E-4 0.0
2 5 0 0 312 -312.0 312 -1.0 -1.0
8 0 -1690053416 0 0.0 1000 254601 4
0 0 0 0 1 0.0 43702 -2.288224795203881E-5 0.0
1 3 0 0 72 0.0 210561 -3.419436647812273E-4 0.0
2 4 0 40 0 40.0 40 1.0 1.0
3 5 0 0 298 -298.0 298 -1.0 -1.0
8 0 1366341620 0 0.0 1000 271432 3
0 0 0 0 165 0.0 135967 -0.0012135297535431392 0.0
1 3 0 0 35 0.0 135440 -2.5841701122268163E-4 0.0
2 5 0 0 25 -25.0 25 -1.0 -1.0
8 0 439000873 0 0.0 1000 265451 3
0 0 0 0 96 0.0 133358 -7.198668246374421E-4 0.0
1 3 0 0 131 0.0 132078 -9.918381562410092E-4 0.0
2 5 0 0 15 -15.0 15 -1.0 -1.0
8 0 359906078 0 0.0 1000 266731 3
0 0 0 0 57 0.0 133447 -4.271358666736607E-4 0.0
1 3 0 0 33 0.0 133256 -2.4764363330731824E-4 0.0
2 5 0 0 28 -28.0 28 -1.0 -1.0
8 0 -773521348 0 0.0 1000 260544 3
0 0 0 0 136 0.0 206939 -6.571984981081382E-4 0.0
1 3 0 0 0 0.0 53141 0.0 0.0
2 5 0 0 464 -464.0 464 -1.0 -1.0
8 0 854307163 0 0.0 1000 267184 3
0 0 0 0 53 0.0 144010 -3.6802999791681133E-4 0.0
1 3 0 0 46 0.0 123056 -3.7381354830321156E-4 0.0
2 5 0 0 118 -118.0 118 -1.0 -1.0
8 0 803458863 0 0.0 1000 264068 3
0 0 0 0 88 0.0 135630 -6.488240064882401E-4 0.0
1 3 0 0 15 0.0 128390 -1.1683152893527533E-4 0.0
2 5 0 0 48 -48.0 48 -1.0 -1.0
8 0 1195232926 0 0.0 1000 270104 3
0 0 0 0 105 0.0 240062 -4.3738700835617466E-4 0.0
1 3 0 0 1 0.0 29830 -3.352329869259135E-5 0.0
2 5 0 0 212 -212.0 212 -1.0 -1.0
8 0 -916136447 0 0.0 1000 264842 4
0 0 0 0 21 0.0 120939 -1.7364125716270185E-4 0.0
1 3 0 0 174 0.0 143296 -0.0012142697632871817 0.0
2 4 0 45 0 45.0 45 1.0 1.0
3 5 0 0 562 -562.0 562 -1.0 -1.0
8 0 -1802888245 0 0.0 1000 259450 4
0 0 0 0 2 0.0 9134 -2.189621195533173E-4 0.0
1 3 0 0 178 0.0 250155 -7.115588335232156E-4 0.0
2 4 0 20 0 20.0 20 1.0 1.0
3 5 0 0 141 -141.0 141 -1.0 -1.0
8 0 1583200031 0 0.0 1000 260315 4
0 0 0 0 5 0.0 45498 -1.0989494043694228E-4 0.0
1 3 0 0 48 0.0 214427 -2.2385240664655104E-4 0.0
2 4 0 75 0 75.0 75 1.0 1.0
3 5 0 0 315 -315.0 315 -1.0 -1.0
8 0 637443042 0 0.0 1000 272834 3
0 0 0 0 75 0.0 137506 -5.454307448402252E-4 0.0
1 3 0 0 43 0.0 135261 -3.179039043035317E-4 0.0
2 5 0 0 67 -67.0 67 -1.0 -1.0
8 0 1737177008 0 0.0 1000 275506 3
0 0 0 0 56 0.0 137863 -4.062003583267447E-4 0.0
1 3 0 0 93 0.0 137530 -6.762160983058242E-4 0.0
2 5 0 0 113 -113.0 113 -1.0 -1.0
8 0 1887382084 0 0.0 1000 273126 3
0 0 0 0 141 0.0 134592 -0.0010476105563480742 0.0
1 3 0 0 99 0.0 138411 -7.152610702906561E-4 0.0
2 5 0 0 123 -123.0 123 -1.0 -1.0
8 0 2053710705 0 0.0 1000 267560 3
0 0 0 0 18 0.0 30456 -5.91016548463357E-4 0.0
1 3 0 0 73 0.0 236796 -3.0828223449720437E-4 0.0
2 5 0 0 308 -308.0 308 -1.0 -1.0
8 0 -1411402506 0 0.0 1000 267273 3
0 0 0 0 188 0.0 134270 -0.0014001638489610487 0.0
1 3 0 0 38 0.0 132837 -2.860648765027816E-4 0.0
2 5 0 0 166 -166.0 166 -1.0 -1.0
8 0 -1817422447 0 0.0 1000 275514 3
0 0 0 0 197 0.0 138796 -0.0014193492607856135 0.0
1 3 0 0 49 0.0 136688 -3.5848062741425726E-4 0.0
2 5 0 0 30 -30.0 30 -1.0 -1.0
8 1 -361650044 0 0.0 1000 147552 3
0 0 0 0 215 0.0 124129 -0.0017320690571905033 0.0
1 3 0 0 2 0.0 22587 -8.854650905388055E-5 0.0
2 5 0 0 836 -836.0 836 -1.0 -1.0
8 1 1048676835 0 -1.0 1000 140919 3
0 0 0 0 25 0.0 121093 -2.0645289157919945E-4 0.0
1 3 0 0 93 0.0 18594 -0.0050016134236850595 0.0
2 5 0 0 1232 -1232.0 1232 -1.0 -1.0
8 1 407039294 0 0.0 1000 137824 3
0 0 0 0 139 0.0 127354 -0.001091445890981045 0.0
1 3 0 0 1 0.0 9660 -1.0351966873706004E-4 0.0
2 5 0 0 810 -810.0 810 -1.0 -1.0
8 1 155101301 0 0.0 1000 138580 3
0 0 0 0 212 0.0 123491 -0.001716724295697662 0.0
1 3 0 0 7 0.0 14135 -4.952246197382384E-4 0.0
2 5 0 0 954 -954.0 954 -1.0 -1.0
8 1 1036209036 0 0.0 1000 135091 3
0 0 0 0 203 0.0 122831 -0.0016526772557416288 0.0
1 3 0 0 2 0.0 11511 -1.7374685083832854E-4 0.0
2 5 0 0 749 -749.0 749 -1.0 -1.0
8 1 1898713777 0 0.0 1000 141203 3
0 0 0 0 208 0.0 124579 -0.0016696232912449128 0.0
1 3 0 0 3 0.0 15855 -1.892147587511826E-4 0.0
2 5 0 0 769 -769.0 769 -1.0 -1.0
8 1 670800510 0 0.0 1000 141376 3
0 0 0 0 121 0.0 122430 -9.883198562443845E-4 0.0
1 3 0 0 92 0.0 17885 -0.005143975398378529 0.0
2 5 0 0 1061 -1061.0 1061 -1.0 -1.0
8 1 324669497 0 -1.0 1000 143372 3
0 0 0 0 29 0.0 123024 -2.3572636233580439E-4 0.0
1 3 0 0 101 0.0 19379 -0.005211827235667475 0.0
2 5 0 0 969 -969.0 969 -1.0 -1.0
8 1 193849005 0 0.0 1000 140039 3
0 0 0 0 223 0.0 124677 -0.001788621798727913 0.0
1 3 0 0 1 0.0 14533 -6.88089176357256E-5 0.0
2 5 0 0 829 -829.0 829 -1.0 -1.0
8 1 -1627862460 0 0.0 1000 144425 3
0 0 0 0 104 0.0 121566 -8.555023608574766E-4 0.0
1 3 0 0 94 0.0 21901 -0.004292041459294097 0.0
2 5 0 0 958 -958.0 958 -1.0 -1.0
8 1 885751132 0 0.0 1000 143850 3
0 0 0 0 119 0.0 124206 -9.580857607522986E-4 0.0
1 3 0 0 98 0.0 18679 -0.0052465335403394184 0.0
2 5 0 0 965 -965.0 965 -1.0 -1.0
8 1 -1352805848 0 0.0 1000 142019 3
0 0 0 0 222 0.0 123842 -0.0017926067085479885 0.0
1 3 0 0 5 0.0 17309 -2.888670633774337E-4 0.0
2 5 0 0 868 -868.0 868 -1.0 -1.0
8 1 -165271782 0 0.0 1000 141716 3
0 0 0 0 119 0.0 124141 -9.58587412700075E-4 0.0
1 3 0 0 98 0.0 16566 -0.005915731015332609 0.0
2 5 0 0 1009 -1009.0 1009 -1.0 -1.0
8 1 1075510938 0 0.0 1000 146224 3
0 0 0 0 235 0.0 127821 -0.001838508539285407 0.0
1 3 0 0 8 0.0 17511 -4.5685569070869737E-4 0.0
2 5 0 0 892 -892.0 892 -1.0 -1.0
8 1 -575524062 0 0.0 1000 141648 3
0 0 0 0 58 0.0 128368 -4.518260002492833E-4 0.0
1 3 0 0 93 0.0 12338 -0.007537688442211055 0.0
2 5 0 0 942 -942.0 942 -1.0 -1.0
8 1 1520311504 0 0.0 1000 143307 3
0 0 0 0 129 0.0 123101 -0.0010479200006498729 0.0
1 3 0 0 99 0.0 19169 -0.005164588658771976 0.0
2 5 0 0 1037 -1037.0 1037 -1.0 -1.0
8 1 -729075430 0 0.0 1000 142201 3
0 0 0 0 132 0.0 124865 -0.0010571417130500942 0.0
1 3 0 0 10 0.0 16356 -6.11396429444852E-4 0.0
2 5 0 0 980 -980.0 980 -1.0 -1.0
8 1 -1455710055 0 0.0 1000 141732 3
0 0 0 0 117 0.0 126088 -9.279233551170611E-4 0.0
1 3 0 0 104 0.0 14630 -0.0071086807928913195 0.0
2 5 0 0 1014 -1014.0 1014 -1.0 -1.0
8 1 -223189179 0 0.0 1000 146953 3
0 0 0 0 227 0.0 123015 -0.0018453034182823232 0.0
1 3 0 0 0 0.0 22935 0.0 0.0
2 5 0 0 1003 -1003.0 1003 -1.0 -1.0
8 1 717311582 0 0.0 1000 148672 3
0 0 0 0 203 0.0 126506 -0.0016046669723175186 0.0
1 3 0 0 6 0.0 21297 -2.817298211015636E-4 0.0
2 5 0 0 869 -869.0 869 -1.0 -1.0
8 2 -110762046 0 0.0 1000 3002 1
0 0 0 0 2 0.0 3002 -6.662225183211193E-4 0.0
8 2 -1223599172 0 0.0 1000 3003 1
0 0 0 0 3 0.0 3003 -9.99000999000999E-4 0.0
8 2 493488372 0 0.0 1000 3003 1
0 0 0 0 3 0.0 3003 -9.99000999000999E-4 0.0
8 2 1233696433 0 0.0 1000 3003 1
0 0 0 0 3 0.0 3003 -9.99000999000999E-4 0.0
8 2 -296269217 0 0.0 1000 3003 1
0 0 0 0 3 0.0 3003 -9.99000999000999E-4 0.0
8 2 -1704830749 0 0.0 1000 3003 1
0 0 0 0 3 0.0 3003 -9.99000999000999E-4 0.0
8 2 -1954969214 0 0.0 1000 3002 1
0 0 0 0 2 0.0 3002 -6.662225183211193E-4 0.0
8 2 1704794454 0 0.0 1000 3002 1
0 0 0 0 2 0.0 3002 -6.662225183211193E-4 0.0
8 2 -17540936 0 0.0 1000 3002 1
0 0 0 0 2 0.0 3002 -6.662225183211193E-4 0.0
8 2 -1434079629 0 0.0 1000 3003 1
0 0 0 0 3 0.0 3003 -9.99000999000999E-4 0.0
8 2 148883992 0 0.0 1000 3003 1
0 0 0 0 3 0.0 3003 -9.99000999000999E-4 0.0
8 2 -737945194 0 0.0 1000 3003 1
0 0 0 0 3 0.0 3003 -9.99000999000999E-4 0.0
8 2 -1666361145 0 0.0 1000 3003 1
0 0 0 0 3 0.0 3003 -9.99000999000999E-4 0.0
8 2 -1446575591 0 0.0 1000 3003 1
0 0 0 0 3 0.0 3003 -9.99000999000999E-4 0.0
8 2 -914844625 0 0.0 1000 3003 1
0 0 0 0 3 0.0 3003 -9.99000999000999E-4 0.0
8 2 -1309927384 0 0.0 1000 3002 1
0 0 0 0 2 0.0 3002 -6.662225183211193E-4 0.0
8 2 1928214161 0 0.0 1000 3002 1
0 0 0 0 2 0.0 3002 -6.662225183211193E-4 0.0
8 2 -1326231096 0 0.0 1000 3003 1
0 0 0 0 3 0.0 3003 -9.99000999000999E-4 0.0
8 2 624100475 0 0.0 1000 3002 1
0 0 0 0 2 0.0 3002 -6.662225183211193E-4 0.0
8 2 1957518069 0 0.0 1000 3002 1
0 0 0 0 2 0.0 3002 -6.662225183211193E-4 0.0
8 3 -594456133 1 1.0 85 10073 4
0 0 0 0 0 0.0 4181 0.0 0.0
1 3 0 0 0 0.0 5297 0.0 0.0
2 4 0 128 0 128.0 128 1.0 1.0
3 5 0 0 467 -467.0 467 -1.0 -1.0
8 3 1740851913 0 -1.0 147 19604 4
0 0 0 0 0 0.0 10341 0.0 0.0
1 3 0 0 0 0.0 8504 0.0 0.0
2 4 0 4 0 4.0 4 1.0 1.0
3 5 0 0 755 -755.0 755 -1.0 -1.0
8 3 -1829309524 0 -1.0 54 8436 3
0 0 0 0 0 0.0 5053 0.0 0.0
1 3 0 0 0 0.0 2997 0.0 0.0
2 5 0 0 386 -386.0 386 -1.0 -1.0
8 3 119238625 0 -1.0 62 9348 3
0 0 0 0 0 0.0 6483 0.0 0.0
1 3 0 0 0 0.0 2473 0.0 0.0
2 5 0 0 392 -392.0 392 -1.0 -1.0
8 3 460988584 0 -1.0 107 15204 3
0 0 0 0 0 0.0 10600 0.0 0.0
1 3 0 0 0 0.0 4030 0.0 0.0
2 5 0 0 574 -574.0 574 -1.0 -1.0
8 3 1581764570 0 -1.0 28 4460 3
0 0 0 0 0 0.0 2691 0.0 0.0
1 3 0 0 0 0.0 1398 0.0 0.0
2 5 0 0 371 -371.0 371 -1.0 -1.0
8 3 2072091380 1 1.0 281 35131 4
0 0 0 0 0 0.0 22052 0.0 0.0
1 3 0 0 0 0.0 11774 0.0 0.0
2 4 0 148 0 148.0 148 1.0 1.0
3 5 0 0 1157 -1157.0 1157 -1.0 -1.0
8 3 416848282 0 -1.0 298 37156 4
0 0 0 0 0 0.0 11829 0.0 0.0
1 3 0 0 0 0.0 23645 0.0 0.0
2 4 0 12 0 12.0 12 1.0 1.0
3 5 0 0 1670 -1670.0 1670 -1.0 -1.0
8 3 -1185865527 0 -1.0 35 5530 3
0 0 0 0 0 0.0 3477 0.0 0.0
1 3 0 0 0 0.0 1664 0.0 0.0
2 5 0 0 389 -389.0 389 -1.0 -1.0
8 3 -228171868 0 -1.0 66 9812 3
0 0 0 0 0 0.0 6292 0.0 0.0
1 3 0 0 0 0.0 2899 0.0 0.0
2 5 0 0 621 -621.0 621 -1.0 -1.0
8 3 1471220337 0 -1.0 39 6426 3
0 0 0 0 0 0.0 4003 0.0 0.0
1 3 0 0 0 0.0 2018 0.0 0.0
2 5 0 0 405 -405.0 405 -1.0 -1.0
8 3 1040421497 0 -1.0 245 33262 4
0 0 0 0 0 0.0 8533 0.0 0.0
1 3 0 0 0 0.0 23576 0.0 0.0
2 4 0 484 0 484.0 484 1.0 1.0
3 5 0 0 669 -669.0 669 -1.0 -1.0
8 3 -1879451888 0 -1.0 79 11619 3
0 0 0 0 0 0.0 8661 0.0 0.0
1 3 0 0 0 0.0 2688 0.0 0.0
2 5 0 0 270 -270.0 270 -1.0 -1.0
8 3 2049517561 0 -1.0 142 19131 3
0 0 0 0 0 0.0 12627 0.0 0.0
1 3 0 0 0 0.0 5499 0.0 0.0
2 5 0 0 1005 -1005.0 1005 -1.0 -1.0
8 3 735956270 0 -1.0 39 5724 3
0 0 0 0 0 0.0 4030 0.0 0.0
1 3 0 0 0 0.0 1494 0.0 0.0
2 5 0 0 200 -200.0 200 -1.0 -1.0
8 3 -1834792333 0 -1.0 187 24142 3
0 0 0 0 0 0.0 18547 0.0 0.0
1 3 0 0 0 0.0 4516 0.0 0.0
2 5 0 0 1079 -1079.0 1079 -1.0 -1.0
8 3 182890317 0 -1.0 215 27978 3
0 0 0 0 0 0.0 19949 0.0 0.0
1 3 0 0 0 0.0 6468 0.0 0.0
2 5 0 0 1561 -1561.0 1561 -1.0 -1.0
8 3 674934182 1 1.0 182 24797 4
0 0 0 0 0 0.0 15385 0.0 0.0
1 3 0 0 0 0.0 8215 0.0 0.0
2 4 0 171 0 171.0 171 1.0 1.0
3 5 0 0 1026 -1026.0 1026 -1.0 -1.0
8 3 747647578 0 -1.0 93 14577 4
0 0 0 0 0 0.0 7616 0.0 0.0
1 3 0 0 0 0.0 6391 0.0 0.0
2 4 0 3 0 3.0 3 1.0 1.0
3 5 0 0 567 -567.0 567 -1.0 -1.0
8 3 2096497108 0 -1.0 106 14620 3
0 0 0 0 0 0.0 10498 0.0 0.0
1 3 0 0 0 0.0 3507 0.0 0.0
2 5 0 0 615 -615.0 615 -1.0 -1.0
8 4 -1420104916 0 0.0 1000 127405 4
0 0 0 0 145 0.0 42198 -0.0034361818095644345 0.0
1 3 0 0 76 0.0 75525 -0.0010062893081761006 0.0
2 4 0 75 0 75.0 75 1.0 1.0
3 5 0 0 9607 -9607.0 9607 -1.0 -1.0
8 4 -114555368 1 1.0 1000 133180 4
0 0 0 0 55 0.0 23753 -0.002315496989853913 0.0
1 3 0 0 96 0.0 92885 -0.0010335360930182483 0.0
2 4 0 16080 0 16080.0 16080 1.0 1.0
3 5 0 0 462 -462.0 462 -1.0 -1.0
8 4 1529591934 0 0.0 1000 148565 4
0 0 0 0 52 0.0 34859 -0.0014917238016007345 0.0
1 3 0 0 154 0.0 113428 -0.0013576894593927426 0.0
2 4 0 149 0 149.0 149 1.0 1.0
3 5 0 0 129 -129.0 129 -1.0 -1.0
8 4 -1754089364 0 0.0 1000 128672 3
0 0 0 0 134 0.0 91630 -0.001462403143075412 0.0
1 3 0 0 51 0.0 36195 -0.0014090343970161625 0.0
2 5 0 0 847 -847.0 847 -1.0 -1.0
8 4 812467544 0 0.0 1000 127813 3
0 0 0 0 141 0.0 91038 -0.0015488037962169644 0.0
1 3 0 0 62 0.0 36006 -0.0017219352330167194 0.0
2 5 0 0 769 -769.0 769 -1.0 -1.0
8 4 820564279 0 0.0 1000 122257 4
0 0 0 0 135 0.0 73726 -0.001831104359384749 0.0
1 3 0 0 53 0.0 46999 -0.0011276835677354838 0.0
2 4 0 111 0 111.0 111 1.0 1.0
3 5 0 0 1421 -1421.0 1421 -1.0 -1.0
8 4 -130251722 0 0.0 1000 137839 4
0 0 0 0 57 0.0 26055 -0.002187679907887162 0.0
1 3 0 0 170 0.0 96889 -0.0017545851438243764 0.0
2 4 0 14532 0 14532.0 14532 1.0 1.0
3 5 0 0 363 -363.0 363 -1.0 -1.0
8 4 -1469203521 0 0.0 1000 151533 4
0 0 0 0 81 0.0 57135 -0.0014176949330532947 0.0
1 3 0 0 132 0.0 93795 -0.0014073244842475613 0.0
2 4 0 281 0 281.0 281 1.0 1.0
3 5 0 0 322 -322.0 322 -1.0 -1.0
8 4 2002370297 0 0.0 1000 110173 4
0 0 0 0 20 0.0 55800 -3.5842293906810036E-4 0.0
1 3 0 0 56 0.0 48915 -0.0011448430951650822 0.0
2 4 0 378 0 378.0 378 1.0 1.0
3 5 0 0 5080 -5080.0 5080 -1.0 -1.0
8 4 -1421922854 0 0.0 1000 149469 4
0 0 0 0 64 0.0 56638 -0.001129983403368763 0.0
1 3 0 0 145 0.0 92308 -0.001570828097239676 0.0
2 4 0 218 0 218.0 218 1.0 1.0
3 5 0 0 305 -305.0 305 -1.0 -1.0
8 4 356470852 0 0.0 1000 130699 3
0 0 0 0 134 0.0 92680 -0.0014458351316357359 0.0
1 3 0 0 59 0.0 37019 -0.0015937761689943002 0.0
2 5 0 0 1000 -1000.0 1000 -1.0 -1.0
8 4 -609706640 0 0.0 1000 137722 4
0 0 0 0 135 0.0 73367 -0.0018400643341011627 0.0
1 3 0 0 56 0.0 61515 -9.10347069820369E-4 0.0
2 4 0 29 0 29.0 29 1.0 1.0
3 5 0 0 2811 -2811.0 2811 -1.0 -1.0
8 4 340721326 0 0.0 1000 149825 4
0 0 0 0 62 0.0 36696 -0.0016895574449531283 0.0
1 3 0 0 163 0.0 112732 -0.0014459071071213142 0.0
2 4 0 10 0 10.0 10 1.0 1.0
3 5 0 0 387 -387.0 387 -1.0 -1.0
8 4 -2034601304 0 0.0 1000 150653 4
0 0 0 0 84 0.0 56985 -0.001474072124243222 0.0
1 3 0 0 128 0.0 93204 -0.0013733316166688126 0.0
2 4 0 215 0 215.0 215 1.0 1.0
3 5 0 0 249 -249.0 249 -1.0 -1.0
8 4 641245460 0 0.0 1000 147098 4
0 0 0 0 52 0.0 35000 -0.0014857142857142857 0.0
1 3 0 0 160 0.0 111603 -0.0014336532172074226 0.0
2 4 0 2 0 2.0 2 1.0 1.0
3 5 0 0 493 -493.0 493 -1.0 -1.0
8 4 697260165 0 0.0 1000 141396 4
0 0 0 0 57 0.0 36385 -0.001566579634464752 0.0
1 3 0 0 159 0.0 104518 -0.001521269063701946 0.0
2 4 0 59 0 59.0 59 1.0 1.0
3 5 0 0 434 -434.0 434 -1.0 -1.0
8 4 -543753836 0 0.0 1000 127288 3
0 0 0 0 135 0.0 90245 -0.0014959277522300404 0.0
1 3 0 0 53 0.0 36024 -0.001471241394625805 0.0
2 5 0 0 1019 -1019.0 1019 -1.0 -1.0
8 4 208634178 0 0.0 1000 122554 4
0 0 0 0 45 0.0 28593 -0.0015738117721120553 0.0
1 3 0 0 136 0.0 81660 -0.0016654420769042372 0.0
2 4 0 533 0 533.0 533 1.0 1.0
3 5 0 0 11768 -11768.0 11768 -1.0 -1.0
8 4 -530506424 0 0.0 1000 119334 4
0 0 0 0 49 0.0 34294 -0.001428821368169359 0.0
1 3 0 0 115 0.0 78386 -0.0014670987166075574 0.0
2 4 0 5787 0 5787.0 5787 1.0 1.0
3 5 0 0 867 -867.0 867 -1.0 -1.0
8 4 605891075 0 0.0 1000 125740 3
0 0 0 0 129 0.0 89279 -0.0014449086571310162 0.0
1 3 0 0 64 0.0 35577 -0.0017989150293729094 0.0
2 5 0 0 884 -884.0 884 -1.0 -1.0
