19 0 -138999293 0 0.0 1500 143066 6
0 0 0 0 11 0.0 11 -1.0 0.0
1 18 0 0 0 0.0 58 0.0 0.0
2 2 0 1521 4362 1521.0 140752 -0.020184437876548823 0.010806240763896783
3 4 0 0 17 0.0 17 -1.0 0.0
4 7 0 0 0 0.0 676 0.0 0.0
5 8 0 1552 0 1552.0 1552 1.0 1.0
19 0 1347699649 0 0.0 1500 170783 6
0 0 0 0 10 0.0 10 -1.0 0.0
1 18 0 0 0 0.0 160 0.0 0.0
2 2 0 1796 5063 1796.0 168708 -0.019364819688455794 0.010645612537638998
3 4 0 0 15 0.0 15 -1.0 0.0
4 7 0 0 0 0.0 53 0.0 0.0
5 8 0 1837 0 1837.0 1837 1.0 1.0
19 0 597921427 0 0.0 1500 171056 6
0 0 0 0 10 0.0 10 -1.0 0.0
1 18 0 0 0 0.0 118 0.0 0.0
2 2 0 1648 4920 1648.0 168386 -0.019431544190134573 0.009787036927060445
3 4 0 0 15 0.0 15 -1.0 0.0
4 7 0 0 0 0.0 835 0.0 0.0
5 8 0 1692 0 1692.0 1692 1.0 1.0
19 0 2118157452 0 0.0 1500 173007 6
0 0 0 0 8 0.0 8 -1.0 0.0
1 18 0 0 0 0.0 147 0.0 0.0
2 2 0 1727 5052 1727.0 168804 -0.019697400535532334 0.010230800218004312
3 4 0 0 15 0.0 15 -1.0 0.0
4 7 0 0 0 0.0 2263 0.0 0.0
5 8 0 1770 0 1770.0 1770 1.0 1.0
19 0 -1911112807 0 0.0 1500 148100 6
0 0 0 0 20 0.0 20 -1.0 0.0
1 18 0 0 0 0.0 135 0.0 0.0
2 2 0 1447 4237 1447.0 144909 -0.019253462517856035 0.009985577155318165
3 4 0 0 31 0.0 31 -1.0 0.0
4 7 0 0 0 0.0 1512 0.0 0.0
5 8 0 1493 0 1493.0 1493 1.0 1.0
19 0 -2145777541 0 0.0 1500 159793 5
0 0 0 0 12 0.0 12 -1.0 0.0
1 18 0 0 0 0.0 125 0.0 0.0
2 2 0 1692 4902 1692.0 157913 -0.020327648768625764 0.010714760659350403
3 4 0 0 16 0.0 16 -1.0 0.0
4 8 0 1727 0 1727.0 1727 1.0 1.0
19 0 -1441141130 0 0.0 1500 166501 6
0 0 0 0 10 0.0 10 -1.0 0.0
1 18 0 0 0 0.0 117 0.0 0.0
2 2 0 1581 4475 1581.0 159768 -0.01811376495919083 0.009895598617996094
3 4 0 0 15 0.0 15 -1.0 0.0
4 7 0 0 0 0.0 4961 0.0 0.0
5 8 0 1630 0 1630.0 1630 1.0 1.0
19 0 -975955885 0 0.0 1500 170737 6
0 0 0 0 12 0.0 12 -1.0 0.0
1 18 0 0 0 0.0 113 0.0 0.0
2 2 0 1660 4636 1660.0 164623 -0.01807766836954739 0.010083645663121192
3 4 0 0 20 0.0 20 -1.0 0.0
4 7 0 0 0 0.0 4278 0.0 0.0
5 8 0 1691 0 1691.0 1691 1.0 1.0
19 0 1908022475 0 0.0 1500 227785 3
0 0 0 0 47 0.0 112085 -4.1932461970825715E-4 0.0
1 4 0 0 48 0.0 48 -1.0 0.0
2 5 0 0 56 0.0 115652 -4.8421125445301423E-4 0.0
19 0 1255858997 0 0.0 1500 137453 6
0 0 0 0 15 0.0 15 -1.0 0.0
1 18 0 0 0 0.0 107 0.0 0.0
2 2 0 1477 4086 1477.0 135623 -0.019237150040922264 0.010890483177632113
3 4 0 0 21 0.0 21 -1.0 0.0
4 7 0 0 0 0.0 171 0.0 0.0
5 8 0 1516 0 1516.0 1516 1.0 1.0
19 0 -1626305552 0 0.0 1500 153515 6
0 0 0 0 12 0.0 12 -1.0 0.0
1 18 0 0 0 0.0 111 0.0 0.0
2 2 0 1630 4591 1630.0 151692 -0.019519816470215962 0.010745457901537326
3 4 0 0 20 0.0 20 -1.0 0.0
4 7 0 0 0 0.0 6 0.0 0.0
5 8 0 1674 0 1674.0 1674 1.0 1.0
19 0 -1649950750 0 0.0 1500 153152 6
0 0 0 0 17 0.0 17 -1.0 0.0
1 18 0 0 0 0.0 101 0.0 0.0
2 2 0 1557 4489 1557.0 149463 -0.01961689515130835 0.010417293912205696
3 4 0 0 25 0.0 25 -1.0 0.0
4 7 0 0 0 0.0 1955 0.0 0.0
5 8 0 1591 0 1591.0 1591 1.0 1.0
19 0 2119797979 0 0.0 1500 198887 2
0 0 0 0 61 0.0 198830 -3.067947492833074E-4 0.0
1 4 0 0 57 0.0 57 -1.0 0.0
19 0 827021780 0 0.0 1500 158609 6
0 0 0 0 25 0.0 25 -1.0 0.0
1 18 0 0 0 0.0 137 0.0 0.0
2 2 0 1427 4830 1427.0 154997 -0.0219552636502642 0.009206629805738175
3 4 0 0 34 0.0 34 -1.0 0.0
4 7 0 0 0 0.0 1952 0.0 0.0
5 8 0 1464 0 1464.0 1464 1.0 1.0
19 0 -213542472 0 0.0 1500 149099 5
0 0 0 0 26 0.0 26 -1.0 0.0
1 18 0 0 0 0.0 133 0.0 0.0
2 2 0 1577 4465 1577.0 147291 -0.01960744376777943 0.010706696267932189
3 4 0 0 35 0.0 35 -1.0 0.0
4 8 0 1614 0 1614.0 1614 1.0 1.0
19 0 1218894453 0 0.0 1500 157470 6
0 0 0 0 14 0.0 14 -1.0 0.0
1 18 0 0 0 0.0 164 0.0 0.0
2 2 0 1613 4601 1613.0 154765 -0.019306690789261137 0.010422253093399671
3 4 0 0 21 0.0 21 -1.0 0.0
4 7 0 0 0 0.0 845 0.0 0.0
5 8 0 1661 0 1661.0 1661 1.0 1.0
19 0 1232989225 0 0.0 1500 157962 5
0 0 0 0 21 0.0 21 -1.0 0.0
1 18 0 0 0 0.0 99 0.0 0.0
2 2 0 1618 4727 1618.0 156149 -0.01991047012789067 0.010361897930822483
3 4 0 0 36 0.0 36 -1.0 0.0
4 8 0 1657 0 1657.0 1657 1.0 1.0
19 0 213367380 0 0.0 1500 176232 6
0 0 0 0 16 0.0 16 -1.0 0.0
1 18 0 0 0 0.0 163 0.0 0.0
2 2 0 1549 4912 1549.0 169414 -0.01985077974665612 0.009143282137249577
3 4 0 0 23 0.0 23 -1.0 0.0
4 7 0 0 0 0.0 5023 0.0 0.0
5 8 0 1593 0 1593.0 1593 1.0 1.0
19 0 636046342 0 0.0 1500 165224 5
0 0 0 0 30 0.0 30 -1.0 0.0
1 18 0 0 0 0.0 148 0.0 0.0
2 2 0 1726 4890 1726.0 163218 -0.019385116837603696 0.010574814052371675
3 4 0 0 42 0.0 42 -1.0 0.0
4 8 0 1786 0 1786.0 1786 1.0 1.0
19 0 -1254135976 0 0.0 1500 215363 3
0 0 0 0 37 0.0 105732 -3.4994136117731623E-4 0.0
1 4 0 0 34 0.0 34 -1.0 0.0
2 5 0 0 19 0.0 109597 -1.7336240955500608E-4 0.0
19 1 -1912968537 0 0.0 1500 109129 5
0 0 0 0 198 0.0 54405 -0.003639371381306865 0.0
1 18 0 0 0 0.0 56 0.0 0.0
2 2 0 0 34 0.0 104 -0.3269230769230769 0.0
3 4 0 0 149 0.0 149 -1.0 0.0
4 5 0 0 51 0.0 54415 -9.372415694201967E-4 0.0
19 1 -243706805 0 0.0 1500 97374 5
0 0 0 0 162 0.0 48666 -0.0033288127234619653 0.0
1 18 0 0 0 0.0 25 0.0 0.0
2 2 0 0 14 0.0 33 -0.42424242424242425 0.0
3 4 0 0 119 0.0 119 -1.0 0.0
4 5 0 0 54 0.0 48531 -0.0011126908573901217 0.0
19 1 -2046854508 0 0.0 1500 123311 7
0 0 0 0 204 0.0 61152 -0.0033359497645211933 0.0
1 18 0 0 0 0.0 133 0.0 0.0
2 2 0 2 74 2.0 273 -0.26373626373626374 0.007326007326007326
3 4 0 0 149 0.0 149 -1.0 0.0
4 5 0 0 56 0.0 61600 -9.090909090909091E-4 0.0
5 7 0 0 0 0.0 2 0.0 0.0
6 8 0 2 0 2.0 2 1.0 1.0
19 1 -1344039943 0 0.0 1500 117286 6
0 0 0 0 66 0.0 66285 -9.957003847024214E-4 0.0
1 18 0 0 0 0.0 329 0.0 0.0
2 2 0 2 143 2.0 445 -0.31685393258426964 0.0044943820224719105
3 4 0 0 56 0.0 56 -1.0 0.0
4 5 0 0 62 0.0 50169 -0.0012358229185353506 0.0
5 8 0 2 0 2.0 2 1.0 1.0
19 1 -1775215582 0 0.0 2 220 4
0 0 0 0 21 0.0 21 -1.0 0.0
1 18 0 0 0 0.0 4 0.0 0.0
2 2 0 0 2 0.0 4 -0.5 0.0
3 4 0 0 191 0.0 191 -1.0 0.0
19 1 -401706391 0 0.0 1500 146432 6
0 0 0 0 222 0.0 72648 -0.0030558308556326397 0.0
1 18 0 0 0 0.0 156 0.0 0.0
2 2 0 1 81 1.0 310 -0.25806451612903225 0.0032258064516129032
3 4 0 0 173 0.0 173 -1.0 0.0
4 5 0 0 65 0.0 73144 -8.886579897189106E-4 0.0
5 8 0 1 0 1.0 1 1.0 1.0
19 1 -614308908 0 0.0 1500 150550 5
0 0 0 0 214 0.0 74984 -0.002853942174330524 0.0
1 18 0 0 0 0.0 11 0.0 0.0
2 2 0 0 6 0.0 13 -0.46153846153846156 0.0
3 4 0 0 156 0.0 156 -1.0 0.0
4 5 0 0 62 0.0 75386 -8.22433873663545E-4 0.0
19 1 -882863391 0 0.0 1500 147987 7
0 0 0 0 170 0.0 77128 -0.0022041282024686235 0.0
1 18 0 0 0 0.0 313 0.0 0.0
2 2 0 1 135 1.0 424 -0.3160377358490566 0.0023584905660377358
3 4 0 0 101 0.0 101 -1.0 0.0
4 5 0 0 73 0.0 70019 -0.0010425741584427085 0.0
5 7 0 0 0 0.0 1 0.0 0.0
6 8 0 1 0 1.0 1 1.0 1.0
19 1 1281676387 0 0.0 1500 144494 5
0 0 0 0 219 0.0 72064 -0.0030389653641207815 0.0
1 18 0 0 0 0.0 29 0.0 0.0
2 2 0 0 12 0.0 42 -0.2857142857142857 0.0
3 4 0 0 163 0.0 163 -1.0 0.0
4 5 0 0 62 0.0 72196 -8.587733392431714E-4 0.0
19 1 -106007561 0 0.0 1500 111203 6
0 0 0 0 167 0.0 29788 -0.005606284409829462 0.0
1 18 0 0 0 0.0 43 0.0 0.0
2 2 0 0 21 0.0 66 -0.3181818181818182 0.0
3 4 0 0 27 0.0 27 -1.0 0.0
4 5 0 0 0 0.0 81277 0.0 0.0
5 7 0 0 0 0.0 2 0.0 0.0
19 1 1814196135 0 0.0 1500 140280 6
0 0 0 0 187 0.0 70341 -0.002658477985811973 0.0
1 18 0 0 0 0.0 50 0.0 0.0
2 2 0 0 27 0.0 105 -0.2571428571428571 0.0
3 4 0 0 138 0.0 138 -1.0 0.0
4 5 0 0 71 0.0 69644 -0.001019470449715697 0.0
5 7 0 0 0 0.0 2 0.0 0.0
19 1 -1427247816 0 0.0 0 191 2
0 0 0 0 3 0.0 3 -1.0 0.0
1 4 0 0 188 0.0 188 -1.0 0.0
19 1 138970423 0 0.0 0 182 2
0 0 0 0 2 0.0 2 -1.0 0.0
1 4 0 0 180 0.0 180 -1.0 0.0
19 1 -252305902 0 0.0 0 247 2
0 0 0 0 3 0.0 3 -1.0 0.0
1 4 0 0 244 0.0 244 -1.0 0.0
19 1 -416269730 0 0.0 1 498 4
0 0 0 0 244 0.0 246 -0.991869918699187 0.0
1 18 0 0 0 0.0 1 0.0 0.0
2 2 0 0 1 0.0 1 -1.0 0.0
3 4 0 0 250 0.0 250 -1.0 0.0
19 1 2136593892 0 0.0 0 231 2
0 0 0 0 3 0.0 3 -1.0 0.0
1 4 0 0 228 0.0 228 -1.0 0.0
19 1 1674365661 0 0.0 1500 127607 5
0 0 0 0 271 0.0 63921 -0.004239608266453904 0.0
1 18 0 0 0 0.0 31 0.0 0.0
2 2 0 0 15 0.0 36 -0.4166666666666667 0.0
3 4 0 0 238 0.0 238 -1.0 0.0
4 5 0 0 67 0.0 63381 -0.001057099130654297 0.0
19 1 -1847488434 0 0.0 2 501 2
0 0 0 0 246 0.0 250 -0.984 0.0
1 4 0 0 251 0.0 251 -1.0 0.0
19 1 2081543338 0 0.0 1500 117047 7
0 0 0 0 190 0.0 33557 -0.005662007926811098 0.0
1 18 0 0 0 0.0 177 0.0 0.0
2 2 0 2 97 2.0 300 -0.31666666666666665 0.006666666666666667
3 4 0 0 142 0.0 142 -1.0 0.0
4 5 0 0 0 0.0 82867 0.0 0.0
5 7 0 0 0 0.0 2 0.0 0.0
6 8 0 2 0 2.0 2 1.0 1.0
19 1 1326282365 1 1.0 93 31913 6
0 0 0 0 25 0.0 26 -0.9615384615384616 0.0
1 18 0 0 0 0.0 304 0.0 0.0
2 2 0 396 946 396.0 26446 -0.020797095969144672 0.014973909097784163
3 4 0 0 34 0.0 34 -1.0 0.0
4 7 0 0 0 0.0 4647 0.0 0.0
5 8 0 456 0 456.0 456 1.0 1.0
19 2 -1894071083 0 0.0 1500 2952 2
0 0 0 0 2 0.0 2950 -6.779661016949153E-4 0.0
1 4 0 0 2 0.0 2 -1.0 0.0
19 2 426537185 0 0.0 1500 7400 4
0 0 0 0 1 0.0 1 -1.0 0.0
1 18 0 0 0 0.0 2 0.0 0.0
2 2 0 0 743 0.0 7395 -0.10047329276538201 0.0
3 4 0 0 2 0.0 2 -1.0 0.0
19 2 100791469 0 0.0 1500 2834 3
0 0 0 0 1 0.0 1 -1.0 0.0
1 4 0 0 2 0.0 2 -1.0 0.0
2 5 0 0 1 0.0 2831 -3.5323207347227127E-4 0.0
19 2 948628345 0 0.0 1500 7402 4
0 0 0 0 7 0.0 7 -1.0 0.0
1 18 0 0 0 0.0 2 0.0 0.0
2 2 0 0 2217 0.0 7385 -0.3002031144211239 0.0
3 4 0 0 8 0.0 8 -1.0 0.0
19 2 -650117838 0 0.0 1500 2994 2
0 0 0 0 3 0.0 2991 -0.0010030090270812437 0.0
1 4 0 0 3 0.0 3 -1.0 0.0
19 2 -426975060 0 0.0 1500 2947 2
0 0 0 0 4 0.0 2944 -0.001358695652173913 0.0
1 4 0 0 3 0.0 3 -1.0 0.0
19 2 166735800 0 0.0 1500 2970 3
0 0 0 0 1 0.0 1 -1.0 0.0
1 4 0 0 2 0.0 2 -1.0 0.0
2 5 0 0 1 0.0 2967 -3.370407819346141E-4 0.0
19 2 -1842109901 0 0.0 1500 2967 2
0 0 0 0 10 0.0 2954 -0.003385240352064997 0.0
1 4 0 0 13 0.0 13 -1.0 0.0
19 2 -39927210 0 0.0 1500 7410 4
0 0 0 0 1 0.0 1 -1.0 0.0
1 18 0 0 0 0.0 2 0.0 0.0
2 2 0 0 745 0.0 7405 -0.10060769750168805 0.0
3 4 0 0 2 0.0 2 -1.0 0.0
19 2 883415559 0 0.0 1500 2913 3
0 0 0 0 16 0.0 16 -1.0 0.0
1 4 0 0 20 0.0 20 -1.0 0.0
2 5 0 0 1 0.0 2877 -3.475842891901286E-4 0.0
19 2 833873882 0 0.0 1500 2833 3
0 0 0 0 2 0.0 2 -1.0 0.0
1 4 0 0 4 0.0 4 -1.0 0.0
2 5 0 0 1 0.0 2827 -3.5373187124159886E-4 0.0
19 2 1957365349 0 0.0 1500 2930 2
0 0 0 0 26 0.0 2898 -0.008971704623878536 0.0
1 4 0 0 32 0.0 32 -1.0 0.0
19 2 -1081996645 0 0.0 1500 2983 2
0 0 0 0 11 0.0 2971 -0.003702457085156513 0.0
1 4 0 0 12 0.0 12 -1.0 0.0
19 2 -2041241209 0 0.0 1500 2999 2
0 0 0 0 8 0.0 2992 -0.00267379679144385 0.0
1 4 0 0 7 0.0 7 -1.0 0.0
19 2 478289129 0 0.0 1500 7331 4
0 0 0 0 6 0.0 6 -1.0 0.0
1 18 0 0 0 0.0 2 0.0 0.0
2 2 0 0 2196 0.0 7315 -0.3002050580997949 0.0
3 4 0 0 8 0.0 8 -1.0 0.0
19 2 1614558188 0 0.0 1500 7299 4
0 0 0 0 3 0.0 3 -1.0 0.0
1 18 0 0 0 0.0 2 0.0 0.0
2 2 0 0 2190 0.0 7290 -0.3004115226337449 0.0
3 4 0 0 4 0.0 4 -1.0 0.0
19 2 139375033 0 0.0 1500 7480 4
0 0 0 0 1 0.0 1 -1.0 0.0
1 18 0 0 0 0.0 2 0.0 0.0
2 2 0 0 752 0.0 7475 -0.10060200668896321 0.0
3 4 0 0 2 0.0 2 -1.0 0.0
19 2 -1204078645 0 0.0 1500 2949 2
0 0 0 0 11 0.0 2939 -0.00374276964954066 0.0
1 4 0 0 10 0.0 10 -1.0 0.0
19 2 1266885732 0 0.0 1500 7323 4
0 0 0 0 7 0.0 7 -1.0 0.0
1 18 0 0 0 0.0 2 0.0 0.0
2 2 0 0 737 0.0 7305 -0.10088980150581793 0.0
3 4 0 0 9 0.0 9 -1.0 0.0
19 2 900654608 0 0.0 1500 2989 2
0 0 0 0 4 0.0 2984 -0.0013404825737265416 0.0
1 4 0 0 5 0.0 5 -1.0 0.0
19 3 -1396239093 0 0.0 0 45 2
0 0 0 0 9 0.0 9 -1.0 0.0
1 4 0 0 36 0.0 36 -1.0 0.0
19 3 2010062904 0 0.0 30 4118 5
0 0 0 0 158 0.0 175 -0.9028571428571428 0.0
1 18 0 0 0 0.0 110 0.0 0.0
2 2 0 0 508 0.0 3494 -0.1453921007441328 0.0
3 4 0 0 205 0.0 205 -1.0 0.0
4 7 0 0 0 0.0 134 0.0 0.0
19 3 -1061222992 0 0.0 8 670 3
0 0 0 0 281 0.0 298 -0.9429530201342282 0.0
1 18 0 0 0 0.0 2 0.0 0.0
2 4 0 0 370 0.0 370 -1.0 0.0
19 3 -1640891306 1 1.0 167 6199 7
0 0 0 0 94 0.0 429 -0.2191142191142191 0.0
1 18 0 0 0 0.0 210 0.0 0.0
2 2 0 402 395 402.0 3412 0.0020515826494724504 0.11781946072684643
3 4 0 0 126 0.0 126 -1.0 0.0
4 5 0 0 0 0.0 1571 0.0 0.0
5 7 0 0 0 0.0 2 0.0 0.0
6 8 0 448 0 448.0 449 0.9977728285077951 0.9977728285077951
19 3 -656615242 0 0.0 0 94 2
0 0 0 0 18 0.0 19 -0.9473684210526315 0.0
1 4 0 0 75 0.0 75 -1.0 0.0
19 3 -1600270408 0 0.0 36 1092 6
0 0 0 0 312 0.0 358 -0.8715083798882681 0.0
1 18 0 0 0 0.0 82 0.0 0.0
2 2 0 0 49 0.0 144 -0.3402777777777778 0.0
3 4 0 0 505 0.0 505 -1.0 0.0
4 5 0 0 0 0.0 1 0.0 0.0
5 7 0 0 0 0.0 2 0.0 0.0
19 3 1915326608 0 0.0 13 669 4
0 0 0 0 227 0.0 281 -0.8078291814946619 0.0
1 18 0 0 0 0.0 46 0.0 0.0
2 2 0 0 20 0.0 80 -0.25 0.0
3 4 0 0 262 0.0 262 -1.0 0.0
19 3 912730256 0 0.0 4 411 2
0 0 0 0 182 0.0 202 -0.900990099009901 0.0
1 4 0 0 209 0.0 209 -1.0 0.0
19 3 -1578209809 0 0.0 13 1414 5
0 0 0 0 259 0.0 283 -0.9151943462897526 0.0
1 18 0 0 0 0.0 55 0.0 0.0
2 2 0 0 151 0.0 719 -0.21001390820584145 0.0
3 4 0 0 345 0.0 345 -1.0 0.0
4 7 0 0 0 0.0 12 0.0 0.0
19 3 1955239796 0 0.0 54 2304 6
0 0 0 0 596 0.0 882 -0.6757369614512472 0.0
1 18 0 0 0 0.0 204 0.0 0.0
2 2 0 3 114 3.0 509 -0.2180746561886051 0.005893909626719057
3 4 0 0 697 0.0 697 -1.0 0.0
4 5 0 0 0 0.0 7 0.0 0.0
5 8 0 5 0 5.0 5 1.0 1.0
19 3 -593674909 0 0.0 1 156 2
0 0 0 0 67 0.0 71 -0.9436619718309859 0.0
1 4 0 0 85 0.0 85 -1.0 0.0
19 3 -1934418051 0 0.0 0 86 4
0 0 0 0 25 0.0 29 -0.8620689655172413 0.0
1 18 0 0 0 0.0 2 0.0 0.0
2 2 0 0 1 0.0 3 -0.3333333333333333 0.0
3 4 0 0 52 0.0 52 -1.0 0.0
19 3 -1092919003 0 0.0 7 600 4
0 0 0 0 251 0.0 258 -0.9728682170542635 0.0
1 18 0 0 0 0.0 7 0.0 0.0
2 2 0 0 4 0.0 9 -0.4444444444444444 0.0
3 4 0 0 326 0.0 326 -1.0 0.0
19 3 1244587440 0 0.0 2 315 4
0 0 0 0 145 0.0 150 -0.9666666666666667 0.0
1 18 0 0 0 0.0 3 0.0 0.0
2 2 0 0 1 0.0 2 -0.5 0.0
3 4 0 0 160 0.0 160 -1.0 0.0
19 3 -1187023111 1 1.0 149 12711 6
0 0 0 0 308 0.0 3089 -0.09970864357397216 0.0
1 18 0 0 0 0.0 504 0.0 0.0
2 2 0 386 873 386.0 8017 -0.06074591493077211 0.04814768616689535
3 4 0 0 368 0.0 368 -1.0 0.0
4 5 0 0 0 0.0 311 0.0 0.0
5 8 0 422 0 422.0 422 1.0 1.0
19 3 -705195681 0 0.0 0 121 4
0 0 0 0 30 0.0 30 -1.0 0.0
1 18 0 0 0 0.0 2 0.0 0.0
2 2 0 0 0 0.0 2 0.0 0.0
3 4 0 0 87 0.0 87 -1.0 0.0
19 3 1633482477 0 0.0 34 2673 5
0 0 0 0 167 0.0 178 -0.9382022471910112 0.0
1 18 0 0 0 0.0 288 0.0 0.0
2 2 0 0 504 0.0 1883 -0.26765799256505574 0.0
3 4 0 0 218 0.0 218 -1.0 0.0
4 7 0 0 0 0.0 106 0.0 0.0
19 3 -1377919638 0 0.0 739 24949 6
0 0 0 0 231 0.0 16296 -0.014175257731958763 0.0
1 18 0 0 0 0.0 343 0.0 0.0
2 2 0 73 355 73.0 776 -0.3634020618556701 0.09407216494845361
3 4 0 0 363 0.0 363 -1.0 0.0
4 5 0 0 0 0.0 6598 0.0 0.0
5 8 0 73 0 73.0 573 0.1273996509598604 0.1273996509598604
19 3 1121483006 0 0.0 2 337 2
0 0 0 0 122 0.0 127 -0.9606299212598425 0.0
1 4 0 0 210 0.0 210 -1.0 0.0
19 3 1434186202 0 0.0 75 11098 5
0 0 0 0 450 0.0 541 -0.8317929759704251 0.0
1 18 0 0 0 0.0 417 0.0 0.0
2 2 0 418 1073 418.0 9092 -0.07204135503739552 0.045974483062032556
3 4 0 0 519 0.0 519 -1.0 0.0
4 8 0 529 0 529.0 529 1.0 1.0
19 4 310081772 1 1.0 1500 192124 6
0 0 0 0 633 0.0 669 -0.9461883408071748 0.0
1 18 0 0 0 0.0 67 0.0 0.0
2 2 0 6031 16536 6031.0 182526 -0.057553444440791995 0.033041868007845455
3 4 0 0 1276 0.0 1276 -1.0 0.0
4 7 0 0 0 0.0 281 0.0 0.0
5 8 0 7305 0 7305.0 7305 1.0 1.0
19 4 -1395603195 1 1.0 1500 209476 6
0 0 0 0 814 0.0 844 -0.9644549763033176 0.0
1 18 0 0 0 0.0 104 0.0 0.0
2 2 0 6634 18506 6634.0 198772 -0.05972672207353148 0.03337492202121023
3 4 0 0 1608 0.0 1608 -1.0 0.0
4 7 0 0 0 0.0 162 0.0 0.0
5 8 0 7986 0 7986.0 7986 1.0 1.0
19 4 -1799555169 0 0.0 1500 211610 6
0 0 0 0 750 0.0 780 -0.9615384615384616 0.0
1 18 0 0 0 0.0 86 0.0 0.0
2 2 0 6566 18785 6566.0 200911 -0.06081797412784765 0.0326811374190562
3 4 0 0 1516 0.0 1516 -1.0 0.0
4 7 0 0 0 0.0 408 0.0 0.0
5 8 0 7909 0 7909.0 7909 1.0 1.0
19 4 1020067800 0 0.0 1500 214753 6
0 0 0 0 884 0.0 939 -0.9414270500532481 0.0
1 18 0 0 0 0.0 106 0.0 0.0
2 2 0 7169 18350 7169.0 203400 -0.054970501474926256 0.03524582104228122
3 4 0 0 1665 0.0 1665 -1.0 0.0
4 7 0 0 0 0.0 51 0.0 0.0
5 8 0 8592 0 8592.0 8592 1.0 1.0
19 4 -2095839683 1 1.0 1500 213237 6
0 0 0 0 895 0.0 952 -0.9401260504201681 0.0
1 18 0 0 0 0.0 118 0.0 0.0
2 2 0 6187 18926 6187.0 202020 -0.06305811305811306 0.030625680625680624
3 4 0 0 1780 0.0 1780 -1.0 0.0
4 7 0 0 0 0.0 868 0.0 0.0
5 8 0 7499 0 7499.0 7499 1.0 1.0
19 4 -1129023514 0 0.0 1500 92973 5
0 0 0 0 1164 0.0 55059 -0.021140957881545252 0.0
1 18 0 0 0 0.0 25 0.0 0.0
2 2 0 0 5 0.0 27 -0.18518518518518517 0.0
3 4 0 0 1922 0.0 1922 -1.0 0.0
4 5 0 0 54 0.0 35940 -0.0015025041736227045 0.0
19 4 -578773463 0 0.0 1500 209861 6
0 0 0 0 720 0.0 1175 -0.6127659574468085 0.0
1 18 0 0 0 0.0 90 0.0 0.0
2 2 0 6471 18852 6471.0 199547 -0.06204553313254522 0.03242845044024716
3 4 0 0 1271 0.0 1271 -1.0 0.0
4 5 0 0 0 0.0 2 0.0 0.0
5 8 0 7776 0 7776.0 7776 1.0 1.0
19 4 -778212026 0 0.0 1500 87942 5
0 0 0 0 1095 0.0 41717 -0.02624829206318767 0.0
1 18 0 0 0 0.0 27 0.0 0.0
2 2 0 0 3 0.0 20 -0.15 0.0
3 4 0 0 1878 0.0 1878 -1.0 0.0
4 5 0 0 45 0.0 44300 -0.0010158013544018058 0.0
19 4 233151158 1 1.0 1500 215125 6
0 0 0 0 855 0.0 912 -0.9375 0.0
1 18 0 0 0 0.0 167 0.0 0.0
2 2 0 6830 19217 6830.0 204196 -0.06066230484436522 0.03344825559756313
3 4 0 0 1629 0.0 1629 -1.0 0.0
4 7 0 0 0 0.0 7 0.0 0.0
5 8 0 8214 0 8214.0 8214 1.0 1.0
19 4 1013308505 0 0.0 1500 98299 5
0 0 0 0 1257 0.0 48154 -0.026103750467250903 0.0
1 18 0 0 0 0.0 33 0.0 0.0
2 2 0 0 6 0.0 38 -0.15789473684210525 0.0
3 4 0 0 2059 0.0 2059 -1.0 0.0
4 5 0 0 50 0.0 48015 -0.0010413412475268145 0.0
19 4 -1289943924 1 1.0 1499 214483 6
0 0 0 0 869 0.0 892 -0.9742152466367713 0.0
1 18 0 0 0 0.0 79 0.0 0.0
2 2 0 6437 19306 6437.0 203565 -0.06321813671308918 0.03162134944612286
3 4 0 0 1677 0.0 1677 -1.0 0.0
4 7 0 0 0 0.0 464 0.0 0.0
5 8 0 7806 0 7806.0 7806 1.0 1.0
19 4 970147040 1 1.0 1500 215719 5
0 0 0 0 1060 0.0 1269 -0.8353033884948778 0.0
1 18 0 0 0 0.0 122 0.0 0.0
2 2 0 6526 19209 6526.0 204459 -0.06203199663502218 0.03191837972405225
3 4 0 0 1926 0.0 1926 -1.0 0.0
4 8 0 7943 0 7943.0 7943 1.0 1.0
19 4 362067124 1 1.0 1500 215243 6
0 0 0 0 814 0.0 885 -0.919774011299435 0.0
1 18 0 0 0 0.0 114 0.0 0.0
2 2 0 7329 17826 7329.0 203584 -0.05156102640679032 0.03599988211254323
3 4 0 0 1645 0.0 1645 -1.0 0.0
4 7 0 0 0 0.0 122 0.0 0.0
5 8 0 8893 0 8893.0 8893 1.0 1.0
19 4 809430923 0 0.0 1500 95294 5
0 0 0 0 1174 0.0 50214 -0.023379933882980843 0.0
1 18 0 0 0 0.0 35 0.0 0.0
2 2 0 0 10 0.0 20 -0.5 0.0
3 4 0 0 1934 0.0 1934 -1.0 0.0
4 5 0 0 47 0.0 43091 -0.0010907149984915644 0.0
19 4 1131298527 1 1.0 1500 213600 6
0 0 0 0 854 0.0 922 -0.9262472885032538 0.0
1 18 0 0 0 0.0 122 0.0 0.0
2 2 0 6135 18989 6135.0 202700 -0.0634139121854958 0.03026640355204736
3 4 0 0 1669 0.0 1669 -1.0 0.0
4 7 0 0 0 0.0 721 0.0 0.0
5 8 0 7466 0 7466.0 7466 1.0 1.0
19 4 -1811812579 1 1.0 1500 218242 7
0 0 0 0 835 0.0 876 -0.9531963470319634 0.0
1 18 0 0 0 0.0 88 0.0 0.0
2 2 0 6652 18651 6652.0 206204 -0.05818994781866501 0.032259316017148064
3 4 0 0 1629 0.0 1629 -1.0 0.0
4 5 0 0 0 0.0 1 0.0 0.0
5 7 0 0 0 0.0 1398 0.0 0.0
6 8 0 8046 0 8046.0 8046 1.0 1.0
19 4 1502522354 1 1.0 1500 211115 6
0 0 0 0 774 0.0 803 -0.9638854296388543 0.0
1 18 0 0 0 0.0 112 0.0 0.0
2 2 0 6223 18847 6223.0 200565 -0.06294218831800165 0.031027347742627078
3 4 0 0 1538 0.0 1538 -1.0 0.0
4 7 0 0 0 0.0 475 0.0 0.0
5 8 0 7622 0 7622.0 7622 1.0 1.0
19 4 521248027 0 0.0 1500 211378 6
0 0 0 0 804 0.0 839 -0.9582836710369488 0.0
1 18 0 0 0 0.0 86 0.0 0.0
2 2 0 6006 17512 6006.0 199804 -0.057586434706011894 0.030059458269103723
3 4 0 0 1576 0.0 1576 -1.0 0.0
4 7 0 0 0 0.0 1763 0.0 0.0
5 8 0 7310 0 7310.0 7310 1.0 1.0
19 4 1403449356 0 0.0 1500 217222 6
0 0 0 0 919 0.0 1090 -0.8431192660550458 0.0
1 18 0 0 0 0.0 134 0.0 0.0
2 2 0 6127 19532 6127.0 206847 -0.06480635445522535 0.029620927545480475
3 4 0 0 1689 0.0 1689 -1.0 0.0
4 5 0 0 0 0.0 1 0.0 0.0
5 8 0 7461 0 7461.0 7461 1.0 1.0
19 4 841236695 1 1.0 1496 218820 6
0 0 0 0 840 0.0 880 -0.9545454545454546 0.0
1 18 0 0 0 0.0 77 0.0 0.0
2 2 0 6358 19962 6358.0 208072 -0.06538121419508632 0.030556730362566804
3 4 0 0 1695 0.0 1695 -1.0 0.0
4 7 0 0 0 0.0 348 0.0 0.0
5 8 0 7748 0 7748.0 7748 1.0 1.0
