13 0 -265415149 0 -3.0 110 13898 1
0 0 0 0 10 -30.0 13898 -7.19527989638797E-4 -0.0021585839689163906
13 0 431472870 0 -3.0 110 13270 1
0 0 0 0 9 -27.0 13270 -6.782215523737754E-4 -0.0020346646571213264
13 0 -1728582979 0 -3.0 110 14326 1
0 0 0 0 9 -27.0 14326 -6.282283959234957E-4 -0.0018846851877704872
13 0 -2111056152 0 -3.0 110 15510 1
0 0 0 0 7 -21.0 15510 -4.513217279174726E-4 -0.0013539651837524177
13 0 -1065299030 0 -3.0 110 14528 1
0 0 0 0 5 -15.0 14528 -3.441629955947137E-4 -0.001032488986784141
13 0 -729133247 0 -3.0 110 14460 1
0 0 0 0 8 -24.0 14460 -5.532503457814661E-4 -0.0016597510373443983
13 0 -892104060 0 -3.0 110 13964 1
0 0 0 0 5 -15.0 13964 -3.580635920939559E-4 -0.0010741907762818676
13 0 -948435819 0 -3.0 110 14240 1
0 0 0 0 5 -15.0 14240 -3.5112359550561797E-4 -0.001053370786516854
13 0 1110863810 0 -3.0 110 14872 1
0 0 0 0 7 -21.0 14872 -4.706831629908553E-4 -0.0014120494889725659
13 0 798048153 0 -3.0 110 14883 1
0 0 0 0 7 -21.0 14883 -4.7033528186521536E-4 -0.0014110058455956461
13 0 1227310860 0 -3.0 110 15339 1
0 0 0 0 8 -24.0 15339 -5.215463850316188E-4 -0.0015646391550948563
13 0 257872946 0 -3.0 110 14671 1
0 0 0 0 11 -33.0 14671 -7.497784745416127E-4 -0.002249335423624838
13 0 -1420981581 0 -3.0 110 14936 1
0 0 0 0 8 -24.0 14936 -5.356186395286556E-4 -0.0016068559185859668
13 0 1288920264 0 -3.0 110 14591 1
0 0 0 0 10 -30.0 14591 -6.853539853334248E-4 -0.0020560619560002743
13 0 -591819463 0 -3.0 110 14700 1
0 0 0 0 8 -24.0 14700 -5.442176870748299E-4 -0.0016326530612244899
13 0 943481529 0 -3.0 110 15345 1
0 0 0 0 3 -9.0 15345 -1.9550342130987292E-4 -5.865102639296188E-4
13 0 -914614192 0 -3.0 110 14582 1
0 0 0 0 8 -24.0 14582 -5.48621588259498E-4 -0.001645864764778494
13 0 -187122308 0 -3.0 110 13909 1
0 0 0 0 6 -18.0 13909 -4.313753684664606E-4 -0.0012941261053993818
13 0 -637317835 0 -3.0 110 15103 1
0 0 0 0 7 -21.0 15103 -4.634840760113885E-4 -0.0013904522280341655
13 0 1081960045 0 -3.0 110 15128 1
0 0 0 0 10 -30.0 15128 -6.610259122157589E-4 -0.001983077736647277
13 1 -951834072 0 -3.0 110 3608 1
0 0 0 0 66 -198.0 3608 -0.018292682926829267 -0.054878048780487805
13 1 -1641155022 0 -3.0 110 4162 2
0 0 0 0 74 -222.0 4160 -0.017788461538461538 -0.05336538461538461
1 7 1 0 0 4.0 2 0.0 2.0
13 1 -2027046723 0 -1.0 209 168 2
0 0 0 0 1 -1.0 6 -0.16666666666666666 -0.16666666666666666
1 7 1 1 0 324.0 162 0.006172839506172839 2.0
13 1 1601547028 0 -3.0 110 3679 2
0 0 0 0 43 -129.0 3676 -0.011697497279651796 -0.03509249183895539
1 7 1 0 0 6.0 3 0.0 2.0
13 1 1391028569 0 -1.0 209 7917 2
0 0 0 0 72 -156.0 7768 -0.009268795056642637 -0.02008238928939238
1 7 1 54 0 298.0 149 0.3624161073825503 2.0
13 1 990842939 0 -1.0 209 7366 2
0 0 0 0 67 -157.0 7236 -0.009259259259259259 -0.02169707020453289
1 7 1 0 0 260.0 130 0.0 2.0
13 1 -1996276089 0 -3.0 110 3712 2
0 0 0 0 75 -225.0 3711 -0.02021018593371059 -0.060630557801131774
1 7 1 0 0 2.0 1 0.0 2.0
13 1 -2016925949 1 2.0 202 2388 2
0 0 0 0 1 -1.0 2186 -4.574565416285453E-4 -4.574565416285453E-4
1 7 1 158 0 404.0 202 0.7821782178217822 2.0
13 1 -417899221 1 2.0 202 6567 2
0 0 0 0 3 -81.0 6328 -4.740834386852086E-4 -0.012800252844500632
1 7 1 175 0 478.0 239 0.7322175732217573 2.0
13 1 -2100136301 0 -1.0 209 7640 2
0 0 0 3 69 -141.0 7440 -0.008870967741935484 -0.018951612903225806
1 7 1 47 0 400.0 200 0.235 2.0
13 1 -1830370308 0 -3.0 110 4066 2
0 0 0 0 72 -216.0 4063 -0.01772089588973665 -0.053162687669209945
1 7 1 0 0 6.0 3 0.0 2.0
13 1 -895533438 1 5.0 110 1360 2
0 0 0 73 0 -73.0 1207 0.06048053024026512 -0.06048053024026512
1 7 1 0 0 306.0 153 0.0 2.0
13 1 3574293 1 2.0 209 7011 2
0 0 0 65 0 -109.0 6701 0.009700044769437397 -0.016266228921056558
1 7 1 0 0 620.0 310 0.0 2.0
13 1 -310441241 0 -1.0 209 3525 2
0 0 0 0 79 -79.0 3501 -0.022564981433876037 -0.022564981433876037
1 7 1 0 0 48.0 24 0.0 2.0
13 1 1798319823 1 5.0 110 2993 2
0 0 0 76 0 -76.0 2754 0.027596223674655047 -0.027596223674655047
1 7 1 0 0 478.0 239 0.0 2.0
13 1 1561357867 0 -1.0 209 1205 2
0 0 0 0 73 -73.0 1064 -0.06860902255639098 -0.06860902255639098
1 7 1 0 0 282.0 141 0.0 2.0
13 1 -213175402 0 -1.0 209 7995 2
0 0 0 0 72 -158.0 7763 -0.009274764910472756 -0.020352956331315213
1 7 1 57 0 464.0 232 0.24568965517241378 2.0
13 1 -1252449612 0 -1.0 209 7855 2
0 0 0 0 73 -127.0 7649 -0.009543731206693686 -0.016603477578768466
1 7 1 66 0 412.0 206 0.32038834951456313 2.0
13 1 -1506363093 0 -1.0 209 4701 2
0 0 0 0 73 -169.0 4661 -0.015661875134091396 -0.036258313666595154
1 7 1 0 0 80.0 40 0.0 2.0
13 1 -1174985498 1 2.0 110 2675 2
0 0 0 78 0 -156.0 2512 0.03105095541401274 -0.06210191082802548
1 7 1 0 0 326.0 163 0.0 2.0
13 2 -958416020 0 -1.0 275 313 2
0 0 0 0 1 -1.0 311 -0.003215434083601286 -0.003215434083601286
1 7 1 0 0 4.0 2 0.0 2.0
13 2 -1813803972 0 -1.0 209 2 1
0 7 1 0 0 4.0 2 0.0 2.0
13 2 47998331 0 -1.0 209 237 2
0 0 0 0 1 -5.0 235 -0.00425531914893617 -0.02127659574468085
1 7 1 0 0 4.0 2 0.0 2.0
13 2 -2017744911 0 -3.0 110 0 0
13 2 -1006634469 0 -3.0 110 0 0
13 2 -1907905003 0 -1.0 209 2 1
0 7 1 0 0 4.0 2 0.0 2.0
13 2 1057538402 0 -3.0 110 165 1
0 0 0 0 1 -3.0 165 -0.006060606060606061 -0.01818181818181818
13 2 -402530923 0 -3.0 110 0 0
13 2 -972023015 0 -3.0 110 0 0
13 2 -887010557 0 -3.0 110 21 1
0 0 0 0 1 -3.0 21 -0.047619047619047616 -0.14285714285714285
13 2 1698974603 0 -3.0 110 0 0
13 2 -1800400227 0 -3.0 110 0 0
13 2 1819551860 0 -1.0 209 2 1
0 7 1 0 0 4.0 2 0.0 2.0
13 2 751364608 0 -1.0 209 2 1
0 7 1 0 0 4.0 2 0.0 2.0
13 2 -366612963 0 -3.0 110 167 1
0 0 0 0 1 -3.0 167 -0.005988023952095809 -0.017964071856287425
13 2 -170062621 0 -3.0 110 0 0
13 2 1231959573 0 -3.0 110 144 1
0 0 0 0 2 -6.0 144 -0.013888888888888888 -0.041666666666666664
13 2 1624272864 0 -1.0 209 2 1
0 7 1 0 0 4.0 2 0.0 2.0
13 2 -1443823095 0 -1.0 275 25 2
0 0 0 0 1 -1.0 23 -0.043478260869565216 -0.043478260869565216
1 7 1 0 0 4.0 2 0.0 2.0
13 2 -480782116 0 -1.0 209 161 2
0 0 0 0 1 -1.0 159 -0.006289308176100629 -0.006289308176100629
1 7 1 0 0 4.0 2 0.0 2.0
13 3 -196584421 0 -1.0 110 52 1
0 7 1 0 0 104.0 52 0.0 2.0
13 3 -1732708610 1 2.0 110 117 2
0 0 0 1 0 -2.0 2 0.5 -1.0
1 7 1 0 0 232.0 115 0.0 2.017391304347826
13 3 2121732012 0 -3.0 110 12 2
0 0 0 0 0 0.0 1 0.0 0.0
1 7 1 0 0 22.0 11 0.0 2.0
13 3 326892689 0 -1.0 209 13 1
0 7 1 0 0 26.0 13 0.0 2.0
13 3 1407265218 0 -3.0 110 444 2
0 0 0 0 16 -48.0 440 -0.03636363636363636 -0.10909090909090909
1 7 1 0 0 8.0 4 0.0 2.0
13 3 1682549997 0 -3.0 110 267 2
0 0 0 0 12 -36.0 261 -0.04597701149425287 -0.13793103448275862
1 7 1 0 0 12.0 6 0.0 2.0
13 3 -1179327758 0 -1.0 209 133 2
0 0 0 0 0 0.0 6 0.0 0.0
1 7 1 1 0 254.0 127 0.007874015748031496 2.0
13 3 132496843 0 -1.0 209 211 2
0 0 0 0 9 -9.0 170 -0.052941176470588235 -0.052941176470588235
1 7 1 7 0 82.0 41 0.17073170731707318 2.0
13 3 1260917373 0 -1.0 209 1551 2
0 0 0 1 23 -33.0 1457 -0.015099519560741249 -0.022649279341111873
1 7 1 30 0 188.0 94 0.3191489361702128 2.0
13 3 995208058 0 -1.0 209 1057 2
0 0 0 0 23 -47.0 839 -0.027413587604290822 -0.05601907032181168
1 7 1 54 0 436.0 218 0.24770642201834864 2.0
13 3 -1016359998 0 -1.0 209 504 2
0 0 0 0 27 -27.0 412 -0.06553398058252427 -0.06553398058252427
1 7 1 65 0 184.0 92 0.7065217391304348 2.0
13 3 -1915917863 0 -1.0 275 849 2
0 0 0 0 6 -6.0 820 -0.007317073170731708 -0.007317073170731708
1 7 1 0 0 58.0 29 0.0 2.0
13 3 -408049450 0 -3.0 110 676 1
0 0 0 0 14 -42.0 676 -0.020710059171597635 -0.0621301775147929
13 3 214559836 1 2.0 110 222 2
0 0 0 0 0 0.0 37 0.0 0.0
1 7 1 0 0 372.0 185 0.0 2.0108108108108107
13 3 2016835686 1 2.0 110 83 1
0 7 1 0 0 166.0 83 0.0 2.0
13 3 -248720266 0 -1.0 209 30 2
0 0 0 0 0 0.0 6 0.0 0.0
1 7 1 0 0 48.0 24 0.0 2.0
13 3 -403439972 1 2.0 207 1673 2
0 0 0 0 6 -22.0 1462 -0.004103967168262654 -0.015047879616963064
1 7 1 84 0 422.0 211 0.3981042654028436 2.0
13 3 253084482 0 -1.0 209 15 1
0 7 1 0 0 30.0 15 0.0 2.0
13 3 1023436489 1 2.0 159 1107 2
0 0 0 0 0 -10.0 846 0.0 -0.01182033096926714
1 7 1 164 0 522.0 261 0.6283524904214559 2.0
13 3 -1143073715 0 -3.0 110 151 2
0 0 0 0 0 0.0 91 0.0 0.0
1 7 1 0 0 120.0 60 0.0 2.0
13 4 1209362271 0 -1.0 209 1329 2
0 0 0 0 19 -31.0 1310 -0.01450381679389313 -0.02366412213740458
1 7 1 3 0 38.0 19 0.15789473684210525 2.0
13 4 1156334152 1 2.0 127 965 2
0 0 0 0 6 -8.0 905 -0.0066298342541436465 -0.008839779005524863
1 7 1 47 2 90.0 60 0.75 1.5
13 4 -925144077 0 -1.0 132 841 2
0 0 0 0 38 -48.0 755 -0.05033112582781457 -0.06357615894039735
1 7 1 18 0 158.0 86 0.20930232558139536 1.8372093023255813
13 4 1259225124 1 2.0 110 332 2
0 0 0 22 0 -44.0 139 0.15827338129496402 -0.31654676258992803
1 7 1 0 0 386.0 193 0.0 2.0
13 4 1955160126 0 -1.0 209 82 1
0 7 1 0 0 164.0 82 0.0 2.0
13 4 1190818189 0 -1.0 209 39 1
0 7 1 0 0 78.0 39 0.0 2.0
13 4 1512477280 0 -1.0 209 20 2
0 0 0 0 0 0.0 3 0.0 0.0
1 7 1 0 0 34.0 17 0.0 2.0
13 4 768687938 1 2.0 130 869 2
0 0 0 0 10 -28.0 761 -0.013140604467805518 -0.03679369250985545
1 7 1 33 0 214.0 108 0.3055555555555556 1.9814814814814814
13 4 -584325843 0 -1.0 209 1353 2
0 0 0 0 22 -24.0 1261 -0.017446471054718478 -0.0190325138778747
1 7 1 0 0 184.0 92 0.0 2.0
13 4 -228876300 1 2.0 209 453 2
0 0 0 0 0 -4.0 295 0.0 -0.013559322033898305
1 7 1 0 0 316.0 158 0.0 2.0
13 4 1199475019 0 -3.0 110 788 1
0 0 0 0 21 -63.0 788 -0.0266497461928934 -0.0799492385786802
13 4 -1987998360 0 -1.0 209 8 2
0 0 0 0 0 0.0 1 0.0 0.0
1 7 1 0 0 14.0 7 0.0 2.0
13 4 -689839737 0 -3.0 110 1026 2
0 0 0 0 36 -108.0 1024 -0.03515625 -0.10546875
1 7 1 0 0 4.0 2 0.0 2.0
13 4 747569746 0 -1.0 132 686 2
0 0 0 0 0 0.0 620 0.0 0.0
1 7 1 29 0 104.0 66 0.4393939393939394 1.5757575757575757
13 4 -1481195056 0 -1.0 209 1527 2
0 0 0 0 30 -54.0 1486 -0.020188425302826378 -0.03633916554508748
1 7 1 28 0 82.0 41 0.6829268292682927 2.0
13 4 1464913254 0 -1.0 209 1583 2
0 0 0 0 29 -27.0 1556 -0.018637532133676093 -0.017352185089974295
1 7 1 0 0 54.0 27 0.0 2.0
13 4 966261864 0 -1.0 209 936 2
0 0 0 0 20 -20.0 911 -0.021953896816684963 -0.021953896816684963
1 7 1 7 0 50.0 25 0.28 2.0
13 4 -1488255805 0 -1.0 209 142 2
0 0 0 0 0 0.0 1 0.0 0.0
1 7 1 0 0 282.0 141 0.0 2.0
13 4 -978335863 1 2.0 201 503 2
0 0 0 1 2 0.0 327 -0.0030581039755351682 0.0
1 7 1 100 0 352.0 176 0.5681818181818182 2.0
13 4 -1632691656 0 -1.0 209 100 2
0 0 0 0 0 0.0 7 0.0 0.0
1 7 1 0 0 186.0 93 0.0 2.0
