18 0 -1970088775 1 3.0 1000 124657 2
0 0 0 83 0 0.0 124023 6.692307072075341E-4 0.0
1 7 0 0 0 634.0 634 0.0 1.0
18 0 1798148130 1 1.0 1000 126391 3
0 0 0 30 5 -5.0 124652 2.0055835445881333E-4 -4.0111670891762665E-5
1 7 0 0 0 362.0 362 0.0 1.0
2 10 0 0 270 -1383.0 1377 -0.19607843137254902 -1.0043572984749456
18 0 -1485668702 1 2.0 1000 118694 3
0 0 0 22 0 0.0 118175 1.8616458641844722E-4 0.0
1 7 0 0 0 392.0 392 0.0 1.0
2 10 0 0 0 -127.0 127 0.0 -1.0
18 0 1183232375 1 1.0 1000 140079 3
0 0 0 99 2 -17.0 137953 7.031380252694758E-4 -1.2323037556269165E-4
1 7 0 0 2 611.0 621 -0.00322061191626409 0.9838969404186796
2 10 0 0 205 -1577.0 1505 -0.1362126245847176 -1.0478405315614618
18 0 -949362064 1 4.0 1000 123737 4
0 0 0 80 0 -5.0 121424 6.588483331137172E-4 -4.117802081960733E-5
1 6 0 0 2 -2.0 2 -1.0 -1.0
2 7 0 0 0 1359.0 1369 0.0 0.9926953981008035
3 10 0 0 0 -943.0 942 0.0 -1.0010615711252655
18 0 -52772012 0 -1.0 732 103284 3
0 0 0 0 52 -74.0 98668 -5.270199051364171E-4 -7.499898650018244E-4
1 7 0 0 26 1731.0 1856 -0.014008620689655173 0.9326508620689655
2 10 0 0 830 -3422.0 2760 -0.3007246376811594 -1.239855072463768
18 0 -332669668 1 1.0 1000 114037 3
0 0 0 30 5 -26.0 112759 2.2171179240681454E-4 -2.3058026410308712E-4
1 7 0 0 0 573.0 574 0.0 0.9982578397212544
2 10 0 0 100 -730.0 704 -0.14204545454545456 -1.0369318181818181
18 0 875165450 1 2.0 1000 123460 3
0 0 0 25 0 0.0 122377 2.0428675322977356E-4 0.0
1 7 0 0 0 941.0 941 0.0 1.0
2 10 0 0 0 -142.0 142 0.0 -1.0
18 0 1890838024 0 -1.0 935 124944 4
0 0 0 0 70 -336.0 115473 -6.062023156928459E-4 -0.0029097711153256607
1 6 0 0 92 -120.0 92 -1.0 -1.3043478260869565
2 7 0 0 22 3819.0 4261 -0.005163107251818822 0.8962684815770946
3 10 0 0 1250 -7844.0 5118 -0.24423602969910121 -1.5326299335678
18 0 1765392519 1 3.0 1000 125666 2
0 0 0 30 0 0.0 125332 2.393642485558357E-4 0.0
1 7 0 0 0 334.0 334 0.0 1.0
18 0 -940576337 1 1.0 1000 117403 3
0 0 0 13 0 -12.0 116204 1.1187222470827166E-4 -1.0326666896148153E-4
1 7 0 0 0 425.0 445 0.0 0.9550561797752809
2 10 0 5 72 -1001.0 754 -0.08885941644562334 -1.3275862068965518
18 0 -1194336400 0 -1.0 836 107269 3
0 0 0 0 39 -40.0 106114 -3.6752926098347063E-4 -3.76953088188175E-4
1 7 0 0 5 222.0 316 -0.015822784810126583 0.7025316455696202
2 10 0 0 236 -805.0 839 -0.28128724672228844 -0.9594755661501788
18 0 -1052033439 1 3.0 1000 120303 4
0 0 0 19 0 -134.0 111547 1.7033178839412984E-4 -0.0012012873497270209
1 6 0 3 398 524.0 401 -0.9850374064837906 1.3067331670822944
2 7 0 3 398 2780.0 6920 -0.05708092485549133 0.40173410404624277
3 10 0 0 112 -1589.0 1435 -0.07804878048780488 -1.1073170731707318
18 0 1993966984 1 3.0 1000 122431 3
0 0 0 19 0 -1.0 121128 1.5685886004887392E-4 -8.255729476256522E-6
1 7 0 2 0 943.0 849 0.002355712603062426 1.110718492343934
2 10 0 0 0 -448.0 454 0.0 -0.986784140969163
18 0 -640841285 0 -2.0 391 61631 3
0 0 0 0 171 -174.0 59792 -0.00285991436981536 -0.0029100883061279103
1 7 0 0 0 291.0 291 0.0 1.0
2 10 0 0 972 -1813.0 1548 -0.627906976744186 -1.171188630490956
18 0 -906763986 1 3.0 1000 133423 3
0 0 0 28 0 0.0 132704 2.1099590065107307E-4 0.0
1 7 0 0 0 563.0 563 0.0 1.0
2 10 0 0 0 -156.0 156 0.0 -1.0
18 0 473493687 1 4.0 1000 119160 4
0 0 0 33 0 -60.0 114022 2.8941783164652436E-4 -5.262142393573171E-4
1 6 0 7 453 70.0 460 -0.9695652173913043 0.15217391304347827
2 7 0 15 453 2945.0 3020 -0.14503311258278145 0.9751655629139073
3 10 0 4 102 -1646.0 1658 -0.05910735826296743 -0.9927623642943305
18 0 166441695 1 3.0 1000 120146 4
0 0 0 34 13 -192.0 114370 1.8361458424411996E-4 -0.0016787619130890967
1 6 0 0 526 -186.0 526 -1.0 -0.35361216730038025
2 7 0 7 347 1735.0 2371 -0.1433994095318431 0.7317587515816112
3 10 0 0 335 -2666.0 2879 -0.11635984716915596 -0.9260159777700591
18 0 -158131643 1 1.0 1000 126560 4
0 0 0 21 9 -155.0 119969 1.0002584000866891E-4 -0.0012920004334453067
1 6 0 0 184 -253.0 184 -1.0 -1.375
2 7 0 0 1 2156.0 2332 -4.288164665523156E-4 0.9245283018867925
3 10 0 0 540 -4854.0 4075 -0.1325153374233129 -1.191165644171779
18 0 768305518 1 8.0 1000 128772 3
0 0 0 82 3 -38.0 103203 7.654816235962133E-4 -3.6820635059058363E-4
1 7 0 37 0 1531.0 24998 0.0014801184094727579 0.061244899591967356
2 10 0 0 62 -617.0 571 -0.1085814360770578 -1.0805604203152364
18 1 51556447 1 2.0 1000 52711 4
0 0 0 106 0 -28.0 49540 0.0021396851029471136 -5.651998385143318E-4
1 6 0 0 402 15.0 402 -1.0 0.03731343283582089
2 7 0 0 320 1926.0 1928 -0.16597510373443983 0.9989626556016598
3 10 0 0 65 -864.0 841 -0.07728894173602854 -1.0273483947681332
18 1 318104315 1 6.0 1000 60497 4
0 0 0 112 0 -110.0 53134 0.002107878194752889 -0.00207023751270373
1 6 0 1 405 -562.0 406 -0.9950738916256158 -1.3842364532019704
2 7 0 4 279 2676.0 4111 -0.06689369982972512 0.6509365117976161
3 10 0 1 262 -2854.0 2846 -0.09170765987350668 -1.0028109627547435
18 1 1841413193 0 -1.0 408 34647 3
0 0 0 0 23 -50.0 33407 -6.884784625976591E-4 -0.0014966923099949112
1 7 0 0 0 234.0 234 0.0 1.0
2 10 0 0 589 -1047.0 1006 -0.5854870775347912 -1.040755467196819
18 1 879097813 1 7.0 1000 60256 4
0 0 0 58 0 -44.0 45035 0.0012878871988453425 -9.77017874986122E-4
1 6 0 1 236 -261.0 237 -0.9915611814345991 -1.1012658227848102
2 7 0 18 233 1545.0 13750 -0.015636363636363636 0.11236363636363636
3 10 0 5 41 -1222.0 1234 -0.029173419773095625 -0.9902755267423015
18 1 -689949286 1 3.0 1000 64118 4
0 0 0 142 11 -90.0 56931 0.002301031072702043 -0.0015808610423143805
1 6 0 0 395 -591.0 395 -1.0 -1.4962025316455696
2 7 0 0 148 4309.0 3883 -0.03811485964460469 1.1097089878959567
3 10 0 3 312 -3135.0 2909 -0.10622206943966998 -1.077689927810244
18 1 491969751 0 -1.0 543 39706 4
0 0 0 0 7 -43.0 38116 -1.8364991079861475E-4 -0.0011281351663343477
1 6 0 0 1 -4.0 1 -1.0 -4.0
2 7 0 0 4 571.0 635 -0.006299212598425197 0.8992125984251969
3 10 0 0 344 -1565.0 954 -0.36058700209643607 -1.640461215932914
18 1 -1201350274 1 1.0 1000 62914 4
0 0 0 72 5 -44.0 59744 0.0011214515265131227 -7.364756293519014E-4
1 6 0 0 121 -235.0 121 -1.0 -1.9421487603305785
2 7 0 0 23 1065.0 1177 -0.01954120645709431 0.9048428207306712
3 10 0 4 337 -2404.0 1872 -0.1778846153846154 -1.2841880341880343
18 1 1796809759 0 -1.0 498 42966 3
0 0 0 0 30 -69.0 40817 -7.349878727001004E-4 -0.001690472107210231
1 7 0 0 0 416.0 416 0.0 1.0
2 10 0 0 776 -1845.0 1733 -0.44777841892671666 -1.0646278130409694
18 1 1254664488 1 8.0 1000 70193 4
0 0 0 71 0 -39.0 55531 0.0012785651257855972 -7.023104212061732E-4
1 6 0 0 116 -132.0 116 -1.0 -1.1379310344827587
2 7 0 64 116 1172.0 13293 -0.003911833295719551 0.08816670428044836
3 10 0 3 96 -1456.0 1253 -0.0742218675179569 -1.1620111731843576
18 1 -1806760409 0 -2.0 848 59347 4
0 0 0 0 26 -149.0 54007 -4.8141907530505307E-4 -0.0027589016238635734
1 6 0 0 104 94.0 104 -1.0 0.9038461538461539
2 7 0 0 133 1303.0 2042 -0.06513222331047992 0.638099902056807
3 10 0 0 1074 -4413.0 3194 -0.33625547902316844 -1.3816530995616783
18 1 -1947135943 1 6.0 1000 59629 4
0 0 0 144 5 -108.0 52734 0.0026358705958205333 -0.0020480145636591193
1 6 0 0 719 1079.0 719 -1.0 1.5006954102920724
2 7 0 1 729 4259.0 3821 -0.19052604030358544 1.1146296780947396
3 10 0 0 300 -2654.0 2355 -0.12738853503184713 -1.126963906581741
18 1 -69577586 1 2.0 1000 62864 4
0 0 0 100 10 -91.0 54476 0.0016521036786841911 -0.0016704603862251267
1 6 0 0 396 -388.0 396 -1.0 -0.9797979797979798
2 7 0 0 369 3375.0 5003 -0.07375574655206876 0.6745952428542874
3 10 0 0 445 -4894.0 2989 -0.1488792238206758 -1.6373369019739044
18 1 331149468 1 2.0 1000 71825 4
0 0 0 126 6 -161.0 57521 0.0020861946071869405 -0.0027989777646424785
1 6 0 0 265 -47.0 265 -1.0 -0.17735849056603772
2 7 0 3 269 2249.0 9637 -0.02760195081456885 0.23337138113520806
3 10 0 4 353 -6031.0 4402 -0.07928214447978192 -1.37005906406179
18 1 63449386 1 3.0 1000 69182 3
0 0 0 111 0 0.0 68570 0.0016187837246609304 0.0
1 7 0 0 0 605.0 605 0.0 1.0
2 10 0 0 0 -7.0 7 0.0 -1.0
18 1 -1550547456 1 1.0 1000 66358 4
0 0 0 141 5 -156.0 53220 0.0025554302893649006 -0.002931228861330327
1 6 0 0 333 -369.0 333 -1.0 -1.1081081081081081
2 7 0 3 101 3519.0 8490 -0.01154299175500589 0.4144876325088339
3 10 0 73 636 -5499.0 4315 -0.13047508690614137 -1.2743916570104288
18 1 -2105877452 1 2.0 1000 66417 3
0 0 0 109 0 -2.0 65781 0.0016570134233289248 -3.040391602438394E-5
1 7 0 0 0 530.0 530 0.0 1.0
2 10 0 0 0 -106.0 106 0.0 -1.0
18 1 1814016379 1 1.0 1000 68011 4
0 0 0 108 1 -92.0 63131 0.001694888406646497 -0.0014572872281446516
1 6 0 1 251 29.0 252 -0.9920634920634921 0.11507936507936507
2 7 0 1 252 1115.0 2602 -0.0964642582628747 0.4285165257494235
3 10 0 8 176 -2804.0 2026 -0.08292201382033564 -1.3840078973346495
18 1 2030224481 1 8.0 1000 59827 4
0 0 0 69 1 -67.0 55211 0.0012316386227382225 -0.0012135262900508956
1 6 0 1 197 -234.0 198 -0.98989898989899 -1.1818181818181819
2 7 0 63 20 2276.0 2915 0.014751286449399657 0.7807890222984563
3 10 0 13 79 -1143.0 1503 -0.043912175648702596 -0.7604790419161677
18 1 891930833 1 1.0 1000 68904 4
0 0 0 154 4 -68.0 62762 0.002389981198814569 -0.0010834581434626047
1 6 0 0 242 -358.0 242 -1.0 -1.4793388429752066
2 7 0 0 138 2334.0 2839 -0.04860866502289538 0.8221204649524481
3 10 0 0 462 -3609.0 3061 -0.1509310682783404 -1.1790264619405424
18 1 1801431626 1 2.0 1000 62264 4
0 0 0 75 3 -72.0 56403 0.001276527844263603 -0.001276527844263603
1 6 0 0 141 -218.0 141 -1.0 -1.5460992907801419
2 7 0 1 25 1865.0 3536 -0.006787330316742082 0.5274321266968326
3 10 0 0 159 -2539.0 2184 -0.07280219780219781 -1.1625457875457876
18 2 -1847923694 1 1.0 1000 3005 2
0 0 0 3 0 0.0 3002 9.99333777481679E-4 0.0
1 7 0 0 0 3.0 3 0.0 1.0
18 2 -2100358224 0 -1.0 277 844 3
0 0 0 0 2 -2.0 819 -0.002442002442002442 -0.002442002442002442
1 7 0 0 4 -1.0 7 -0.5714285714285714 -0.14285714285714285
2 10 0 0 16 -25.0 18 -0.8888888888888888 -1.3888888888888888
18 2 -2040141155 0 -1.0 349 936 3
0 0 0 0 2 -2.0 889 -0.0022497187851518562 -0.0022497187851518562
1 7 0 0 0 6.0 6 0.0 1.0
2 10 0 0 35 -41.0 41 -0.8536585365853658 -1.0
18 2 696816881 0 -1.0 963 2611 3
0 0 0 0 1 -1.0 2566 -3.897116134060795E-4 -3.897116134060795E-4
1 7 0 0 0 7.0 9 0.0 0.7777777777777778
2 10 0 0 28 -34.0 36 -0.7777777777777778 -0.9444444444444444
18 2 -1709066889 0 -1.0 678 1686 3
0 0 0 0 3 -3.0 1593 -0.0018832391713747645 -0.0018832391713747645
1 7 0 0 0 14.0 14 0.0 1.0
2 10 0 0 67 -86.0 79 -0.8481012658227848 -1.0886075949367089
18 2 1784477471 1 1.0 1000 2199 3
0 0 0 1 0 0.0 2192 4.562043795620438E-4 0.0
1 7 0 0 0 5.0 5 0.0 1.0
2 10 0 0 0 -2.0 2 0.0 -1.0
18 2 1731149632 1 1.0 1000 2685 3
0 0 0 1 0 0.0 2678 3.734129947722181E-4 0.0
1 7 0 0 0 5.0 5 0.0 1.0
2 10 0 0 0 -2.0 2 0.0 -1.0
18 2 1120375286 1 1.0 1000 2233 3
0 0 0 1 0 0.0 2226 4.492362982929021E-4 0.0
1 7 0 0 0 5.0 5 0.0 1.0
2 10 0 0 0 -2.0 2 0.0 -1.0
18 2 -1541420137 1 1.0 1000 2696 3
0 0 0 2 0 0.0 2689 7.437709185570844E-4 0.0
1 7 0 0 0 5.0 5 0.0 1.0
2 10 0 0 0 -2.0 2 0.0 -1.0
18 2 -1593435364 0 -1.0 543 1667 3
0 0 0 0 6 -6.0 1575 -0.0038095238095238095 -0.0038095238095238095
1 7 0 0 0 7.0 7 0.0 1.0
2 10 0 0 78 -90.0 85 -0.9176470588235294 -1.0588235294117647
18 2 -720235201 1 1.0 1000 2748 3
0 0 0 2 0 0.0 2742 7.293946024799417E-4 0.0
1 7 0 0 0 4.0 4 0.0 1.0
2 10 0 0 0 -2.0 2 0.0 -1.0
18 2 -344923690 1 1.0 1000 2213 3
0 0 0 1 0 0.0 2206 4.5330915684496827E-4 0.0
1 7 0 0 0 5.0 5 0.0 1.0
2 10 0 0 0 -2.0 2 0.0 -1.0
18 2 239553641 1 1.0 1000 2980 3
0 0 0 1 0 0.0 2973 3.363605785401951E-4 0.0
1 7 0 0 0 5.0 5 0.0 1.0
2 10 0 0 0 -2.0 2 0.0 -1.0
18 2 1855925040 1 2.0 1000 2353 3
0 0 0 2 0 0.0 2346 8.525149190110827E-4 0.0
1 7 0 0 0 7.0 5 0.0 1.4
2 10 0 0 0 -2.0 2 0.0 -1.0
18 2 -2096356236 0 -1.0 511 1398 3
0 0 0 0 3 -3.0 1317 -0.002277904328018223 -0.002277904328018223
1 7 0 0 0 9.0 11 0.0 0.8181818181818182
2 10 0 0 60 -102.0 70 -0.8571428571428571 -1.457142857142857
18 2 905315513 1 2.0 1000 2925 3
0 0 0 2 0 0.0 2918 6.854009595613434E-4 0.0
1 7 0 0 0 7.0 5 0.0 1.4
2 10 0 0 0 -2.0 2 0.0 -1.0
18 2 523449672 1 1.0 1000 2540 3
0 0 0 1 0 0.0 2534 3.946329913180742E-4 0.0
1 7 0 0 0 4.0 4 0.0 1.0
2 10 0 0 0 -2.0 2 0.0 -1.0
18 2 -969418091 1 1.0 1000 2193 3
0 0 0 2 0 0.0 2186 9.149130832570906E-4 0.0
1 7 0 0 0 5.0 5 0.0 1.0
2 10 0 0 0 -2.0 2 0.0 -1.0
18 2 -1920529348 1 1.0 1000 2233 3
0 0 0 2 0 0.0 2218 9.017132551848512E-4 0.0
1 7 0 0 0 9.0 9 0.0 1.0
2 10 0 0 0 -6.0 6 0.0 -1.0
18 2 1363966363 1 1.0 1000 2296 3
0 0 0 2 0 0.0 2289 8.737439930100481E-4 0.0
1 7 0 0 0 5.0 5 0.0 1.0
2 10 0 0 0 -2.0 2 0.0 -1.0
18 3 -1961463756 0 7.0 108 4891 4
0 0 0 0 0 -2.0 3681 0.0 -5.433306166802499E-4
1 6 0 0 118 -5.0 118 -1.0 -0.0423728813559322
2 7 0 0 104 748.0 812 -0.12807881773399016 0.9211822660098522
3 10 0 0 34 -341.0 280 -0.12142857142857143 -1.2178571428571427
18 3 -982035911 0 7.0 128 7215 4
0 0 0 0 0 -1.0 5377 0.0 -1.859773107680863E-4
1 6 0 0 179 -190.0 179 -1.0 -1.0614525139664805
2 7 0 0 18 953.0 1567 -0.01148691767708998 0.6081684747925973
3 10 0 0 11 -104.0 92 -0.11956521739130435 -1.1304347826086956
18 3 751068399 0 7.0 526 28241 4
0 0 0 0 5 -58.0 24528 -2.0384866275277233E-4 -0.002364644487932159
1 6 0 0 794 -139.0 794 -1.0 -0.17506297229219145
2 7 0 0 794 1405.0 1950 -0.40717948717948715 0.7205128205128205
3 10 0 0 316 -728.0 969 -0.32610939112487103 -0.7512899896800825
18 3 -1547949931 0 6.0 423 22867 4
0 0 0 0 0 -15.0 20009 0.0 -7.49662651806687E-4
1 6 0 0 343 -412.0 343 -1.0 -1.2011661807580174
2 7 0 0 342 745.0 2302 -0.14856646394439618 0.32363162467419637
3 10 0 0 73 -283.0 213 -0.3427230046948357 -1.3286384976525822
18 3 -1641364188 0 4.0 80 5333 4
0 0 0 0 0 -9.0 4116 0.0 -0.002186588921282799
1 6 0 0 101 -114.0 101 -1.0 -1.1287128712871286
2 7 0 0 2 890.0 892 -0.002242152466367713 0.9977578475336323
3 10 0 0 14 -240.0 224 -0.0625 -1.0714285714285714
18 3 1344774818 0 6.0 238 14485 4
0 0 0 0 0 -23.0 13325 0.0 -0.001726078799249531
1 6 0 0 101 76.0 101 -1.0 0.7524752475247525
2 7 0 0 101 770.0 779 -0.12965340179717585 0.9884467265725289
3 10 0 0 60 -229.0 280 -0.21428571428571427 -0.8178571428571428
18 3 -1673457781 0 6.0 464 27555 4
0 0 0 0 0 -49.0 19822 0.0 -0.002472000807183937
1 6 0 0 736 -771.0 736 -1.0 -1.047554347826087
2 7 0 0 736 616.0 5787 -0.12718161396232935 0.10644548125108001
3 10 0 0 228 -1564.0 1210 -0.1884297520661157 -1.2925619834710744
18 3 -1253074103 0 7.0 588 28513 4
0 0 0 0 0 -1.0 26585 0.0 -3.761519653940192E-5
1 6 0 0 78 -75.0 78 -1.0 -0.9615384615384616
2 7 0 0 78 638.0 1538 -0.05071521456436931 0.41482444733420026
3 10 0 0 92 -352.0 312 -0.2948717948717949 -1.1282051282051282
18 3 -1430672800 0 -1.0 341 21153 4
0 0 0 0 3 -27.0 19044 -1.575299306868305E-4 -0.0014177693761814746
1 6 0 0 41 -24.0 41 -1.0 -0.5853658536585366
2 7 0 0 41 635.0 868 -0.04723502304147465 0.7315668202764977
3 10 0 0 232 -1520.0 1200 -0.19333333333333333 -1.2666666666666666
18 3 -962251000 0 3.0 257 12666 4
0 0 0 0 0 -12.0 10923 0.0 -0.0010985992859104642
1 6 0 0 299 -347.0 299 -1.0 -1.160535117056856
2 7 0 0 0 669.0 786 0.0 0.851145038167939
3 10 0 0 38 -638.0 658 -0.057750759878419454 -0.9696048632218845
18 3 -683236118 0 7.0 304 16120 4
0 0 0 0 0 -22.0 14837 0.0 -0.0014827795376423805
1 6 0 0 133 -136.0 133 -1.0 -1.0225563909774436
2 7 0 0 133 204.0 882 -0.15079365079365079 0.23129251700680273
3 10 0 0 8 -270.0 268 -0.029850746268656716 -1.007462686567164
18 3 2050258276 0 7.0 133 7746 4
0 0 0 0 0 -8.0 6510 0.0 -0.001228878648233487
1 6 0 0 156 -180.0 156 -1.0 -1.1538461538461537
2 7 0 0 1 788.0 980 -0.0010204081632653062 0.8040816326530612
3 10 0 0 24 -124.0 100 -0.24 -1.24
18 3 -1943919635 0 5.0 260 16472 4
0 0 0 0 0 -11.0 15253 0.0 -7.211696059791516E-4
1 6 0 0 236 -59.0 236 -1.0 -0.25
2 7 0 0 236 482.0 777 -0.30373230373230375 0.6203346203346203
3 10 0 0 85 -210.0 206 -0.41262135922330095 -1.0194174757281553
18 3 -198173757 0 6.0 501 25247 4
0 0 0 0 0 -26.0 21647 0.0 -0.0012010902203538597
1 6 0 0 571 -700.0 571 -1.0 -1.2259194395796849
2 7 0 0 19 1820.0 2188 -0.008683729433272395 0.8318098720292505
3 10 0 0 123 -856.0 841 -0.14625445897740785 -1.0178359096313911
18 3 533779571 0 -1.0 405 16884 4
0 0 0 0 11 -35.0 15718 -6.998345845527421E-4 -0.0022267464053950885
1 6 0 0 2 -9.0 2 -1.0 -4.5
2 7 0 0 1 575.0 584 -0.0017123287671232876 0.9845890410958904
3 10 0 0 267 -1315.0 580 -0.4603448275862069 -2.2672413793103448
18 3 1361795230 0 -1.0 226 11877 4
0 0 0 0 2 -12.0 10116 -1.9770660340055358E-4 -0.0011862396204033216
1 6 0 0 6 -15.0 6 -1.0 -2.5
2 7 0 0 1 1029.0 1032 -9.689922480620155E-4 0.997093023255814
3 10 0 0 157 -836.0 723 -0.21715076071922546 -1.1562932226832643
18 3 28016344 0 7.0 373 18600 4
0 0 0 0 5 -27.0 15141 -3.3022917905026086E-4 -0.0017832375668714088
1 6 0 0 447 -465.0 447 -1.0 -1.0402684563758389
2 7 0 0 339 791.0 1465 -0.23139931740614333 0.5399317406143345
3 10 0 0 786 -1974.0 1547 -0.5080801551389786 -1.2760180995475112
18 3 -1272835715 0 5.0 301 19335 4
0 0 0 0 0 -22.0 16216 0.0 -0.001356684755796744
1 6 0 0 523 -436.0 523 -1.0 -0.8336520076481836
2 7 0 0 275 1378.0 1856 -0.14816810344827586 0.7424568965517241
3 10 0 0 175 -737.0 740 -0.23648648648648649 -0.995945945945946
18 3 -1803731465 0 3.0 272 17262 4
0 0 0 0 0 -10.0 15669 0.0 -6.382028208564682E-4
1 6 0 0 73 -92.0 73 -1.0 -1.2602739726027397
2 7 0 0 0 856.0 925 0.0 0.9254054054054054
3 10 0 0 114 -608.0 595 -0.1915966386554622 -1.0218487394957982
18 3 -492185665 0 7.0 427 24458 4
0 0 0 0 0 -5.0 22645 0.0 -2.2079929344226098E-4
1 6 0 0 295 -220.0 295 -1.0 -0.7457627118644068
2 7 0 0 295 770.0 1196 -0.24665551839464883 0.6438127090301003
3 10 0 0 34 -305.0 322 -0.10559006211180125 -0.9472049689440993
18 4 -267746021 1 8.0 1000 60466 4
0 0 0 37 0 -57.0 43376 8.530062707488012E-4 -0.0013140907414238288
1 6 0 12 1395 -1555.0 1407 -0.9829424307036247 -1.1051883439943142
2 7 0 96 1395 -153.0 14948 -0.0869012576933369 -0.010235483007760235
3 10 0 1 203 -928.0 735 -0.2748299319727891 -1.2625850340136053
18 4 1794858174 1 8.0 1000 50731 4
0 0 0 24 0 -248.0 41142 5.833454863642993E-4 -0.006027903359097759
1 6 0 0 1203 -884.0 1203 -1.0 -0.7348295926849543
2 7 0 11 929 2327.0 5677 -0.1617051259468029 0.40989959485643823
3 10 0 14 489 -3309.0 2709 -0.17534145441122184 -1.221483942414175
18 4 1268590832 1 3.0 1000 50293 4
0 0 0 50 29 -232.0 38038 5.520794994479205E-4 -0.006099163993900836
1 6 0 3 2931 281.0 2934 -0.9979550102249489 0.09577368779822767
2 7 0 3 1860 4409.0 5019 -0.369994022713688 0.8784618449890417
3 10 0 0 1673 -5563.0 4302 -0.3888888888888889 -1.293119479311948
18 4 -1241670980 1 3.0 1000 46559 4
0 0 0 66 7 -45.0 43037 0.0013709134000975903 -0.0010456119153286706
1 6 0 0 91 221.0 91 -1.0 2.4285714285714284
2 7 0 0 61 2301.0 2113 -0.028868906767628964 1.0889730241362992
3 10 0 0 144 -1444.0 1318 -0.10925644916540213 -1.0955993930197268
18 4 -2779757 1 8.0 1000 48187 4
0 0 0 65 0 -78.0 41289 0.0015742691758095376 -0.0018891230109714453
1 6 0 0 1733 1909.0 1733 -1.0 1.1015579919215233
2 7 0 19 1501 4148.0 3686 -0.4020618556701031 1.1253391209983723
3 10 0 4 481 -824.0 1479 -0.3225152129817444 -0.5571331981068289
18 4 358183541 1 1.0 1000 46869 3
0 0 0 81 0 -10.0 44712 0.0018115942028985507 -2.2365360529611738E-4
1 7 0 0 0 1580.0 1584 0.0 0.9974747474747475
2 10 0 0 15 -585.0 573 -0.02617801047120419 -1.0209424083769634
18 4 -1521664715 1 6.0 1000 55915 4
0 0 0 38 0 -37.0 42249 8.994295722975691E-4 -8.757603730265805E-4
1 6 0 16 2419 -2634.0 2435 -0.9868583162217659 -1.0817248459958932
2 7 0 32 2419 -1312.0 10712 -0.22283420463032114 -0.12247946228528753
3 10 0 18 257 -811.0 519 -0.4605009633911368 -1.5626204238921002
18 4 1404313369 1 6.0 1000 51204 4
0 0 0 60 0 -113.0 38597 0.0015545249630800322 -0.0029276886804673937
1 6 0 19 4193 4744.0 4212 -0.9909781576448243 1.1263057929724596
2 7 0 19 4142 6938.0 6739 -0.6118118415195133 1.029529603798783
3 10 0 0 717 -840.0 1656 -0.4329710144927536 -0.5072463768115942
18 4 -1007658249 0 -2.0 502 30749 4
0 0 0 0 10 -17.0 28831 -3.4684887794387984E-4 -5.896430925045957E-4
1 6 0 0 27 -101.0 27 -1.0 -3.740740740740741
2 7 0 0 27 1336.0 1443 -0.018711018711018712 0.9258489258489259
3 10 0 0 257 -1091.0 448 -0.5736607142857143 -2.435267857142857
18 4 -935602837 0 -1.0 688 35565 4
0 0 0 0 41 -204.0 27072 -0.0015144799054373523 -0.007535460992907801
1 6 0 0 1670 -1794.0 1670 -1.0 -1.074251497005988
2 7 0 0 503 2367.0 4381 -0.11481396941337595 0.5402876055695047
3 10 0 0 1061 -4990.0 2442 -0.4344799344799345 -2.0434070434070435
18 4 -628318265 0 -1.0 788 37301 4
0 0 0 0 59 -133.0 31408 -0.0018785022924095772 -0.00423458991339786
1 6 0 0 396 -699.0 396 -1.0 -1.7651515151515151
2 7 0 0 207 1423.0 2290 -0.09039301310043668 0.6213973799126637
3 10 0 0 2001 -4393.0 3207 -0.6239476145930777 -1.369816027439975
18 4 843495406 1 4.0 1000 49715 4
0 0 0 79 14 -154.0 39668 0.0016386003831803974 -0.003882222446304326
1 6 0 0 1669 -1144.0 1669 -1.0 -0.6854403834631516
2 7 0 0 1734 1591.0 5534 -0.31333574268160463 0.2874954824719913
3 10 0 0 1167 -6237.0 2844 -0.410337552742616 -2.1930379746835444
18 4 576595243 1 5.0 1000 45676 4
0 0 0 52 34 -115.0 37447 4.806793601623628E-4 -0.0030710070232595403
1 6 0 0 607 -39.0 607 -1.0 -0.0642504118616145
2 7 0 15 569 2012.0 4112 -0.13472762645914396 0.4892996108949416
3 10 0 31 1623 -5505.0 3510 -0.45356125356125354 -1.5683760683760684
18 4 1078537533 0 -1.0 771 39827 4
0 0 0 0 21 -89.0 30820 -6.813757300454251E-4 -0.0028877352368591822
1 6 0 0 3049 221.0 3049 -1.0 0.07248278123975074
2 7 0 0 2514 2175.0 4509 -0.5575515635395875 0.4823685961410512
3 10 0 0 655 -2889.0 1449 -0.4520358868184955 -1.9937888198757765
18 4 -986292254 1 4.0 1000 50441 4
0 0 0 42 0 -81.0 44173 9.508070540828107E-4 -0.001833699318588278
1 6 0 14 1096 -631.0 1110 -0.9747747747747748 -0.5684684684684684
2 7 0 17 1003 1774.0 3684 -0.2676438653637351 0.4815418023887079
3 10 0 1 195 -1511.0 1474 -0.13161465400271372 -1.025101763907734
18 4 1692544242 1 1.0 1000 44208 4
0 0 0 68 21 -156.0 37688 0.0012470812990872425 -0.004139248567183188
1 6 0 0 642 -367.0 642 -1.0 -0.5716510903426791
2 7 0 0 658 1613.0 2877 -0.22871046228710462 0.5606534584636774
3 10 0 0 1166 -5177.0 3001 -0.38853715428190605 -1.725091636121293
18 4 -1665750186 0 -1.0 523 31070 3
0 0 0 0 127 -138.0 28069 -0.00452456446613702 -0.004916455876589832
1 7 0 0 5 1142.0 1160 -0.004310344827586207 0.9844827586206897
2 10 0 0 1720 -2240.0 1841 -0.9342748506246605 -1.2167300380228137
18 4 -1071937945 1 3.0 1000 53974 4
0 0 0 119 6 -238.0 40474 0.002791915797796116 -0.00588031822898651
1 6 0 0 2522 1160.0 2522 -1.0 0.4599524187153053
2 7 0 0 2527 4110.0 7573 -0.3336854615079889 0.5427175491879044
3 10 0 0 993 -3972.0 3405 -0.2916299559471366 -1.1665198237885464
18 4 -1004371605 1 1.0 1000 51823 4
0 0 0 29 53 -260.0 40008 -5.998800239952009E-4 -0.006498700259948011
1 6 0 0 3018 -1644.0 3018 -1.0 -0.5447316103379721
2 7 0 6 2398 1102.0 4896 -0.48856209150326796 0.22508169934640523
3 10 0 9 1980 -6735.0 3901 -0.5052550628044091 -1.7264803896436811
18 4 1092299349 1 1.0 1000 57422 4
0 0 0 27 26 -215.0 41738 2.3958982222435192E-5 -0.005151181177823566
1 6 0 0 3145 -3236.0 3145 -1.0 -1.0289348171701114
2 7 0 28 3305 -1648.0 9559 -0.3428182864316351 -0.17240297102207344
3 10 0 13 1307 -5168.0 2980 -0.4342281879194631 -1.734228187919463
