0 0 190043252 0 73.0 1061 13064 4
0 6 0 0 129 -130.0 129 -1.0 -1.0077519379844961
1 9 0 0 747 -674.0 747 -1.0 -0.9022757697456493
2 3 1 0 0 7703.0 7703 0.0 1.0
3 9 1 51 37 8933.0 4485 0.003121516164994426 1.9917502787068004
0 0 751388768 0 69.0 935 14369 4
0 6 0 0 77 -82.0 77 -1.0 -1.0649350649350648
1 9 0 0 1005 -978.0 1005 -1.0 -0.9731343283582089
2 3 1 0 0 8419.0 8419 0.0 1.0
3 9 1 32 16 9720.0 4868 0.003286770747740345 1.9967132292522596
0 0 1822773769 0 71.0 934 14307 4
0 6 0 0 170 -174.0 170 -1.0 -1.0235294117647058
1 9 0 0 742 -736.0 742 -1.0 -0.9919137466307277
2 3 1 0 0 8233.0 8233 0.0 1.0
3 9 1 56 5 10319.0 5162 0.0098798915149167 1.999031383184812
0 0 -1756801830 0 72.0 1047 15702 4
0 6 0 0 163 -125.0 163 -1.0 -0.7668711656441718
1 9 0 0 1301 -1253.0 1301 -1.0 -0.9631053036126057
2 3 1 0 0 9020.0 9020 0.0 1.0
3 9 1 75 47 10389.0 5218 0.005366040628593331 1.9909927175162898
0 0 1920742680 0 67.0 1047 13412 4
0 6 0 0 46 -47.0 46 -1.0 -1.0217391304347827
1 9 0 0 735 34.0 735 -1.0 0.04625850340136054
2 3 1 0 0 7191.0 7191 0.0 1.0
3 9 1 106 385 10495.0 5440 -0.05128676470588235 1.9292279411764706
0 0 838800479 0 69.0 1079 13654 4
0 6 0 0 147 -151.0 147 -1.0 -1.0272108843537415
1 9 0 0 754 158.0 754 -1.0 0.20954907161803712
2 3 1 0 0 7233.0 7233 0.0 1.0
3 9 1 43 458 10582.0 5520 -0.07518115942028986 1.9170289855072464
0 0 322113506 0 71.0 1063 16036 4
0 6 0 0 25 -26.0 25 -1.0 -1.04
1 9 0 0 946 -823.0 946 -1.0 -0.8699788583509513
2 3 1 0 0 9924.0 9924 0.0 1.0
3 9 1 69 62 10220.0 5141 0.0013616028010114763 1.9879400894767556
0 0 -1220867474 1 70.0 612 12163 3
0 6 0 0 26 -26.0 26 -1.0 -1.0
1 3 1 0 0 6601.0 6601 0.0 1.0
2 9 1 425 0 11072.0 5536 0.07677023121387283 2.0
0 0 961327973 0 75.0 823 14997 4
0 6 0 0 100 -98.0 100 -1.0 -0.98
1 9 0 0 803 -779.0 803 -1.0 -0.9701120797011208
2 3 1 0 2 9119.0 9121 -2.192742023900888E-4 0.9997807257976099
3 9 1 52 12 9934.0 4973 0.008043434546551377 1.9975869696360347
0 0 -1438091163 0 78.0 1079 16704 4
0 6 0 0 139 -143.0 139 -1.0 -1.0287769784172662
1 9 0 0 772 -763.0 772 -1.0 -0.9883419689119171
2 3 1 0 5 10587.0 10592 -4.720543806646526E-4 0.9995279456193353
3 9 1 31 9 10393.0 5201 0.004229955777735051 1.998269563545472
0 0 578529990 0 73.0 1095 15995 4
0 6 0 0 11 -14.0 11 -1.0 -1.2727272727272727
1 9 0 0 771 -678.0 771 -1.0 -0.8793774319066148
2 3 1 0 0 10021.0 10021 0.0 1.0
3 9 1 44 48 10336.0 5192 -7.704160246533128E-4 1.9907550077041603
0 0 -1457866035 0 76.0 1031 15845 4
0 6 0 0 41 -42.0 41 -1.0 -1.024390243902439
1 9 0 0 709 -702.0 709 -1.0 -0.9901269393511989
2 3 1 0 0 9864.0 9864 0.0 1.0
3 9 1 39 4 10458.0 5231 0.006690881284649207 1.999235327853183
0 0 -1246362607 1 66.0 576 11809 3
0 6 0 0 87 -87.0 87 -1.0 -1.0
1 3 1 0 0 6461.0 6461 0.0 1.0
2 9 1 417 0 10522.0 5261 0.07926249762402585 2.0
0 0 -1469027794 1 66.0 702 10904 3
0 6 0 0 110 -110.0 110 -1.0 -1.0
1 3 1 0 0 5712.0 5712 0.0 1.0
2 9 1 428 0 10164.0 5082 0.08421881149153876 2.0
0 0 -620107712 0 67.0 1063 13443 4
0 6 0 0 81 -73.0 81 -1.0 -0.9012345679012346
1 9 0 0 669 -638.0 669 -1.0 -0.953662182361734
2 3 1 0 0 7789.0 7789 0.0 1.0
3 9 1 42 21 9787.0 4904 0.004282218597063622 1.9957177814029363
0 0 -1468928778 0 69.0 951 13691 4
0 6 0 0 130 -132.0 130 -1.0 -1.0153846153846153
1 9 0 0 742 -728.0 742 -1.0 -0.9811320754716981
2 3 1 0 0 8023.0 8023 0.0 1.0
3 9 1 45 8 9584.0 4796 0.007714762301918266 1.9983319432860718
0 0 -1233132555 1 70.0 674 13191 3
0 6 0 0 87 -87.0 87 -1.0 -1.0
1 3 1 0 0 7610.0 7610 0.0 1.0
2 9 1 469 0 10988.0 5494 0.08536585365853659 2.0
0 0 -1804264520 0 75.0 1015 15726 4
0 6 0 0 46 -49.0 46 -1.0 -1.065217391304348
1 9 0 0 695 -654.0 695 -1.0 -0.9410071942446043
2 3 1 0 0 9861.0 9861 0.0 1.0
3 9 1 220 22 10226.0 5124 0.03864168618266979 1.9957064793130368
0 0 -1607203825 0 74.0 999 15185 4
0 6 0 0 27 -29.0 27 -1.0 -1.0740740740740742
1 9 0 0 782 -762.0 782 -1.0 -0.9744245524296675
2 3 1 0 0 9119.0 9119 0.0 1.0
3 9 1 68 11 10503.0 5257 0.010842685942552787 1.9979075518356477
0 0 705588099 1 65.0 671 11708 3
0 6 0 0 38 -38.0 38 -1.0 -1.0
1 3 1 0 0 6148.0 6148 0.0 1.0
2 9 1 470 0 11044.0 5522 0.08511408909815284 2.0
0 1 -1102211791 0 77.0 1023 15148 4
0 6 0 0 72 -70.0 72 -1.0 -0.9722222222222222
1 9 0 0 386 -106.0 386 -1.0 -0.27461139896373055
2 3 1 0 0 8503.0 8503 0.0 1.0
3 9 1 187 143 12231.0 6187 0.0071116857927913365 1.9768870211734282
0 1 -1581004111 0 75.0 1023 17128 4
0 6 0 0 80 -86.0 80 -1.0 -1.075
1 9 0 0 673 -657.0 673 -1.0 -0.9762258543833581
2 3 1 0 0 9758.0 9758 0.0 1.0
3 9 1 186 13 13221.0 6617 0.02614477860057428 1.9980353634577603
0 1 463191469 1 83.0 953 16791 4
0 6 0 0 23 -21.0 23 -1.0 -0.9130434782608695
1 9 0 0 32 -30.0 32 -1.0 -0.9375
2 3 1 0 0 9791.0 9791 0.0 1.0
3 9 1 758 2 13888.0 6945 0.10885529157667387 1.9997120230381569
0 1 13027846 0 75.0 1069 15131 4
0 6 0 0 204 -205.0 204 -1.0 -1.0049019607843137
1 9 0 0 522 -487.0 522 -1.0 -0.9329501915708812
2 3 1 0 0 8159.0 8159 0.0 1.0
3 9 1 214 18 12474.0 6246 0.0313800832532821 1.9971181556195965
0 1 1348192148 0 79.0 1087 16181 4
0 6 0 0 54 -58.0 54 -1.0 -1.0740740740740742
1 9 0 0 794 -772.0 794 -1.0 -0.9722921914357683
2 3 1 0 0 9407.0 9407 0.0 1.0
3 9 1 144 15 11837.0 5926 0.021768477894026323 1.9974687816402295
0 1 340966734 0 76.0 974 16837 4
0 6 0 0 104 -106.0 104 -1.0 -1.0192307692307692
1 9 0 0 711 -675.0 711 -1.0 -0.9493670886075949
2 3 1 0 0 9290.0 9290 0.0 1.0
3 9 1 199 21 13443.0 6732 0.026440879382055853 1.9968805704099821
0 1 -182056401 0 82.0 1071 18348 4
0 6 0 0 62 -62.0 62 -1.0 -1.0
1 9 0 0 599 -566.0 599 -1.0 -0.9449081803005008
2 3 1 0 1 10813.0 10814 -9.24727205474385E-5 0.9999075272794525
3 9 1 295 17 13729.0 6873 0.04044813036519715 1.9975265531791067
0 1 1282308751 0 40.0 231 9424 3
0 6 0 0 284 -270.0 284 -1.0 -0.9507042253521126
1 3 1 0 14 7792.0 7806 -0.0017934921854983346 0.9982065078145017
2 9 1 0 0 2668.0 1334 0.0 2.0
0 1 -500579777 0 41.0 211 9325 3
0 6 0 0 305 -305.0 305 -1.0 -1.0
1 3 1 0 0 7410.0 7410 0.0 1.0
2 9 1 0 0 3220.0 1610 0.0 2.0
0 1 -599777451 0 80.0 1086 17629 4
0 6 0 0 102 -102.0 102 -1.0 -1.0
1 9 0 0 679 -641.0 679 -1.0 -0.9440353460972017
2 3 1 0 0 10213.0 10213 0.0 1.0
3 9 1 279 21 13249.0 6635 0.038884702336096456 1.9968349660889224
0 1 -798171015 0 79.0 929 17335 4
0 6 0 0 76 -79.0 76 -1.0 -1.0394736842105263
1 9 0 0 770 -743.0 770 -1.0 -0.964935064935065
2 3 1 0 0 9836.0 9836 0.0 1.0
3 9 1 149 15 13291.0 6653 0.020141289643769728 1.9977453780249512
0 1 1159761433 0 76.0 1023 15674 4
0 6 0 0 65 -60.0 65 -1.0 -0.9230769230769231
1 9 0 0 605 -600.0 605 -1.0 -0.9917355371900827
2 3 1 0 0 8272.0 8272 0.0 1.0
3 9 1 222 8 13456.0 6732 0.031788472964943554 1.9988116458704694
0 1 -1209145896 1 73.0 535 14016 3
0 6 0 0 28 -28.0 28 -1.0 -1.0
1 3 1 0 0 7338.0 7338 0.0 1.0
2 9 1 603 0 13300.0 6650 0.09067669172932331 2.0
0 1 155465504 0 78.0 1053 15753 4
0 6 0 0 9 -5.0 9 -1.0 -0.5555555555555556
1 9 0 0 562 -530.0 562 -1.0 -0.9430604982206405
2 3 1 0 0 8824.0 8824 0.0 1.0
3 9 1 221 18 12698.0 6358 0.03192827933312362 1.9971689210443535
0 1 -519885205 0 74.0 1086 14605 4
0 6 0 0 13 -13.0 13 -1.0 -1.0
1 9 0 0 471 -455.0 471 -1.0 -0.9660297239915074
2 3 1 0 0 7774.0 7774 0.0 1.0
3 9 1 229 8 12686.0 6347 0.0348195998109343 1.9987395619977941
0 1 -1492315355 0 77.0 1073 16454 4
0 6 0 0 33 -33.0 33 -1.0 -1.0
1 9 0 0 736 -682.0 736 -1.0 -0.9266304347826086
2 3 1 0 0 9221.0 9221 0.0 1.0
3 9 1 175 28 12899.0 6464 0.022741336633663366 1.995513613861386
0 1 -2035583190 0 75.0 1070 15542 4
0 6 0 0 196 -188.0 196 -1.0 -0.9591836734693877
1 9 0 0 500 -486.0 500 -1.0 -0.972
2 3 1 0 0 8484.0 8484 0.0 1.0
3 9 1 142 11 12713.0 6362 0.02059100911662999 1.9982709839673058
0 1 834742913 0 68.0 928 13542 4
0 6 0 0 427 -430.0 427 -1.0 -1.0070257611241218
1 9 0 0 582 -571.0 582 -1.0 -0.9810996563573883
2 3 1 0 0 6290.0 6290 0.0 1.0
3 9 1 200 7 12479.0 6243 0.030914624379304822 1.9988787441934968
0 1 -879146035 0 77.0 1086 15833 4
0 6 0 0 90 -90.0 90 -1.0 -1.0
1 9 0 0 471 -447.0 471 -1.0 -0.9490445859872612
2 3 1 0 0 9099.0 9099 0.0 1.0
3 9 1 298 12 12334.0 6173 0.04633079539931962 1.9980560505426859
0 1 -832339601 0 82.0 1041 16910 4
0 6 0 0 50 -50.0 50 -1.0 -1.0
1 9 0 0 676 -664.0 676 -1.0 -0.9822485207100592
2 3 1 0 0 10027.0 10027 0.0 1.0
3 9 1 121 6 12308.0 6157 0.01867792756212441 1.9990254994315413
0 2 2079182178 1 74.0 749 216 2
0 3 1 0 0 136.0 136 0.0 1.0
1 9 1 4 0 160.0 80 0.05 2.0
0 2 -285417379 1 60.0 872 194 4
0 6 0 0 6 -6.0 6 -1.0 -1.0
1 9 0 0 28 -23.0 28 -1.0 -0.8214285714285714
2 3 1 0 1 79.0 80 -0.0125 0.9875
3 9 1 2 2 158.0 80 0.0 1.975
0 2 -673696811 0 57.0 1063 213 4
0 6 0 0 5 -5.0 5 -1.0 -1.0
1 9 0 0 46 -42.0 46 -1.0 -0.9130434782608695
2 3 1 0 0 88.0 88 0.0 1.0
3 9 1 0 2 146.0 74 -0.02702702702702703 1.972972972972973
0 2 112474348 0 63.0 1015 196 4
0 6 0 0 3 -3.0 3 -1.0 -1.0
1 9 0 0 13 -13.0 13 -1.0 -1.0
2 3 1 0 0 104.0 104 0.0 1.0
3 9 1 0 0 152.0 76 0.0 2.0
0 2 -1091316824 1 64.0 684 180 3
0 6 0 0 4 -4.0 4 -1.0 -1.0
1 3 1 0 0 96.0 96 0.0 1.0
2 9 1 4 0 160.0 80 0.05 2.0
0 2 -173059840 1 63.0 617 174 3
0 6 0 0 2 -2.0 2 -1.0 -1.0
1 3 1 0 0 92.0 92 0.0 1.0
2 9 1 4 0 160.0 80 0.05 2.0
0 2 -138054974 0 62.0 999 220 4
0 6 0 0 2 -2.0 2 -1.0 -1.0
1 9 0 0 45 -35.0 45 -1.0 -0.7777777777777778
2 3 1 0 0 92.0 92 0.0 1.0
3 9 1 0 5 157.0 81 -0.06172839506172839 1.9382716049382716
0 2 1657430087 1 76.0 812 224 2
0 3 1 0 0 144.0 144 0.0 1.0
1 9 1 4 0 160.0 80 0.05 2.0
0 2 -883889601 1 56.0 726 144 2
0 3 1 0 0 64.0 64 0.0 1.0
1 9 1 4 0 160.0 80 0.05 2.0
0 2 -1735905640 0 58.0 823 199 3
0 9 0 0 33 -29.0 33 -1.0 -0.8787878787878788
1 3 1 0 0 92.0 92 0.0 1.0
2 9 1 0 2 146.0 74 -0.02702702702702703 1.972972972972973
0 2 -1864978139 0 60.0 1015 207 4
0 6 0 0 2 -2.0 2 -1.0 -1.0
1 9 0 0 36 -34.0 36 -1.0 -0.9444444444444444
2 3 1 0 0 92.0 92 0.0 1.0
3 9 1 0 1 153.0 77 -0.012987012987012988 1.9870129870129871
0 2 -1522132987 0 62.0 1095 207 4
0 6 0 0 3 -3.0 3 -1.0 -1.0
1 9 0 0 28 -28.0 28 -1.0 -1.0
2 3 1 0 0 100.0 100 0.0 1.0
3 9 1 0 0 152.0 76 0.0 2.0
0 2 1312871097 1 55.0 677 144 3
0 6 0 0 4 -4.0 4 -1.0 -1.0
1 3 1 0 0 60.0 60 0.0 1.0
2 9 1 4 0 160.0 80 0.05 2.0
0 2 -1166602373 0 62.0 919 213 4
0 6 0 0 2 -2.0 2 -1.0 -1.0
1 9 0 0 39 -39.0 39 -1.0 -1.0
2 3 1 0 0 100.0 100 0.0 1.0
3 9 1 0 0 152.0 72 0.0 2.111111111111111
0 2 -360036745 0 63.0 967 193 4
0 6 0 0 1 -1.0 1 -1.0 -1.0
1 9 0 0 12 -12.0 12 -1.0 -1.0
2 3 1 0 0 104.0 104 0.0 1.0
3 9 1 0 0 152.0 76 0.0 2.0
0 2 -1139685445 1 74.0 849 217 3
0 6 0 0 1 -1.0 1 -1.0 -1.0
1 3 1 0 0 136.0 136 0.0 1.0
2 9 1 4 0 160.0 80 0.05 2.0
0 2 -13668462 1 61.0 730 164 2
0 3 1 0 0 84.0 84 0.0 1.0
1 9 1 4 0 160.0 80 0.05 2.0
0 2 1642185115 1 61.0 688 165 3
0 6 0 0 1 -1.0 1 -1.0 -1.0
1 3 1 0 0 84.0 84 0.0 1.0
2 9 1 4 0 160.0 80 0.05 2.0
0 2 605841086 1 63.0 952 175 3
0 6 0 0 3 -4.0 3 -1.0 -1.3333333333333333
1 3 1 0 0 92.0 92 0.0 1.0
2 9 1 4 0 160.0 80 0.05 2.0
0 2 442353213 1 61.0 577 167 3
0 6 0 0 3 1.0 3 -1.0 0.3333333333333333
1 3 1 0 0 84.0 84 0.0 1.0
2 9 1 4 2 158.0 80 0.025 1.975
0 3 1681497479 0 28.0 225 3458 3
0 6 0 0 123 -123.0 123 -1.0 -1.0
1 3 1 0 0 2137.0 2137 0.0 1.0
2 9 1 0 0 2396.0 1198 0.0 2.0
0 3 -1038688398 0 15.0 174 3134 3
0 6 0 0 359 -356.0 359 -1.0 -0.9916434540389972
1 3 1 0 3 2714.0 2717 -0.001104158998895841 0.9988958410011042
2 9 1 0 0 116.0 58 0.0 2.0
0 3 1267143770 1 60.0 852 10734 3
0 6 0 0 73 -71.0 73 -1.0 -0.9726027397260274
1 3 1 0 2 5817.0 5819 -3.4370166695308474E-4 0.9996562983330469
2 9 1 498 0 9684.0 4842 0.10285006195786865 2.0
0 3 928577991 1 66.0 837 11100 3
0 6 0 0 37 -35.0 37 -1.0 -0.9459459459459459
1 3 1 0 0 5552.0 5552 0.0 1.0
2 9 1 438 1 11035.0 5511 0.07929595354745056 2.0023589185265833
0 3 143337736 0 59.0 632 10011 3
0 6 0 0 252 -250.0 252 -1.0 -0.9920634920634921
1 3 1 0 0 5326.0 5326 0.0 1.0
2 9 1 0 1 8865.0 4433 -2.2558087074216106E-4 1.999774419129258
0 3 1173650469 0 24.0 248 4898 3
0 6 0 0 167 -163.0 167 -1.0 -0.9760479041916168
1 3 1 0 4 2956.0 2960 -0.0013513513513513514 0.9986486486486487
2 9 1 0 0 3542.0 1771 0.0 2.0
0 3 1530345016 0 55.0 794 10340 3
0 6 0 0 116 -101.0 116 -1.0 -0.8706896551724138
1 3 1 0 1 5613.0 5614 -1.7812611328820805E-4 0.9998218738867118
2 9 1 0 7 9241.0 4610 -0.0015184381778741865 2.0045553145336226
0 3 -819736485 1 67.0 787 11686 3
0 6 0 0 202 -198.0 202 -1.0 -0.9801980198019802
1 3 1 0 2 6649.0 6651 -3.0070666065253347E-4 0.9996992933393475
2 9 1 502 1 9667.0 4833 0.10366232153941651 2.000206910821436
0 3 330375811 0 34.0 289 5707 3
0 6 0 0 200 -194.0 200 -1.0 -0.97
1 3 1 0 0 3354.0 3354 0.0 1.0
2 9 1 0 3 4303.0 2153 -0.0013934045517882026 1.9986065954482117
0 3 -1936689850 1 67.0 750 11031 3
0 6 0 0 24 -24.0 24 -1.0 -1.0
1 3 1 192 0 6509.0 6125 0.0313469387755102 1.0626938775510204
2 9 1 429 0 9956.0 4882 0.08787382220401475 2.0393281442031954
0 3 780786260 0 47.0 440 8199 3
0 6 0 0 310 -269.0 310 -1.0 -0.867741935483871
1 3 1 0 3 5400.0 5403 -5.55247084952804E-4 0.9994447529150472
2 9 1 0 19 4953.0 2486 -0.007642799678197908 1.9923572003218022
0 3 741852034 0 58.0 785 9185 4
0 6 0 0 57 -59.0 57 -1.0 -1.0350877192982457
1 9 0 0 293 -261.0 293 -1.0 -0.8907849829351536
2 3 1 0 0 4160.0 4160 0.0 1.0
3 9 1 0 19 9331.0 4675 -0.004064171122994653 1.9959358288770053
0 3 246995552 0 54.0 531 9649 3
0 6 0 0 284 -283.0 284 -1.0 -0.9964788732394366
1 3 1 0 1 5386.0 5387 -1.8563207722294413E-4 0.999814367922777
2 9 1 0 0 7956.0 3978 0.0 2.0
0 3 1931072231 0 20.0 264 4367 3
0 6 0 0 287 -214.0 287 -1.0 -0.7456445993031359
1 3 1 0 1 2725.0 2726 -3.6683785766691124E-4 0.9996331621423331
2 9 1 0 36 2672.0 1354 -0.026587887740029542 1.9734121122599704
0 3 -731481844 0 21.0 253 4181 3
0 6 0 0 193 -193.0 193 -1.0 -1.0
1 3 1 0 0 2856.0 2856 0.0 1.0
2 9 1 0 0 2264.0 1132 0.0 2.0
0 3 1238160042 0 51.0 433 9582 3
0 6 0 0 775 -702.0 775 -1.0 -0.9058064516129032
1 3 1 0 69 4895.0 4964 -0.013900080580177276 0.9860999194198228
2 9 1 0 2 7684.0 3843 -5.204267499349467E-4 1.999479573250065
0 3 1125749194 1 75.0 787 11802 3
0 6 0 0 54 -44.0 54 -1.0 -0.8148148148148148
1 3 1 0 0 6777.0 6777 0.0 1.0
2 9 1 419 5 9961.0 4971 0.08328304164152082 2.003822168577751
0 3 -1544324060 1 63.0 901 11190 3
0 6 0 0 56 -56.0 56 -1.0 -1.0
1 3 1 0 0 6371.0 6371 0.0 1.0
2 9 1 254 0 9526.0 4763 0.05332773462103716 2.0
0 3 2039365179 1 59.0 769 10010 3
0 6 0 0 134 -130.0 134 -1.0 -0.9701492537313433
1 3 1 0 0 4464.0 4464 0.0 1.0
2 9 1 394 2 10822.0 5412 0.07243163340724317 1.999630450849963
0 3 1385355101 0 19.0 217 3797 3
0 6 0 0 193 -193.0 193 -1.0 -1.0
1 3 1 0 0 2958.0 2958 0.0 1.0
2 9 1 0 0 1292.0 646 0.0 2.0
0 4 -1195593756 0 73.0 1087 12105 4
0 6 0 0 367 -261.0 367 -1.0 -0.7111716621253406
1 9 0 0 1885 -1673.0 1885 -1.0 -0.8875331564986737
2 3 1 0 0 4819.0 4819 0.0 1.0
3 9 1 610 169 9899.0 5034 0.08760429082240763 1.9664282876440207
0 4 1896754958 1 71.0 961 12005 4
0 6 0 0 37 -32.0 37 -1.0 -0.8648648648648649
1 9 0 0 835 -542.0 835 -1.0 -0.6491017964071857
2 3 1 0 0 5823.0 5823 0.0 1.0
3 9 1 373 150 10470.0 5310 0.04199623352165725 1.9717514124293785
0 4 297753840 0 78.0 1071 13986 4
0 6 0 0 343 -349.0 343 -1.0 -1.0174927113702623
1 9 0 0 1488 -1438.0 1488 -1.0 -0.9663978494623656
2 3 1 0 0 7115.0 7115 0.0 1.0
3 9 1 382 28 10052.0 5040 0.07023809523809524 1.9944444444444445
0 4 613167576 0 73.0 993 12554 4
0 6 0 0 200 -180.0 200 -1.0 -0.9
1 9 0 0 1003 -921.0 1003 -1.0 -0.9182452642073778
2 3 1 0 0 6192.0 6192 0.0 1.0
3 9 1 465 51 10267.0 5159 0.08024811009885637 1.9901143632486915
0 4 -657306988 0 77.0 1087 13698 4
0 6 0 0 333 -335.0 333 -1.0 -1.006006006006006
1 9 0 0 1518 -1357.0 1518 -1.0 -0.8939393939393939
2 3 1 0 1 6353.0 6354 -1.5738117721120554E-4 0.9998426188227888
3 9 1 470 82 10904.0 5493 0.07063535408701985 1.9850719097032588
0 4 1114072414 0 78.0 1089 15082 4
0 6 0 0 37 -41.0 37 -1.0 -1.1081081081081081
1 9 0 0 2770 -2466.0 2770 -1.0 -0.8902527075812274
2 3 1 0 0 7041.0 7041 0.0 1.0
3 9 1 571 155 10312.0 5234 0.07948032097821933 1.9701948796331676
0 4 -598708031 0 75.0 1023 12334 4
0 6 0 0 383 -387.0 383 -1.0 -1.010443864229765
1 9 0 0 712 -684.0 712 -1.0 -0.9606741573033708
2 3 1 0 0 5992.0 5992 0.0 1.0
3 9 1 409 16 10478.0 5247 0.07489994282447113 1.9969506384600724
0 4 -260711457 1 71.0 1073 12683 4
0 6 0 0 532 -539.0 532 -1.0 -1.013157894736842
1 9 0 0 1617 -1250.0 1617 -1.0 -0.7730364873222016
2 3 1 0 0 5366.0 5366 0.0 1.0
3 9 1 362 187 10149.0 5168 0.033862229102167185 1.9638157894736843
0 4 488007685 0 73.0 1088 12925 4
0 6 0 0 169 -174.0 169 -1.0 -1.029585798816568
1 9 0 0 1245 -1154.0 1245 -1.0 -0.9269076305220884
2 3 1 24 0 6326.0 6278 0.003822873526600828 1.0076457470532016
3 9 1 607 48 10442.0 5233 0.10682209057901777 1.9954137206191478
0 4 1029042050 0 73.0 1087 14596 4
0 6 0 0 260 -274.0 260 -1.0 -1.0538461538461539
1 9 0 0 2834 -2552.0 2834 -1.0 -0.9004940014114327
2 3 1 0 0 5957.0 5957 0.0 1.0
3 9 1 533 152 10936.0 5545 0.06871055004508567 1.9722272317403067
0 4 -388647566 0 74.0 911 13820 4
0 6 0 0 201 -172.0 201 -1.0 -0.8557213930348259
1 9 0 0 2026 -1791.0 2026 -1.0 -0.8840078973346496
2 3 1 0 0 6167.0 6167 0.0 1.0
3 9 1 621 137 10715.0 5426 0.08920014743826023 1.9747511979358643
0 4 -2092041163 0 76.0 1086 13332 4
0 6 0 0 195 66.0 195 -1.0 0.3384615384615385
1 9 0 0 1371 -1244.0 1371 -1.0 -0.9073668854850474
2 3 1 0 0 6383.0 6383 0.0 1.0
3 9 1 428 197 10569.0 5383 0.04291287386215865 1.9634033067062977
0 4 1963174587 0 73.0 1073 12335 4
0 6 0 0 281 -263.0 281 -1.0 -0.9359430604982206
1 9 0 0 614 -622.0 614 -1.0 -1.013029315960912
2 3 1 0 0 6528.0 6528 0.0 1.0
3 9 1 395 17 9807.0 4912 0.07695439739413681 1.9965390879478828
0 4 -5054648 1 81.0 1025 13630 4
0 6 0 0 387 -377.0 387 -1.0 -0.9741602067183462
1 9 0 0 614 -376.0 614 -1.0 -0.6123778501628665
2 3 1 0 0 7214.0 7214 0.0 1.0
3 9 1 434 130 10700.0 5415 0.056140350877192984 1.9759926131117267
0 4 -40282815 0 75.0 1073 12513 4
0 6 0 0 228 -193.0 228 -1.0 -0.8464912280701754
1 9 0 0 616 -521.0 616 -1.0 -0.8457792207792207
2 3 1 0 0 6630.0 6630 0.0 1.0
3 9 1 374 68 10010.0 5039 0.06072633459019647 1.9865052589799563
0 4 1253574303 0 70.0 1088 13357 4
0 6 0 0 65 -68.0 65 -1.0 -1.0461538461538462
1 9 0 0 2082 -1853.0 2082 -1.0 -0.8900096061479347
2 3 1 0 0 5832.0 5832 0.0 1.0
3 9 1 641 116 10640.0 5378 0.09761993306061734 1.9784306433618446
0 4 -1713073025 0 73.0 1088 14309 4
0 6 0 0 353 -215.0 353 -1.0 -0.6090651558073654
1 9 0 0 1917 -1770.0 1917 -1.0 -0.9233176838810642
2 3 1 0 9 6440.0 6449 -0.0013955652039075825 0.9986044347960924
3 9 1 707 143 11037.0 5590 0.10089445438282647 1.9744186046511627
0 4 -458609962 0 78.0 942 12997 4
0 6 0 0 341 -342.0 341 -1.0 -1.002932551319648
1 9 0 0 573 -537.0 573 -1.0 -0.93717277486911
2 3 1 0 1 6941.0 6942 -1.4405070584845865E-4 0.9998559492941516
3 9 1 531 21 10261.0 5141 0.09920248978797899 1.9959151915969655
0 4 -1995168750 0 73.0 1071 14161 4
0 6 0 0 371 -361.0 371 -1.0 -0.9730458221024259
1 9 0 0 2375 -2219.0 2375 -1.0 -0.9343157894736842
2 3 1 0 0 6558.0 6558 0.0 1.0
3 9 1 477 97 9617.0 4857 0.07823759522338893 1.9800288243771875
0 4 -863299259 0 68.0 1072 11872 4
0 6 0 0 115 -106.0 115 -1.0 -0.9217391304347826
1 9 0 0 838 -801.0 838 -1.0 -0.9558472553699284
2 3 1 0 4 5824.0 5828 -6.863417982155113E-4 0.9993136582017845
3 9 1 296 26 10156.0 5091 0.05303476723629935 1.9948929483402082
