5 0 1845817140 0 -18.0 1031 136071 4
0 19 0 0 2 -664.0 26401 -7.575470626112647E-5 -0.02515056247869399
1 4 0 0 27 -1724.0 109026 -2.4764735017335313E-4 -0.015812741914772624
2 8 0 0 173 -14.0 173 -1.0 -0.08092485549132948
3 8 1 0 6 -5.0 471 -0.012738853503184714 -0.010615711252653927
5 0 -2100618899 0 -18.0 966 123275 4
0 19 0 0 7 -411.0 20768 -3.3705701078582436E-4 -0.019790061633281973
1 4 0 0 13 -1961.0 102231 -1.2716299361250502E-4 -0.01918204849800941
2 8 0 0 266 -6.0 266 -1.0 -0.022556390977443608
3 8 1 0 10 0.0 10 -1.0 0.0
5 0 -1807187251 0 -9.0 1349 172626 7
0 18 0 0 23 -23.0 9787 -0.002350056196996015 -0.002350056196996015
1 19 0 0 12 -51.0 18317 -6.551291150297538E-4 -0.0027842987388764537
2 4 0 0 27 -495.0 78709 -3.430357392420181E-4 -0.006288988552770331
3 5 0 0 80 -1505.0 64849 -0.0012336350599084025 -0.023207759564526823
4 8 0 0 294 -1.0 294 -1.0 -0.003401360544217687
5 8 1 0 6 0.0 141 -0.0425531914893617 0.0
6 15 1 0 1 537.0 529 -0.001890359168241966 1.0151228733459357
5 0 -276843279 0 -18.0 829 105776 4
0 19 0 0 4 -659.0 27213 -1.469885716385551E-4 -0.02421636717745195
1 4 0 0 20 -1330.0 78231 -2.55653129833442E-4 -0.017000933133923892
2 8 0 0 202 -13.0 202 -1.0 -0.06435643564356436
3 8 1 0 3 -4.0 130 -0.023076923076923078 -0.03076923076923077
5 0 1860341472 0 -17.0 797 99647 5
0 19 0 0 23 -606.0 18631 -0.0012345016370565187 -0.032526434437228274
1 4 0 0 22 -1029.0 80275 -2.740579258797882E-4 -0.01281843662410464
2 8 0 0 279 -14.0 279 -1.0 -0.05017921146953405
3 8 1 0 28 -29.0 272 -0.10294117647058823 -0.10661764705882353
4 15 1 0 33 157.0 190 -0.1736842105263158 0.8263157894736842
5 0 1089986616 0 -14.0 973 122053 6
0 19 0 0 1 -522.0 23755 -4.2096400757735216E-5 -0.021974321195537782
1 4 0 0 22 -946.0 79208 -2.7774972225027775E-4 -0.011943238056761942
2 5 0 0 11 -44.0 18514 -5.94144971373015E-4 -0.00237657988549206
3 8 0 0 36 -2.0 36 -1.0 -0.05555555555555555
4 8 1 0 0 -23.0 304 0.0 -0.0756578947368421
5 15 1 0 0 236.0 236 0.0 1.0
5 0 -825587589 0 0.0 1500 181533 6
0 19 0 0 0 -5.0 6126 0.0 -8.161932745674175E-4
1 4 0 0 16 -604.0 66629 -2.401356766573114E-4 -0.009065121793813505
2 5 0 0 142 -1417.0 107414 -0.0013219878228163927 -0.01319194890796358
3 8 0 0 277 -3.0 277 -1.0 -0.010830324909747292
4 8 1 0 0 0.0 165 0.0 0.0
5 15 1 0 0 1055.0 922 0.0 1.1442516268980478
5 0 -20530781 0 -18.0 1140 146274 5
0 19 0 0 26 -442.0 28211 -9.216263159760377E-4 -0.015667647371592642
1 4 0 0 65 -2034.0 102618 -6.334171392933013E-4 -0.019821084020347306
2 5 0 0 18 0.0 14053 -0.0012808652956664058 0.0
3 8 0 0 431 -26.0 431 -1.0 -0.060324825986078884
4 8 1 0 34 -70.0 961 -0.03537981269510926 -0.07284079084287201
5 0 -1366324824 0 -13.0 945 125823 6
0 19 0 0 24 -629.0 15887 -0.0015106691005224398 -0.039592119342858945
1 4 0 0 76 -1082.0 90514 -8.396491150540248E-4 -0.01195395187484809
2 5 0 0 41 -10.0 18330 -0.002236770321876705 -5.455537370430987E-4
3 8 0 0 346 -12.0 346 -1.0 -0.03468208092485549
4 8 1 0 9 0.0 401 -0.022443890274314215 0.0
5 15 1 0 0 345.0 345 0.0 1.0
5 0 -1145935154 0 -18.0 945 117288 5
0 19 0 0 0 -510.0 32031 0.0 -0.015922075489369674
1 4 0 0 21 -1749.0 84970 -2.4714605154760506E-4 -0.020583735436036248
2 5 0 0 0 0.0 30 0.0 0.0
3 8 0 0 101 -8.0 101 -1.0 -0.07920792079207921
4 8 1 0 6 -9.0 156 -0.038461538461538464 -0.057692307692307696
5 0 1728121649 0 -15.0 1124 136841 6
0 19 0 0 28 -55.0 3437 -0.008146639511201629 -0.016002327611288916
1 4 0 0 87 -1944.0 129390 -6.723858103408301E-4 -0.015024345003477858
2 5 0 0 43 48.0 3052 -0.014089121887287025 0.015727391874180863
3 8 0 0 191 -4.0 191 -1.0 -0.020942408376963352
4 8 1 0 4 0.0 553 -0.007233273056057866 0.0
5 15 1 0 0 218.0 218 0.0 1.0
5 0 37243964 0 -17.0 889 108042 6
0 19 0 0 9 -268.0 14311 -6.288868702396757E-4 -0.018726853469359234
1 4 0 0 25 -1145.0 77224 -3.237335543354398E-4 -0.01482699678856314
2 5 0 0 13 44.0 16228 -8.010845452304659E-4 0.0027113630761646536
3 8 0 0 69 -4.0 69 -1.0 -0.057971014492753624
4 8 1 0 0 -3.0 116 0.0 -0.02586206896551724
5 15 1 0 0 94.0 94 0.0 1.0
5 0 -1718471918 0 -5.0 1500 200182 6
0 19 0 0 2 -598.0 21981 -9.098767117055639E-5 -0.02720531367999636
1 4 0 0 117 -1578.0 123766 -9.453323206696508E-4 -0.012749866683903495
2 5 0 0 82 10.0 53223 -0.0015406872968453489 1.8788869473723767E-4
3 8 0 0 229 -1.0 229 -1.0 -0.004366812227074236
4 8 1 0 5 0.0 140 -0.03571428571428571 0.0
5 15 1 0 0 843.0 843 0.0 1.0
5 0 -1938922715 0 -4.0 1332 158649 6
0 19 0 0 16 -559.0 11328 -0.0014124293785310734 -0.04934675141242938
1 4 0 0 0 -1558.0 99949 0.0 -0.015587949854425758
2 5 0 0 110 -4.0 45860 -0.002398604448320977 -8.722197993894462E-5
3 8 0 0 304 1.0 304 -1.0 0.003289473684210526
4 8 1 0 17 -1.0 428 -0.0397196261682243 -0.002336448598130841
5 15 1 0 1 934.0 780 -0.001282051282051282 1.1974358974358974
5 0 790266495 0 -10.0 1120 128717 6
0 19 0 0 19 -285.0 12870 -0.0014763014763014763 -0.022144522144522144
1 4 0 0 41 -1351.0 55950 -7.327971403038427E-4 -0.02414655942806077
2 5 0 0 66 -156.0 58645 -0.001125415636456646 -0.0026600733225338904
3 8 0 0 247 -15.0 247 -1.0 -0.06072874493927125
4 8 1 0 10 -34.0 531 -0.018832391713747645 -0.064030131826742
5 15 1 0 1 570.0 474 -0.002109704641350211 1.2025316455696202
5 0 180548690 0 -11.0 1309 158329 7
0 18 0 0 12 -138.0 19298 -6.218260959684941E-4 -0.007151000103637683
1 19 0 0 25 -283.0 27037 -9.24658800902467E-4 -0.010467137626215926
2 4 0 0 8 -1167.0 73236 -1.0923589491506909E-4 -0.015934786170735703
3 5 0 0 32 -194.0 37874 -8.449067962190421E-4 -0.005122247452077943
4 8 0 0 224 -4.0 224 -1.0 -0.017857142857142856
5 8 1 0 14 -29.0 256 -0.0546875 -0.11328125
6 15 1 0 0 404.0 404 0.0 1.0
5 0 1057490151 0 -13.0 937 117915 6
0 19 0 0 5 -525.0 22576 -2.2147413182140325E-4 -0.023254783841247344
1 4 0 0 50 -1023.0 75065 -6.660893891960301E-4 -0.013628188902950776
2 5 0 0 58 -342.0 19781 -0.0029321065669076387 -0.017289318032455387
3 8 0 0 211 -15.0 211 -1.0 -0.07109004739336493
4 8 1 0 5 -1.0 5 -1.0 -0.2
5 15 1 0 0 326.0 277 0.0 1.1768953068592058
5 0 250435112 0 -18.0 885 113051 4
0 19 0 0 92 -450.0 36900 -0.0024932249322493225 -0.012195121951219513
1 4 0 0 60 -1496.0 75136 -7.985519591141397E-4 -0.019910562180579218
2 8 0 0 409 -15.0 409 -1.0 -0.03667481662591687
3 8 1 0 46 -35.0 606 -0.07590759075907591 -0.057755775577557754
5 0 204291223 0 -13.0 1015 124143 6
0 19 0 0 8 -254.0 13293 -6.018205070337771E-4 -0.019107801098322424
1 4 0 0 13 -1019.0 88013 -1.4770545260359266E-4 -0.011577835092543147
2 5 0 0 48 -557.0 21938 -0.002187984319445711 -0.025389734706901267
3 8 0 0 106 -1.0 106 -1.0 -0.009433962264150943
4 8 1 0 3 -10.0 471 -0.006369426751592357 -0.021231422505307854
5 15 1 0 0 322.0 322 0.0 1.0
5 0 -1821737169 0 -18.0 838 109771 4
0 19 0 0 32 -325.0 13559 -0.002360056051331219 -0.023969319271332695
1 4 0 0 28 -1864.0 95268 -2.939077129781249E-4 -0.01956585632111517
2 8 0 0 511 -16.0 511 -1.0 -0.03131115459882583
3 8 1 0 21 -44.0 433 -0.04849884526558892 -0.10161662817551963
5 1 -1093589124 0 3.0 1500 54567 7
0 18 0 0 60 -58.0 17377 -0.0034528399608678138 -0.0033377452955055532
1 19 0 0 10 -10.0 3152 -0.0031725888324873096 -0.0031725888324873096
2 4 0 0 4 -95.0 14144 -2.828054298642534E-4 -0.0067166289592760185
3 5 0 0 30 -46.0 17698 -0.0016951067917278788 -0.002599163747316081
4 8 0 0 458 -3.0 458 -1.0 -0.006550218340611353
5 8 1 0 15 -1.0 346 -0.04335260115606936 -0.002890173410404624
6 15 1 0 6 1460.0 1392 -0.004310344827586207 1.0488505747126438
5 1 1830730712 0 -10.0 1103 40657 6
0 19 0 0 15 -166.0 8036 -0.0018666002986560478 -0.020657043305126927
1 4 0 0 7 -310.0 20383 -3.4342344110287984E-4 -0.015208752391698966
2 5 0 0 45 -39.0 10034 -0.0044847518437313135 -0.0038867849312338052
3 8 0 0 726 -34.0 726 -1.0 -0.046831955922865015
4 8 1 0 41 -78.0 807 -0.05080545229244114 -0.09665427509293681
5 15 1 0 4 664.0 671 -0.005961251862891207 0.9895678092399404
5 1 -1870273400 0 -9.0 944 35468 7
0 18 0 0 27 -160.0 11772 -0.0022935779816513763 -0.013591573224600747
1 19 0 0 16 -45.0 1723 -0.009286128845037725 -0.0261172373766686
2 4 0 0 37 -164.0 16788 -0.002203955206099595 -0.00976888253514415
3 5 0 0 14 -51.0 3495 -0.004005722460658083 -0.014592274678111588
4 8 0 0 636 35.0 636 -1.0 0.055031446540880505
5 8 1 0 21 -25.0 242 -0.08677685950413223 -0.10330578512396695
6 15 1 0 25 903.0 812 -0.03078817733990148 1.1120689655172413
5 1 1389145858 0 -15.0 1266 50424 7
0 18 0 0 1 -22.0 3613 -2.767783005812344E-4 -0.006089122612787158
1 19 0 0 42 -211.0 11942 -0.0035169988276670576 -0.017668732205660693
2 4 0 0 3 -423.0 27597 -1.0870746820306555E-4 -0.015327753016632242
3 5 0 0 29 -3.0 5110 -0.005675146771037182 -5.870841487279843E-4
4 8 0 0 661 -17.0 661 -1.0 -0.025718608169440244
5 8 1 0 33 -65.0 1194 -0.02763819095477387 -0.05443886097152429
6 15 1 0 1 320.0 307 -0.003257328990228013 1.0423452768729642
5 1 -1422189634 0 10.0 1500 47109 6
0 19 0 0 3 4.0 1754 -0.0017103762827822121 0.002280501710376283
1 4 0 0 0 -152.0 23684 0.0 -0.006417834825198446
2 5 0 0 84 -31.0 20380 -0.0041216879293424925 -0.001521099116781158
3 8 0 0 225 -1.0 225 -1.0 -0.0044444444444444444
4 8 1 0 10 0.0 123 -0.08130081300813008 0.0
5 15 1 0 1 940.0 943 -0.0010604453870625664 0.9968186638388123
5 1 2094191345 0 -10.0 1120 43809 6
0 19 0 0 68 -476.0 14105 -0.0048209854661467565 -0.0337468982630273
1 4 0 0 27 -337.0 23985 -0.001125703564727955 -0.014050448196789661
2 5 0 0 27 -120.0 4000 -0.00675 -0.03
3 8 0 0 422 -5.0 422 -1.0 -0.011848341232227487
4 8 1 0 6 -54.0 912 -0.006578947368421052 -0.05921052631578947
5 15 1 0 0 506.0 385 0.0 1.3142857142857143
5 1 1808865827 0 -12.0 969 36927 6
0 19 0 0 33 -66.0 6881 -0.004795814561836942 -0.009591629123673884
1 4 0 0 5 -286.0 24102 -2.0745166376234336E-4 -0.011866235167206042
2 5 0 0 45 -19.0 3641 -0.012359241966492723 -0.005218346608074705
3 8 0 0 1149 -18.0 1149 -1.0 -0.015665796344647518
4 8 1 0 18 -116.0 537 -0.0335195530726257 -0.21601489757914338
5 15 1 0 5 614.0 617 -0.008103727714748784 0.9951377633711507
5 1 -993906896 0 9.0 1500 48732 7
0 18 0 0 0 -24.0 6031 0.0 -0.003979439562261648
1 19 0 0 7 -37.0 4389 -0.001594896331738437 -0.008430166324903166
2 4 0 0 1 -14.0 10983 -9.104980424292088E-5 -0.0012746972594008922
3 5 0 0 142 -119.0 25721 -0.00552078068504335 -0.004626569729015202
4 8 0 0 438 0.0 438 -1.0 0.0
5 8 1 0 10 -1.0 354 -0.02824858757062147 -0.002824858757062147
6 15 1 0 1 816.0 816 -0.0012254901960784314 1.0
5 1 1075337550 0 -1.0 1500 58788 7
0 18 0 0 16 -200.0 8808 -0.0018165304268846503 -0.022706630336058128
1 19 0 0 6 -173.0 8737 -6.867345770859563E-4 -0.019800846972645073
2 4 0 0 59 -224.0 24520 -0.002406199021207178 -0.009135399673735726
3 5 0 0 51 -151.0 14257 -0.003577190152205934 -0.010591288489864627
4 8 0 0 398 -8.0 398 -1.0 -0.020100502512562814
5 8 1 0 8 -27.0 1127 -0.00709849157054126 -0.023957409050576754
6 15 1 0 2 942.0 941 -0.0021253985122210413 1.0010626992561105
5 1 1633998085 0 9.0 1500 44518 6
0 19 0 0 0 -40.0 4120 0.0 -0.009708737864077669
1 4 0 0 64 -49.0 20174 -0.0031724001189650046 -0.0024288688410825814
2 5 0 0 51 -6.0 19095 -0.002670856245090338 -3.1421838177533385E-4
3 8 0 0 306 0.0 306 -1.0 0.0
4 8 1 0 9 0.0 98 -0.09183673469387756 0.0
5 15 1 0 0 725.0 725 0.0 1.0
5 1 -831700885 0 -5.0 1500 58934 7
0 18 0 0 0 -53.0 1393 0.0 -0.03804737975592247
1 19 0 0 9 -144.0 13815 -6.514657980456026E-4 -0.010423452768729642
2 4 0 0 52 -573.0 34741 -0.0014967905356783051 -0.016493480325839787
3 5 0 0 23 -69.0 7162 -0.0032113934655124267 -0.00963418039653728
4 8 0 0 599 -19.0 599 -1.0 -0.03171953255425709
5 8 1 0 26 -14.0 666 -0.03903903903903904 -0.021021021021021023
6 15 1 0 1 631.0 558 -0.0017921146953405018 1.1308243727598566
5 1 905762390 0 -6.0 1253 47162 7
0 18 0 0 11 -91.0 15132 -7.269362939466032E-4 -0.006013745704467354
1 19 0 0 6 -22.0 1779 -0.003372681281618887 -0.012366498032602586
2 4 0 0 27 -174.0 15562 -0.0017349955018635137 -0.011181082123120422
3 5 0 0 88 -93.0 12210 -0.007207207207207207 -0.007616707616707617
4 8 0 0 852 -26.0 852 -1.0 -0.03051643192488263
5 8 1 0 22 -60.0 875 -0.025142857142857144 -0.06857142857142857
6 15 1 0 0 783.0 752 0.0 1.0412234042553192
5 1 -1679761202 0 -6.0 1173 41016 6
0 19 0 0 8 -17.0 1430 -0.005594405594405594 -0.011888111888111888
1 4 0 0 5 -334.0 28001 -1.785650512481697E-4 -0.011928145423377737
2 5 0 0 42 10.0 9216 -0.004557291666666667 0.0010850694444444445
3 8 0 0 854 -54.0 854 -1.0 -0.06323185011709602
4 8 1 0 26 -29.0 643 -0.04043545878693624 -0.04510108864696734
5 15 1 0 1 842.0 872 -0.0011467889908256881 0.9655963302752294
5 1 -1316281904 0 -7.0 1290 52878 7
0 18 0 0 112 -252.0 18210 -0.006150466776496431 -0.013838550247116969
1 19 0 0 15 -27.0 2201 -0.0068150840527033164 -0.01226715129486597
2 4 0 0 1 -329.0 25267 -3.957731428345273E-5 -0.013020936399255946
3 5 0 0 22 -2.0 5519 -0.003986229389382134 -3.623844899438304E-4
4 8 0 0 765 -20.0 765 -1.0 -0.026143790849673203
5 8 1 0 36 -12.0 231 -0.15584415584415584 -0.05194805194805195
6 15 1 0 4 797.0 685 -0.00583941605839416 1.1635036496350364
5 1 1861612044 0 9.0 1500 50443 6
0 19 0 0 8 -87.0 8805 -9.085746734809767E-4 -0.009880749574105622
1 4 0 0 51 -150.0 17951 -0.002841067350008356 -0.008356080441201048
2 5 0 0 67 44.0 22302 -0.0030042148686216484 0.0019729172271545155
3 8 0 0 404 -23.0 404 -1.0 -0.05693069306930693
4 8 1 0 7 -1.0 290 -0.02413793103448276 -0.0034482758620689655
5 15 1 0 0 691.0 691 0.0 1.0
5 1 1806968703 0 -12.0 1117 36724 7
0 18 0 0 0 0.0 1 0.0 0.0
1 19 0 0 25 -73.0 3994 -0.006259389083625438 -0.01827741612418628
2 4 0 0 5 -434.0 19510 -2.5627883136852895E-4 -0.022245002562788312
3 5 0 0 134 11.0 11847 -0.011310880391660337 9.285051067780873E-4
4 8 0 0 453 -9.0 453 -1.0 -0.019867549668874173
5 8 1 0 8 -27.0 615 -0.013008130081300813 -0.04390243902439024
6 15 1 0 1 314.0 304 -0.003289473684210526 1.0328947368421053
5 1 1973952506 0 -8.0 1268 45260 6
0 19 0 0 6 13.0 5308 -0.0011303692539562924 0.0024491333835719668
1 4 0 0 4 -197.0 26131 -1.5307489189085761E-4 -0.007538938425624737
2 5 0 0 93 -195.0 11696 -0.007951436388508893 -0.016672366621067032
3 8 0 0 731 -8.0 731 -1.0 -0.01094391244870041
4 8 1 0 21 -38.0 760 -0.02763157894736842 -0.05
5 15 1 0 1 732.0 634 -0.0015772870662460567 1.1545741324921135
5 1 -429688782 0 5.0 1500 53327 7
0 18 0 0 2 -76.0 12849 -1.5565413650867773E-4 -0.005914857187329753
1 19 0 0 8 -5.0 5978 -0.0013382402141184342 -8.364001338240214E-4
2 4 0 0 0 -201.0 19229 0.0 -0.010452961672473868
3 5 0 0 102 13.0 13245 -0.007701019252548132 9.815024537561344E-4
4 8 0 0 364 7.0 364 -1.0 0.019230769230769232
5 8 1 0 19 -16.0 498 -0.03815261044176707 -0.0321285140562249
6 15 1 0 8 1198.0 1164 -0.006872852233676976 1.029209621993127
5 1 -426887883 0 8.0 1500 49406 7
0 18 0 0 0 -29.0 6317 0.0 -0.004590786765869875
1 19 0 0 0 -3.0 6994 0.0 -4.2893909064912783E-4
2 4 0 0 1 -102.0 12987 -7.7000077000077E-5 -0.007854007854007854
3 5 0 0 88 26.0 21744 -0.004047093451066961 0.0011957321559970568
4 8 0 0 227 -2.0 227 -1.0 -0.00881057268722467
5 8 1 0 12 -3.0 367 -0.0326975476839237 -0.008174386920980926
6 15 1 0 1 860.0 770 -0.0012987012987012987 1.1168831168831168
5 1 530388638 0 -3.0 1500 57081 7
0 18 0 0 51 -192.0 14854 -0.0034334186077824157 -0.012925811229298506
1 19 0 0 16 -27.0 2375 -0.006736842105263158 -0.01136842105263158
2 4 0 0 56 -328.0 26139 -0.0021423925934427484 -0.012548299475878955
3 5 0 0 42 25.0 12031 -0.0034909816307871332 0.0020779652564209125
4 8 0 0 534 -10.0 534 -1.0 -0.018726591760299626
5 8 1 0 24 -6.0 515 -0.04660194174757282 -0.011650485436893204
6 15 1 0 1 754.0 633 -0.001579778830963665 1.1911532385466035
5 2 -1759405289 0 -18.0 909 1970 4
0 19 0 0 0 -1.0 221 0.0 -0.004524886877828055
1 4 0 0 3 -30.0 1674 -0.0017921146953405018 -0.017921146953405017
2 8 0 0 62 -1.0 62 -1.0 -0.016129032258064516
3 8 1 0 1 -2.0 13 -0.07692307692307693 -0.15384615384615385
5 2 86476884 0 -18.0 901 1999 5
0 19 0 0 5 -18.0 309 -0.016181229773462782 -0.05825242718446602
1 4 0 0 6 -27.0 1470 -0.004081632653061225 -0.018367346938775512
2 5 0 0 1 -2.0 125 -0.008 -0.016
3 8 0 0 82 -4.0 82 -1.0 -0.04878048780487805
4 8 1 0 1 0.0 13 -0.07692307692307693 0.0
5 2 496525467 0 -16.0 994 2228 6
0 19 0 0 1 -7.0 323 -0.0030959752321981426 -0.021671826625386997
1 4 0 0 1 -18.0 1382 -7.23589001447178E-4 -0.013024602026049204
2 5 0 0 3 -8.0 449 -0.0066815144766146995 -0.017817371937639197
3 8 0 0 45 -1.0 45 -1.0 -0.022222222222222223
4 8 1 0 5 -1.0 23 -0.21739130434782608 -0.043478260869565216
5 15 1 0 0 10.0 6 0.0 1.6666666666666667
5 2 2010262061 0 -17.0 959 2124 5
0 19 0 0 0 -2.0 354 0.0 -0.005649717514124294
1 4 0 0 3 -31.0 1731 -0.0017331022530329288 -0.017908723281340265
2 8 0 0 26 -1.0 26 -1.0 -0.038461538461538464
3 8 1 0 1 0.0 7 -0.14285714285714285 0.0
4 15 1 0 0 6.0 6 0.0 1.0
5 2 2093366317 0 -15.0 810 1800 5
0 19 0 0 0 -2.0 328 0.0 -0.006097560975609756
1 4 0 0 3 -26.0 1394 -0.002152080344332855 -0.018651362984218076
2 8 0 0 56 -3.0 56 -1.0 -0.05357142857142857
3 8 1 0 2 0.0 10 -0.2 0.0
4 15 1 0 0 18.0 12 0.0 1.5
5 2 355810808 0 -18.0 879 1759 2
0 5 0 0 5 -39.0 1720 -0.0029069767441860465 -0.022674418604651164
1 8 0 0 39 -4.0 39 -1.0 -0.10256410256410256
5 2 -713855778 0 -18.0 1059 2335 4
0 19 0 0 4 -4.0 251 -0.01593625498007968 -0.01593625498007968
1 4 0 0 1 -27.0 1994 -5.015045135406219E-4 -0.01354062186559679
2 8 0 0 77 0.0 77 -1.0 0.0
3 8 1 0 1 -2.0 13 -0.07692307692307693 -0.15384615384615385
5 2 760264241 0 -16.0 1010 2243 6
0 19 0 0 1 -10.0 451 -0.0022172949002217295 -0.022172949002217297
1 4 0 0 3 -28.0 1507 -0.0019907100199071004 -0.0185799601857996
2 5 0 0 1 0.0 219 -0.0045662100456621 0.0
3 8 0 0 35 -8.0 35 -1.0 -0.22857142857142856
4 8 1 0 1 0.0 25 -0.04 0.0
5 15 1 0 0 12.0 6 0.0 2.0
5 2 -1255048887 0 -18.0 965 2196 4
0 19 0 0 4 -9.0 352 -0.011363636363636364 -0.02556818181818182
1 4 0 0 7 -35.0 1742 -0.004018369690011481 -0.020091848450057407
2 8 0 0 81 -4.0 81 -1.0 -0.04938271604938271
3 8 1 0 4 0.0 21 -0.19047619047619047 0.0
5 2 -1166093260 0 -18.0 942 2024 4
0 19 0 0 9 -11.0 176 -0.05113636363636364 -0.0625
1 4 0 0 2 -36.0 1816 -0.0011013215859030838 -0.019823788546255508
2 8 0 0 26 0.0 26 -1.0 0.0
3 8 1 0 0 0.0 6 0.0 0.0
5 2 2085610579 0 -18.0 914 1842 2
0 5 0 0 8 -33.0 1794 -0.004459308807134894 -0.01839464882943144
1 8 0 0 48 -2.0 48 -1.0 -0.041666666666666664
5 2 -1444833660 0 -17.0 862 1720 6
0 19 0 0 0 0.0 8 0.0 0.0
1 4 0 0 5 -31.0 1189 -0.004205214465937763 -0.02607232968881413
2 5 0 0 1 -2.0 449 -0.0022271714922048997 -0.004454342984409799
3 8 0 0 65 -5.0 65 -1.0 -0.07692307692307693
4 8 1 0 3 0.0 3 -1.0 0.0
5 15 1 0 0 5.0 6 0.0 0.8333333333333334
5 2 2112236091 0 -18.0 889 1974 4
0 19 0 0 3 -8.0 268 -0.011194029850746268 -0.029850746268656716
1 4 0 0 4 -31.0 1650 -0.0024242424242424242 -0.018787878787878787
2 8 0 0 20 -1.0 20 -1.0 -0.05
3 8 1 0 3 -2.0 36 -0.08333333333333333 -0.05555555555555555
5 2 -1529831149 0 -18.0 858 1893 4
0 19 0 0 6 -5.0 286 -0.02097902097902098 -0.017482517482517484
1 4 0 0 3 -28.0 1563 -0.0019193857965451055 -0.017914267434420986
2 8 0 0 32 -1.0 32 -1.0 -0.03125
3 8 1 0 1 0.0 12 -0.08333333333333333 0.0
5 2 -1293659534 0 -18.0 906 1840 2
0 5 0 0 9 -34.0 1763 -0.005104934770277935 -0.019285309132161088
1 8 0 0 77 -1.0 77 -1.0 -0.012987012987012988
5 2 1232411768 0 -18.0 816 1784 4
0 19 0 0 0 -4.0 257 0.0 -0.01556420233463035
1 4 0 0 3 -28.0 1469 -0.0020422055820285907 -0.01906058543226685
2 8 0 0 45 -2.0 45 -1.0 -0.044444444444444446
3 8 1 0 1 0.0 13 -0.07692307692307693 0.0
5 2 -776310558 0 -17.0 928 1954 6
0 19 0 0 16 -3.0 279 -0.05734767025089606 -0.010752688172043012
1 4 0 0 5 -31.0 1469 -0.0034036759700476512 -0.02110279101429544
2 5 0 0 1 0.0 107 -0.009345794392523364 0.0
3 8 0 0 80 -5.0 80 -1.0 -0.0625
4 8 1 0 1 0.0 13 -0.07692307692307693 0.0
5 15 1 0 0 6.0 6 0.0 1.0
5 2 -245663826 0 -16.0 1107 2478 6
0 19 0 0 0 3.0 327 0.0 0.009174311926605505
1 4 0 0 4 -32.0 1981 -0.0020191822311963654 -0.016153457849570924
2 5 0 0 1 -1.0 24 -0.041666666666666664 -0.041666666666666664
3 8 0 0 113 -5.0 113 -1.0 -0.04424778761061947
4 8 1 0 4 -2.0 27 -0.14814814814814814 -0.07407407407407407
5 15 1 0 0 12.0 6 0.0 2.0
5 2 1809663349 0 -18.0 997 2146 4
0 19 0 0 2 -12.0 258 -0.007751937984496124 -0.046511627906976744
1 4 0 0 2 -34.0 1869 -0.001070090957731407 -0.01819154628143392
2 8 0 0 11 0.0 11 -1.0 0.0
3 8 1 0 0 0.0 8 0.0 0.0
5 2 -1761678836 0 -18.0 1023 2265 4
0 19 0 0 1 -6.0 360 -0.002777777777777778 -0.016666666666666666
1 4 0 0 1 -30.0 1891 -5.288207297726071E-4 -0.015864621893178214
2 8 0 0 2 -2.0 2 -1.0 -1.0
3 8 1 0 0 0.0 12 0.0 0.0
5 3 -321744686 0 -2.0 1070 20707 7
0 18 0 0 0 10.0 941 0.0 0.010626992561105207
1 19 0 0 4 -29.0 3135 -0.0012759170653907496 -0.009250398724082934
2 4 0 0 0 -155.0 7625 0.0 -0.020327868852459016
3 5 0 0 85 32.0 7171 -0.011853298005856924 0.004462418072793195
4 8 0 0 861 -8.0 861 -1.0 -0.009291521486643438
5 8 1 0 38 0.0 516 -0.07364341085271318 0.0
6 15 1 0 0 461.0 458 0.0 1.0065502183406114
5 3 1992624223 0 0.0 756 15511 7
0 18 0 0 0 9.0 3227 0.0 0.0027889680818097306
1 19 0 0 0 -7.0 868 0.0 -0.008064516129032258
2 4 0 0 0 12.0 4042 0.0 0.0029688273132112814
3 5 0 0 42 -54.0 6608 -0.006355932203389831 -0.008171912832929782
4 8 0 0 160 -4.0 160 -1.0 -0.025
5 8 1 0 3 -5.0 262 -0.011450381679389313 -0.019083969465648856
6 15 1 0 0 344.0 344 0.0 1.0
5 3 891630970 0 3.0 561 13034 7
0 18 0 0 12 2.0 4309 -0.002784868879090276 4.641448131817127E-4
1 19 0 0 2 -10.0 1049 -0.0019065776930409914 -0.009532888465204958
2 4 0 0 0 -51.0 3210 0.0 -0.01588785046728972
3 5 0 0 3 15.0 3720 -8.064516129032258E-4 0.004032258064516129
4 8 0 0 258 0.0 258 -1.0 0.0
5 8 1 0 26 0.0 149 -0.174496644295302 0.0
6 15 1 0 0 339.0 339 0.0 1.0
5 3 886948410 0 -1.0 85 1488 3
0 4 0 0 1 -13.0 763 -0.001310615989515072 -0.01703800786369594
1 5 0 0 14 0.0 467 -0.029978586723768737 0.0
2 8 0 0 258 -5.0 258 -1.0 -0.01937984496124031
5 3 -2078445678 0 4.0 462 8021 6
0 19 0 0 2 0.0 780 -0.002564102564102564 0.0
1 4 0 0 0 -5.0 3796 0.0 -0.0013171759747102212
2 5 0 0 61 13.0 2926 -0.020847573479152427 0.004442925495557075
3 8 0 0 399 -1.0 399 -1.0 -0.002506265664160401
4 8 1 0 12 0.0 38 -0.3157894736842105 0.0
5 15 1 0 0 82.0 82 0.0 1.0
5 3 1599723455 0 -4.0 1170 27882 6
0 19 0 0 1 -15.0 7675 -1.302931596091205E-4 -0.001954397394136808
1 4 0 0 10 -225.0 15951 -6.269199423233653E-4 -0.01410569870227572
2 5 0 0 26 -26.0 1400 -0.018571428571428572 -0.018571428571428572
3 8 0 0 901 -32.0 901 -1.0 -0.03551609322974473
4 8 1 0 23 -48.0 1023 -0.022482893450635387 -0.0469208211143695
5 15 1 0 0 1026.0 932 0.0 1.1008583690987124
5 3 400457362 0 -4.0 291 4703 6
0 19 0 0 0 4.0 377 0.0 0.010610079575596816
1 4 0 0 0 -21.0 2318 0.0 -0.0090595340811044
2 5 0 0 8 0.0 1813 -0.00441257584114727 0.0
3 8 0 0 95 0.0 95 -1.0 0.0
4 8 1 0 0 -2.0 9 0.0 -0.2222222222222222
5 15 1 0 0 91.0 91 0.0 1.0
5 3 -1609609918 0 -10.0 979 18515 7
0 18 0 0 0 0.0 1 0.0 0.0
1 19 0 0 0 -40.0 1275 0.0 -0.03137254901960784
2 4 0 0 1 -99.0 8941 -1.1184431271669836E-4 -0.011072586958953138
3 5 0 0 75 -104.0 6449 -0.011629710032563188 -0.01612653124515429
4 8 0 0 842 -8.0 842 -1.0 -0.009501187648456057
5 8 1 0 23 -15.0 748 -0.03074866310160428 -0.020053475935828877
6 15 1 0 0 259.0 259 0.0 1.0
5 3 1182028754 0 0.0 29 488 3
0 4 0 0 0 0.0 8 0.0 0.0
1 5 0 0 31 0.0 289 -0.10726643598615918 0.0
2 8 0 0 191 0.0 191 -1.0 0.0
5 3 1417480045 0 -1.0 737 13884 6
0 19 0 0 27 -13.0 1686 -0.01601423487544484 -0.00771055753262159
1 4 0 0 1 -39.0 6179 -1.618384851917786E-4 -0.006311700922479365
2 5 0 0 40 -58.0 5150 -0.007766990291262136 -0.011262135922330097
3 8 0 0 389 -2.0 389 -1.0 -0.005141388174807198
4 8 1 0 3 -3.0 126 -0.023809523809523808 -0.023809523809523808
5 15 1 0 0 354.0 354 0.0 1.0
5 3 -391250776 0 0.0 71 1454 3
0 4 0 0 0 -1.0 545 0.0 -0.001834862385321101
1 5 0 0 27 0.0 528 -0.05113636363636364 0.0
2 8 0 0 381 -4.0 381 -1.0 -0.010498687664041995
5 3 1126692801 0 -5.0 1324 25735 6
0 19 0 0 16 -24.0 2566 -0.006235385814497272 -0.009353078721745909
1 4 0 0 1 -57.0 10647 -9.392317084624777E-5 -0.005353620738236123
2 5 0 0 62 -29.0 10358 -0.005985711527321877 -0.002799768295037652
3 8 0 0 670 -9.0 670 -1.0 -0.013432835820895522
4 8 1 0 24 -32.0 672 -0.03571428571428571 -0.047619047619047616
5 15 1 0 0 894.0 822 0.0 1.0875912408759123
5 3 711170781 0 -2.0 748 14949 6
0 19 0 0 25 -34.0 2948 -0.008480325644504749 -0.011533242876526458
1 4 0 0 1 -87.0 7346 -1.361285053090117E-4 -0.01184317996188402
2 5 0 0 29 16.0 3810 -0.007611548556430446 0.004199475065616798
3 8 0 0 595 -27.0 595 -1.0 -0.0453781512605042
4 8 1 0 9 0.0 29 -0.3103448275862069 0.0
5 15 1 0 1 313.0 221 -0.004524886877828055 1.416289592760181
5 3 288671732 0 -6.0 1452 27813 7
0 18 0 0 142 -7.0 1120 -0.12678571428571428 -0.00625
1 19 0 0 19 -15.0 2411 -0.007880547490667772 -0.006221484861053505
2 4 0 0 3 -169.0 11689 -2.566515527418941E-4 -0.0144580374711267
3 5 0 0 82 -47.0 10067 -0.008145425648157345 -0.004668719578821893
4 8 0 0 1385 -24.0 1385 -1.0 -0.017328519855595668
5 8 1 0 27 -6.0 663 -0.04072398190045249 -0.00904977375565611
6 15 1 0 0 468.0 478 0.0 0.9790794979079498
5 3 1054047813 0 1.0 504 8724 6
0 19 0 0 2 1.0 1087 -0.0018399264029438822 9.199632014719411E-4
1 4 0 0 0 -14.0 4408 0.0 -0.003176043557168784
2 5 0 0 17 2.0 2643 -0.006432084752175558 7.567158531971245E-4
3 8 0 0 424 -11.0 424 -1.0 -0.025943396226415096
4 8 1 0 13 -3.0 27 -0.48148148148148145 -0.1111111111111111
5 15 1 0 0 135.0 135 0.0 1.0
5 3 675896373 0 -4.0 566 11380 6
0 19 0 0 27 -23.0 3030 -0.00891089108910891 -0.007590759075907591
1 4 0 0 0 -7.0 4290 0.0 -0.0016317016317016317
2 5 0 0 35 -27.0 3348 -0.01045400238948626 -0.008064516129032258
3 8 0 0 450 -4.0 450 -1.0 -0.008888888888888889
4 8 1 0 5 -1.0 238 -0.02100840336134454 -0.004201680672268907
5 15 1 0 0 24.0 24 0.0 1.0
5 3 1503465484 0 2.0 515 9223 6
0 19 0 0 50 -23.0 680 -0.07352941176470588 -0.033823529411764704
1 4 0 0 0 -31.0 4559 0.0 -0.00679973678438254
2 5 0 0 11 4.0 3277 -0.0033567287152883735 0.0012206286237412267
3 8 0 0 310 -11.0 310 -1.0 -0.035483870967741936
4 8 1 0 18 -3.0 131 -0.13740458015267176 -0.022900763358778626
5 15 1 0 0 267.0 266 0.0 1.0037593984962405
5 3 -1453773398 0 0.0 239 4045 5
0 19 0 0 23 -5.0 205 -0.11219512195121951 -0.024390243902439025
1 4 0 0 0 -5.0 1861 0.0 -0.0026867275658248252
2 5 0 0 13 -1.0 1776 -0.00731981981981982 -5.630630630630631E-4
3 8 0 0 103 0.0 103 -1.0 0.0
4 8 1 0 7 -7.0 100 -0.07 -0.07
5 3 -1856707877 0 -9.0 876 15993 6
0 19 0 0 9 -7.0 1434 -0.006276150627615063 -0.0048814504881450485
1 4 0 0 0 -41.0 7513 0.0 -0.005457207506987888
2 5 0 0 60 -119.0 6052 -0.00991407799074686 -0.019662921348314606
3 8 0 0 519 -12.0 519 -1.0 -0.023121387283236993
4 8 1 0 14 -13.0 253 -0.05533596837944664 -0.05138339920948617
5 15 1 0 0 226.0 222 0.0 1.018018018018018
5 3 2122140864 0 -6.0 879 15742 6
0 19 0 0 0 -15.0 935 0.0 -0.016042780748663103
1 4 0 0 0 -213.0 7541 0.0 -0.028245590770454847
2 5 0 0 89 -77.0 6040 -0.014735099337748345 -0.012748344370860927
3 8 0 0 588 -18.0 588 -1.0 -0.030612244897959183
4 8 1 0 8 -3.0 259 -0.03088803088803089 -0.011583011583011582
5 15 1 0 0 343.0 379 0.0 0.9050131926121372
5 4 -1874331133 0 -7.0 1283 32553 7
0 18 0 0 25 -21.0 6726 -0.0037169194171870353 -0.0031222123104371097
1 19 0 0 13 -43.0 1983 -0.006555723651033787 -0.02168431669188099
2 4 0 0 39 -231.0 13401 -0.002910230579807477 -0.01723751958809044
3 5 0 0 52 -34.0 6674 -0.007791429427629608 -0.005094396164219359
4 8 0 0 1773 -39.0 1773 -1.0 -0.021996615905245348
5 8 1 0 78 -92.0 1336 -0.058383233532934134 -0.0688622754491018
6 15 1 0 14 741.0 660 -0.021212121212121213 1.1227272727272728
5 4 -154709027 0 3.0 1500 34608 6
0 19 0 0 45 -85.0 8343 -0.005393743257820928 -0.010188181709217307
1 4 0 0 6 -194.0 14853 -4.039587962027873E-4 -0.013061334410556789
2 5 0 0 68 21.0 8985 -0.007568169170840289 0.002337228714524207
3 8 0 0 1004 -39.0 1004 -1.0 -0.03884462151394422
4 8 1 0 27 -9.0 449 -0.060133630289532294 -0.0200445434298441
5 15 1 0 1 1155.0 974 -0.001026694045174538 1.1858316221765914
5 4 -1375498831 0 -5.0 1322 30400 6
0 19 0 0 57 -70.0 5444 -0.01047024246877296 -0.012858192505510653
1 4 0 0 3 -68.0 9788 -3.064977523498161E-4 -0.006947282386595832
2 5 0 0 113 -107.0 11943 -0.009461609310893411 -0.008959222975801725
3 8 0 0 1414 -28.0 1414 -1.0 -0.019801980198019802
4 8 1 0 93 -68.0 1235 -0.07530364372469636 -0.05506072874493927
5 15 1 0 2 607.0 576 -0.003472222222222222 1.0538194444444444
5 4 1533326663 0 -11.0 1012 22331 7
0 18 0 0 40 -59.0 3459 -0.01156403584851113 -0.017056952876553916
1 19 0 0 12 -12.0 1291 -0.009295120061967466 -0.009295120061967466
2 4 0 0 0 -53.0 6856 0.0 -0.007730455075845974
3 5 0 0 168 -188.0 9296 -0.018072289156626505 -0.020223752151462996
4 8 0 0 878 -20.0 878 -1.0 -0.022779043280182234
5 8 1 0 7 0.0 200 -0.035 0.0
6 15 1 0 1 350.0 351 -0.002849002849002849 0.9971509971509972
5 4 41349002 0 -6.0 1244 28320 7
0 18 0 0 5 -51.0 5051 -9.899029895070284E-4 -0.01009701049297169
1 19 0 0 5 -7.0 2154 -0.002321262766945218 -0.0032497678737233053
2 4 0 0 12 -101.0 13022 -9.215174320380894E-4 -0.007756105052987253
3 5 0 0 32 0.0 5610 -0.00570409982174688 0.0
4 8 0 0 1060 0.0 1060 -1.0 0.0
5 8 1 0 50 -26.0 571 -0.08756567425569177 -0.04553415061295972
6 15 1 0 16 962.0 852 -0.018779342723004695 1.1291079812206573
5 4 1950765418 0 1.0 1500 35022 7
0 18 0 0 34 -62.0 9977 -0.0034078380274631653 -0.006214292873609302
1 19 0 0 9 -10.0 1963 -0.004584819154355578 -0.005094243504839531
2 4 0 0 9 -84.0 10875 -8.275862068965517E-4 -0.007724137931034483
3 5 0 0 81 -1.0 10388 -0.007797458606083943 -9.626492106276473E-5
4 8 0 0 754 -9.0 754 -1.0 -0.011936339522546418
5 8 1 0 15 -20.0 337 -0.04451038575667656 -0.05934718100890208
6 15 1 0 0 694.0 728 0.0 0.9532967032967034
5 4 -940211830 0 -6.0 1184 27729 7
0 18 0 0 49 -27.0 3980 -0.012311557788944723 -0.0067839195979899495
1 19 0 0 19 -30.0 1928 -0.009854771784232365 -0.015560165975103735
2 4 0 0 9 -159.0 11556 -7.78816199376947E-4 -0.013759086188992731
3 5 0 0 56 -91.0 7647 -0.007323133254871191 -0.011900091539165686
4 8 0 0 1433 -37.0 1433 -1.0 -0.025819958129797628
5 8 1 0 72 -20.0 446 -0.16143497757847533 -0.04484304932735426
6 15 1 0 13 738.0 739 -0.017591339648173207 0.9986468200270636
5 4 218583623 0 -14.0 1104 27748 6
0 19 0 0 81 -119.0 6536 -0.012392900856793145 -0.018206854345165238
1 4 0 0 49 -182.0 12195 -0.004018040180401804 -0.014924149241492416
2 5 0 0 60 -117.0 6788 -0.00883912787271656 -0.01723629935179729
3 8 0 0 1627 -41.0 1627 -1.0 -0.02519975414874001
4 8 1 0 96 -1.0 291 -0.32989690721649484 -0.003436426116838488
5 15 1 0 2 421.0 311 -0.006430868167202572 1.3536977491961415
5 4 -1658196780 0 -1.0 1500 35525 6
0 19 0 0 155 -8.0 8015 -0.01933873986275733 -9.981285090455397E-4
1 4 0 0 43 -130.0 15251 -0.002819487246737919 -0.008524031211068126
2 5 0 0 82 -106.0 9273 -0.008842877170279305 -0.01143103634206837
3 8 0 0 1563 -42.0 1563 -1.0 -0.026871401151631478
4 8 1 0 72 -63.0 832 -0.08653846153846154 -0.07572115384615384
5 15 1 0 0 576.0 591 0.0 0.9746192893401016
5 4 -889881944 0 -3.0 1425 34958 7
0 18 0 0 39 -37.0 10516 -0.003708634461772537 -0.003518448079117535
1 19 0 0 2 -31.0 2816 -7.102272727272727E-4 -0.011008522727272728
2 4 0 0 10 -58.0 11877 -8.419634587858887E-4 -0.004883388060958154
3 5 0 0 94 -45.0 7416 -0.01267529665587918 -0.006067961165048544
4 8 0 0 948 -6.0 948 -1.0 -0.006329113924050633
5 8 1 0 35 -11.0 508 -0.0688976377952756 -0.021653543307086614
6 15 1 0 9 875.0 877 -0.010262257696693273 0.9977194982896237
5 4 1105554629 0 -6.0 1443 39367 7
0 18 0 0 86 -8.0 10415 -0.008257321171387421 -7.681228996639462E-4
1 19 0 0 41 -39.0 1947 -0.021058038007190548 -0.020030816640986132
2 4 0 0 67 -199.0 16615 -0.00403250075233223 -0.011977129100210654
3 5 0 0 74 -50.0 5539 -0.01335981224047662 -0.009026900162484202
4 8 0 0 3649 -45.0 3649 -1.0 -0.012332145793368046
5 8 1 0 84 -4.0 290 -0.2896551724137931 -0.013793103448275862
6 15 1 0 26 1116.0 912 -0.02850877192982456 1.2236842105263157
5 4 -349699351 0 -1.0 1500 32529 6
0 19 0 0 16 -24.0 4774 -0.0033514872224549644 -0.005027230833682447
1 4 0 0 65 -66.0 13323 -0.004878781055317871 -0.004953839225399685
2 5 0 0 104 -178.0 11587 -0.008975576076637612 -0.015362043669629757
3 8 0 0 1310 -50.0 1310 -1.0 -0.03816793893129771
4 8 1 0 29 -11.0 1000 -0.029 -0.011
5 15 1 0 0 618.0 535 0.0 1.155140186915888
5 4 1843400332 0 -7.0 1055 27725 7
0 18 0 0 58 -200.0 8189 -0.0070826718769080475 -0.024423006472096716
1 19 0 0 8 -25.0 2257 -0.003544528134692069 -0.011076650420912717
2 4 0 0 39 -206.0 9056 -0.0043065371024734985 -0.022747349823321553
3 5 0 0 63 -20.0 5965 -0.010561609388097234 -0.003352891869237217
4 8 0 0 918 -18.0 918 -1.0 -0.0196078431372549
5 8 1 0 61 -6.0 630 -0.09682539682539683 -0.009523809523809525
6 15 1 0 1 841.0 710 -0.0014084507042253522 1.184507042253521
5 4 759376918 0 -10.0 1135 23403 6
0 19 0 0 4 -13.0 2803 -0.0014270424545130217 -0.00463788797716732
1 4 0 0 2 -76.0 5372 -3.7230081906180194E-4 -0.014147431124348473
2 5 0 0 166 -118.0 13493 -0.01230267546135033 -0.008745275327947825
3 8 0 0 1064 -23.0 1064 -1.0 -0.021616541353383457
4 8 1 0 20 -21.0 275 -0.07272727272727272 -0.07636363636363637
5 15 1 0 0 523.0 396 0.0 1.3207070707070707
5 4 1279795209 0 -10.0 1084 22379 6
0 19 0 0 22 -27.0 1539 -0.014294996751137101 -0.017543859649122806
1 4 0 0 0 -111.0 6059 0.0 -0.0183198547615118
2 5 0 0 243 -163.0 12462 -0.019499277804525757 -0.013079762477932915
3 8 0 0 1452 -29.0 1452 -1.0 -0.01997245179063361
4 8 1 0 42 -10.0 555 -0.07567567567567568 -0.018018018018018018
5 15 1 0 3 307.0 312 -0.009615384615384616 0.9839743589743589
5 4 1071814770 0 -8.0 1052 20614 6
0 19 0 0 3 -14.0 1326 -0.0022624434389140274 -0.010558069381598794
1 4 0 0 2 -93.0 5673 -3.5254715318173806E-4 -0.01639344262295082
2 5 0 0 134 -192.0 11847 -0.011310880391660337 -0.016206634591035704
3 8 0 0 837 -17.0 837 -1.0 -0.02031063321385902
4 8 1 0 45 -15.0 595 -0.07563025210084033 -0.025210084033613446
5 15 1 0 0 335.0 336 0.0 0.9970238095238095
5 4 -1396653758 0 -9.0 950 23281 7
0 18 0 0 31 -88.0 5282 -0.005868989019310867 -0.016660355925785686
1 19 0 0 12 -37.0 1514 -0.007926023778071334 -0.02443857331571995
2 4 0 0 49 -148.0 9000 -0.0054444444444444445 -0.016444444444444446
3 5 0 0 31 -101.0 6010 -0.005158069883527454 -0.01680532445923461
4 8 0 0 685 -42.0 685 -1.0 -0.061313868613138686
5 8 1 0 55 -11.0 244 -0.22540983606557377 -0.045081967213114756
6 15 1 0 100 450.0 546 -0.18315018315018314 0.8241758241758241
5 4 142469920 0 -10.0 1292 27094 7
0 18 0 0 6 -10.0 1032 -0.005813953488372093 -0.009689922480620155
1 19 0 0 3 -29.0 3051 -9.832841691248771E-4 -0.00950508030154048
2 4 0 0 2 -54.0 9537 -2.097095522701059E-4 -0.005662157911292859
3 5 0 0 118 -164.0 11447 -0.010308377740892811 -0.014326897877173058
4 8 0 0 779 -9.0 779 -1.0 -0.011553273427471117
5 8 1 0 24 -18.0 882 -0.027210884353741496 -0.02040816326530612
6 15 1 0 3 353.0 366 -0.00819672131147541 0.9644808743169399
5 4 2069559822 0 0.0 1500 37578 7
0 18 0 0 13 -57.0 6717 -0.0019353878219443203 -0.008485931219294328
1 19 0 0 5 -81.0 4619 -0.001082485386447283 -0.017536263260445984
2 4 0 0 51 -132.0 10857 -0.004697430229345123 -0.0121580547112462
3 5 0 0 81 -91.0 12508 -0.006475855452510394 -0.007275343779980813
4 8 0 0 1349 -21.0 1349 -1.0 -0.015567086730911787
5 8 1 0 79 -4.0 816 -0.09681372549019608 -0.004901960784313725
6 15 1 0 1 710.0 712 -0.0014044943820224719 0.9971910112359551
5 4 761382694 0 -2.0 1465 32827 7
0 18 0 0 15 17.0 3196 -0.004693366708385482 0.005319148936170213
1 19 0 0 31 -20.0 2389 -0.01297614064462118 -0.008371703641691083
2 4 0 0 27 -75.0 10936 -0.002468910021945867 -0.006858083394294075
3 5 0 0 138 -189.0 12781 -0.010797277208356154 -0.01478757530709647
4 8 0 0 2213 -40.0 2213 -1.0 -0.01807501129688206
5 8 1 0 86 -47.0 705 -0.12198581560283688 -0.06666666666666667
6 15 1 0 1 702.0 607 -0.0016474464579901153 1.156507413509061
