9 0 1193609211 0 0.0 285 42284 2
0 0 0 0 1 0.0 42232 -2.3678727031634778E-5 0.0
1 5 0 0 0 0.0 52 0.0 0.0
9 0 -936861034 0 0.0 285 43179 2
0 0 0 0 1 0.0 43042 -2.323312113749361E-5 0.0
1 5 0 0 0 0.0 137 0.0 0.0
9 0 1541232655 0 0.0 285 42217 2
0 0 0 0 1 0.0 42152 -2.3723666729929777E-5 0.0
1 5 0 0 0 0.0 65 0.0 0.0
9 0 -142632711 0 0.0 285 43676 2
0 0 0 0 1 0.0 43605 -2.2933149868134388E-5 0.0
1 5 0 0 0 0.0 71 0.0 0.0
9 0 -1242579205 0 0.0 285 44901 2
0 0 0 0 1 0.0 44842 -2.2300521832210875E-5 0.0
1 5 0 0 0 0.0 59 0.0 0.0
9 0 -1099416801 0 0.0 285 45375 2
0 0 0 0 1 0.0 45285 -2.208236722976703E-5 0.0
1 5 0 0 0 0.0 90 0.0 0.0
9 0 1816261276 0 0.0 285 47191 2
0 0 0 0 1 0.0 47112 -2.1226014603498047E-5 0.0
1 5 0 0 0 0.0 79 0.0 0.0
9 0 552732986 0 0.0 285 46541 2
0 0 0 0 1 0.0 46466 -2.1521112211079068E-5 0.0
1 5 0 0 0 0.0 75 0.0 0.0
9 0 201840606 0 0.0 285 39452 2
0 0 0 0 1 0.0 39127 -2.555779896235336E-5 0.0
1 5 0 0 0 0.0 325 0.0 0.0
9 0 -2071984997 0 0.0 285 47940 2
0 0 0 0 1 0.0 47868 -2.0890782986546335E-5 0.0
1 5 0 0 0 0.0 72 0.0 0.0
9 0 1889341761 0 0.0 285 42671 2
0 0 0 0 1 0.0 42579 -2.3485755889053288E-5 0.0
1 5 0 0 0 0.0 92 0.0 0.0
9 0 -1411352387 0 0.0 285 40113 2
0 0 0 0 1 0.0 40024 -2.4985008994603238E-5 0.0
1 5 0 0 0 0.0 89 0.0 0.0
9 0 -878621349 0 0.0 285 40917 2
0 0 0 0 1 0.0 40842 -2.4484599187111306E-5 0.0
1 5 0 0 0 0.0 75 0.0 0.0
9 0 423674396 0 0.0 285 40574 2
0 0 0 0 1 0.0 40516 -2.468160726626518E-5 0.0
1 5 0 0 0 0.0 58 0.0 0.0
9 0 -1530314112 0 0.0 285 40561 2
0 0 0 0 1 0.0 40495 -2.469440671687863E-5 0.0
1 5 0 0 0 0.0 66 0.0 0.0
9 0 779246127 0 0.0 285 39757 2
0 0 0 0 1 0.0 39695 -2.5192089683839276E-5 0.0
1 5 0 0 0 0.0 62 0.0 0.0
9 0 921278469 0 0.0 285 37518 2
0 0 0 0 1 0.0 37445 -2.670583522499666E-5 0.0
1 5 0 0 0 0.0 73 0.0 0.0
9 0 -1427009278 0 0.0 285 38917 2
0 0 0 0 1 0.0 38858 -2.5734726439857945E-5 0.0
1 5 0 0 0 0.0 59 0.0 0.0
9 0 663321061 0 0.0 285 42481 2
0 0 0 0 1 0.0 42407 -2.35810125686797E-5 0.0
1 5 0 0 0 0.0 74 0.0 0.0
9 0 752915365 0 0.0 285 43821 2
0 0 0 0 1 0.0 43732 -2.2866550809475898E-5 0.0
1 5 0 0 0 0.0 89 0.0 0.0
9 1 -1047376390 0 0.0 285 35670 2
0 0 0 0 1 0.0 35627 -2.8068599657563083E-5 0.0
1 5 0 0 0 0.0 43 0.0 0.0
9 1 -1307481927 0 0.0 285 35966 2
0 0 0 0 1 0.0 35629 -2.8067024053439613E-5 0.0
1 5 0 0 0 0.0 337 0.0 0.0
9 1 -2012681975 0 0.0 285 36166 2
0 0 0 0 1 0.0 36118 -2.7687025859682154E-5 0.0
1 5 0 0 0 0.0 48 0.0 0.0
9 1 810062658 0 0.0 285 37287 2
0 0 0 0 0 0.0 36995 0.0 0.0
1 5 0 0 0 0.0 292 0.0 0.0
9 1 -2038912742 0 0.0 285 38550 2
0 0 0 0 1 0.0 38239 -2.6151311488271138E-5 0.0
1 5 0 0 0 0.0 311 0.0 0.0
9 1 510011074 0 0.0 285 38671 2
0 0 0 0 1 0.0 38595 -2.591009198082653E-5 0.0
1 5 0 0 0 0.0 76 0.0 0.0
9 1 1591587555 0 0.0 285 37565 2
0 0 0 0 1 0.0 37319 -2.6796002036496154E-5 0.0
1 5 0 0 0 0.0 246 0.0 0.0
9 1 1485316640 0 0.0 285 36912 2
0 0 0 0 1 0.0 36591 -2.732912464813752E-5 0.0
1 5 0 0 0 0.0 321 0.0 0.0
9 1 421547446 0 0.0 285 36997 2
0 0 0 0 1 0.0 36833 -2.7149566964406918E-5 0.0
1 5 0 0 0 0.0 164 0.0 0.0
9 1 683720247 0 0.0 285 36029 2
0 0 0 0 1 0.0 35977 -2.7795536036912473E-5 0.0
1 5 0 0 0 0.0 52 0.0 0.0
9 1 -601038484 0 0.0 285 37996 2
0 0 0 0 1 0.0 37937 -2.6359490734639007E-5 0.0
1 5 0 0 0 0.0 59 0.0 0.0
9 1 -107509177 0 0.0 285 35833 2
0 0 0 0 1 0.0 35498 -2.8170601160628767E-5 0.0
1 5 0 0 0 0.0 335 0.0 0.0
9 1 1495096187 0 0.0 285 35610 2
0 0 0 0 1 0.0 35343 -2.8294145941204766E-5 0.0
1 5 0 0 0 0.0 267 0.0 0.0
9 1 -1183770983 0 0.0 285 37536 2
0 0 0 0 0 0.0 37248 0.0 0.0
1 5 0 0 0 0.0 288 0.0 0.0
9 1 1949654472 0 0.0 285 37549 2
0 0 0 0 1 0.0 37492 -2.667235676944415E-5 0.0
1 5 0 0 0 0.0 57 0.0 0.0
9 1 -1042650641 0 0.0 285 38615 2
0 0 0 0 1 0.0 38558 -2.593495513252762E-5 0.0
1 5 0 0 0 0.0 57 0.0 0.0
9 1 -2062462511 0 0.0 285 32702 2
0 0 0 0 1 0.0 32604 -3.067108330266225E-5 0.0
1 5 0 0 0 0.0 98 0.0 0.0
9 1 -165092880 0 0.0 285 39224 2
0 0 0 0 1 0.0 38867 -2.5728767334756992E-5 0.0
1 5 0 0 0 0.0 357 0.0 0.0
9 1 -239578813 0 0.0 285 38308 2
0 0 0 0 1 0.0 38233 -2.6155415478774882E-5 0.0
1 5 0 0 0 0.0 75 0.0 0.0
9 1 -63628647 0 0.0 285 38375 2
0 0 0 0 1 0.0 38204 -2.6175269605276935E-5 0.0
1 5 0 0 0 0.0 171 0.0 0.0
9 2 1513232357 0 0.0 60 183 1
0 0 0 0 1 0.0 183 -0.00546448087431694 0.0
9 2 -1101823200 0 0.0 60 183 1
0 0 0 0 1 0.0 183 -0.00546448087431694 0.0
9 2 -1299217268 0 0.0 60 183 1
0 0 0 0 1 0.0 183 -0.00546448087431694 0.0
9 2 1561721613 0 0.0 60 183 1
0 0 0 0 1 0.0 183 -0.00546448087431694 0.0
9 2 1275808989 0 0.0 60 183 1
0 0 0 0 1 0.0 183 -0.00546448087431694 0.0
9 2 -1756181241 0 0.0 60 183 1
0 0 0 0 1 0.0 183 -0.00546448087431694 0.0
9 2 591078187 0 0.0 60 183 1
0 0 0 0 1 0.0 183 -0.00546448087431694 0.0
9 2 -206818748 0 0.0 60 183 1
0 0 0 0 1 0.0 183 -0.00546448087431694 0.0
9 2 -699518744 0 0.0 60 183 1
0 0 0 0 1 0.0 183 -0.00546448087431694 0.0
9 2 1145388999 0 0.0 60 183 1
0 0 0 0 1 0.0 183 -0.00546448087431694 0.0
9 2 -2060040311 0 0.0 60 183 1
0 0 0 0 1 0.0 183 -0.00546448087431694 0.0
9 2 32142832 0 0.0 60 183 1
0 0 0 0 1 0.0 183 -0.00546448087431694 0.0
9 2 -2037743055 0 0.0 60 183 1
0 0 0 0 1 0.0 183 -0.00546448087431694 0.0
9 2 431174417 0 0.0 60 183 1
0 0 0 0 1 0.0 183 -0.00546448087431694 0.0
9 2 -1684114417 0 0.0 60 183 1
0 0 0 0 1 0.0 183 -0.00546448087431694 0.0
9 2 -359816318 0 0.0 60 183 1
0 0 0 0 1 0.0 183 -0.00546448087431694 0.0
9 2 736591916 0 0.0 60 183 1
0 0 0 0 1 0.0 183 -0.00546448087431694 0.0
9 2 -699495034 0 0.0 60 183 1
0 0 0 0 1 0.0 183 -0.00546448087431694 0.0
9 2 1214594880 0 0.0 60 183 1
0 0 0 0 1 0.0 183 -0.00546448087431694 0.0
9 2 -1705499508 0 0.0 60 183 1
0 0 0 0 1 0.0 183 -0.00546448087431694 0.0
9 3 -435706024 0 0.0 285 23528 2
0 0 0 0 0 0.0 23212 0.0 0.0
1 5 0 0 0 0.0 316 0.0 0.0
9 3 -1056778314 0 0.0 285 24814 2
0 0 0 0 1 0.0 24644 -4.057782827463074E-5 0.0
1 5 0 0 0 0.0 170 0.0 0.0
9 3 687220530 0 0.0 285 26215 2
0 0 0 0 1 0.0 25920 -3.8580246913580246E-5 0.0
1 5 0 0 0 0.0 295 0.0 0.0
9 3 -187733745 0 0.0 285 23996 2
0 0 0 0 1 0.0 23964 -4.172926055750292E-5 0.0
1 5 0 0 0 0.0 32 0.0 0.0
9 3 -1876904937 0 0.0 285 24108 2
0 0 0 0 1 0.0 24053 -4.157485552737704E-5 0.0
1 5 0 0 0 0.0 55 0.0 0.0
9 3 -190903271 0 0.0 285 25207 2
0 0 0 0 1 0.0 24946 -4.008658702798044E-5 0.0
1 5 0 0 0 0.0 261 0.0 0.0
9 3 267575446 0 0.0 285 26815 2
0 0 0 0 1 0.0 26781 -3.73399051566409E-5 0.0
1 5 0 0 0 0.0 34 0.0 0.0
9 3 -1890215797 0 0.0 285 26424 2
0 0 0 0 1 0.0 26257 -3.808508207335187E-5 0.0
1 5 0 0 0 0.0 167 0.0 0.0
9 3 181458499 0 0.0 285 26145 2
0 0 0 0 1 0.0 25970 -3.850596842510589E-5 0.0
1 5 0 0 0 0.0 175 0.0 0.0
9 3 1377255519 0 0.0 285 20425 2
0 0 0 0 1 0.0 20208 -4.948535233570863E-5 0.0
1 5 0 0 0 0.0 217 0.0 0.0
9 3 -646906521 0 0.0 285 26931 2
0 0 0 0 1 0.0 26748 -3.738597278301181E-5 0.0
1 5 0 0 0 0.0 183 0.0 0.0
9 3 -156461822 0 0.0 285 24364 2
0 0 0 0 1 0.0 24277 -4.119125097829221E-5 0.0
1 5 0 0 0 0.0 87 0.0 0.0
9 3 2147232277 0 0.0 285 25312 2
0 0 0 0 1 0.0 25164 -3.973931012557622E-5 0.0
1 5 0 0 0 0.0 148 0.0 0.0
9 3 1650001166 0 0.0 285 22062 2
0 0 0 0 0 0.0 21998 0.0 0.0
1 5 0 0 0 0.0 64 0.0 0.0
9 3 1920119109 0 0.0 285 24298 2
0 0 0 0 1 0.0 23940 -4.177109440267335E-5 0.0
1 5 0 0 0 0.0 358 0.0 0.0
9 3 -498076503 0 0.0 285 22760 2
0 0 0 0 1 0.0 22686 -4.4080049369655294E-5 0.0
1 5 0 0 0 0.0 74 0.0 0.0
9 3 636625881 0 0.0 285 26019 2
0 0 0 0 1 0.0 25523 -3.918034713787564E-5 0.0
1 5 0 0 0 0.0 496 0.0 0.0
9 3 -35404373 0 0.0 285 24473 2
0 0 0 0 1 0.0 24030 -4.161464835622139E-5 0.0
1 5 0 0 0 0.0 443 0.0 0.0
9 3 -415336561 0 0.0 285 25812 2
0 0 0 0 1 0.0 25694 -3.891959212267455E-5 0.0
1 5 0 0 0 0.0 118 0.0 0.0
9 3 922232164 0 0.0 285 26252 2
0 0 0 0 1 0.0 25993 -3.847189627976763E-5 0.0
1 5 0 0 0 0.0 259 0.0 0.0
9 4 1414916010 0 0.0 285 27640 2
0 0 0 0 1 0.0 27180 -3.679175864606328E-5 0.0
1 5 0 0 0 0.0 460 0.0 0.0
9 4 -578535356 0 0.0 285 28055 2
0 0 0 0 1 0.0 27608 -3.622138510576645E-5 0.0
1 5 0 0 0 0.0 447 0.0 0.0
9 4 1372126576 0 0.0 285 26116 2
0 0 0 0 1 0.0 25704 -3.890445066915655E-5 0.0
1 5 0 0 0 0.0 412 0.0 0.0
9 4 283996590 0 0.0 285 26436 2
0 0 0 0 1 0.0 25494 -3.922491566643132E-5 0.0
1 5 0 0 0 0.0 942 0.0 0.0
9 4 1383157854 0 0.0 285 26280 2
0 0 0 0 1 0.0 25888 -3.8627935723114953E-5 0.0
1 5 0 0 0 0.0 392 0.0 0.0
9 4 -768125200 0 0.0 285 24922 2
0 0 0 0 1 0.0 24498 -4.081965874765287E-5 0.0
1 5 0 0 0 0.0 424 0.0 0.0
9 4 364153362 0 0.0 285 25658 2
0 0 0 0 1 0.0 25182 -3.9710904614407116E-5 0.0
1 5 0 0 0 0.0 476 0.0 0.0
9 4 529040443 0 0.0 285 29845 2
0 0 0 0 1 0.0 29304 -3.412503412503413E-5 0.0
1 5 0 0 0 0.0 541 0.0 0.0
9 4 -1855115733 0 0.0 285 29656 2
0 0 0 0 1 0.0 29051 -3.442222298716051E-5 0.0
1 5 0 0 0 0.0 605 0.0 0.0
9 4 -638187804 0 0.0 285 28606 2
0 0 0 0 1 0.0 28149 -3.552524068350563E-5 0.0
1 5 0 0 0 0.0 457 0.0 0.0
9 4 824260780 0 0.0 285 30359 2
0 0 0 0 1 0.0 29496 -3.390290208841877E-5 0.0
1 5 0 0 0 0.0 863 0.0 0.0
9 4 845304530 0 0.0 285 30370 2
0 0 0 0 1 0.0 29463 -3.394087499575739E-5 0.0
1 5 0 0 0 0.0 907 0.0 0.0
9 4 -500474238 0 0.0 285 30919 2
0 0 0 0 1 0.0 30167 -3.314880498558027E-5 0.0
1 5 0 0 0 0.0 752 0.0 0.0
9 4 -1920174762 0 0.0 285 28920 2
0 0 0 0 1 0.0 28424 -3.5181536729524345E-5 0.0
1 5 0 0 0 0.0 496 0.0 0.0
9 4 1296837330 0 0.0 285 28949 2
0 0 0 0 1 0.0 28449 -3.515062040845021E-5 0.0
1 5 0 0 0 0.0 500 0.0 0.0
9 4 823732437 0 0.0 285 29142 2
0 0 0 0 1 0.0 28738 -3.479713271626418E-5 0.0
1 5 0 0 0 0.0 404 0.0 0.0
9 4 1810315074 0 0.0 285 29165 2
0 0 0 0 1 0.0 28327 -3.530200868429414E-5 0.0
1 5 0 0 0 0.0 838 0.0 0.0
9 4 -1117566888 0 0.0 285 28539 2
0 0 0 0 1 0.0 28090 -3.5599857600569596E-5 0.0
1 5 0 0 0 0.0 449 0.0 0.0
9 4 -512665988 0 0.0 285 28412 2
0 0 0 0 1 0.0 27978 -3.57423690042176E-5 0.0
1 5 0 0 0 0.0 434 0.0 0.0
9 4 940146181 0 0.0 285 27767 2
0 0 0 0 1 0.0 27255 -3.66905155017428E-5 0.0
1 5 0 0 0 0.0 512 0.0 0.0
