6 0 574529178 0 0.0 1500 160449 2
0 0 0 0 22 -1.0 160442 -1.371212026776031E-4 -6.232781939891051E-6
1 4 0 0 7 -7.0 7 -1.0 -1.0
6 0 569476499 0 0.0 1500 161048 2
0 0 0 0 45 -21.0 160886 -2.7970115485499047E-4 -1.3052720559899556E-4
1 4 0 0 162 -162.0 162 -1.0 -1.0
6 0 -1323463316 0 0.0 1500 156911 1
0 0 0 0 25 0.0 156911 -1.5932598734314356E-4 0.0
6 0 1898507923 0 0.0 1500 162539 1
0 0 0 0 29 0.0 162539 -1.7841871796922586E-4 0.0
6 0 -2021320977 0 0.0 1500 168471 1
0 0 0 0 29 0.0 168471 -1.7213645078381442E-4 0.0
6 0 22288052 0 0.0 1500 166384 2
0 0 0 0 24 0.0 166383 -1.4424550585095833E-4 0.0
1 4 0 0 1 -1.0 1 -1.0 -1.0
6 0 556014251 0 0.0 1500 165190 1
0 0 0 0 25 0.0 165190 -1.5134088019855925E-4 0.0
6 0 46849379 0 -1.0 1500 172006 2
0 0 0 0 33 -11.0 171801 -1.920827003335254E-4 -6.402756677784181E-5
1 4 0 0 205 -205.0 205 -1.0 -1.0
6 0 489609623 0 0.0 1500 170893 2
0 0 0 0 102 -11.0 170833 -5.970743357548015E-4 -6.439036954218448E-5
1 4 0 0 60 -60.0 60 -1.0 -1.0
6 0 -777915467 0 0.0 1500 175355 1
0 0 0 0 22 0.0 175355 -1.254597815859257E-4 0.0
6 0 990408266 0 0.0 1500 176216 2
0 0 0 0 93 -10.0 176129 -5.280220747293177E-4 -5.6776567175195454E-5
1 4 0 0 87 -87.0 87 -1.0 -1.0
6 0 549079135 0 0.0 1500 171376 2
0 0 0 0 56 -29.0 171227 -3.2705122439802135E-4 -1.6936581263468962E-4
1 4 0 0 149 -149.0 149 -1.0 -1.0
6 0 2019500480 0 0.0 1500 165939 2
0 0 0 0 75 0.0 165938 -4.519760392435729E-4 0.0
1 4 0 0 1 -1.0 1 -1.0 -1.0
6 0 1764843662 0 0.0 1500 160015 1
0 0 0 0 28 0.0 160015 -1.7498359528794174E-4 0.0
6 0 1566827326 0 0.0 1500 159930 1
0 0 0 0 18 0.0 159930 -1.1254924029262802E-4 0.0
6 0 1945786374 0 0.0 1500 161797 2
0 0 0 0 13 0.0 161791 -8.035057574277926E-5 0.0
1 4 0 0 6 -8.0 6 -1.0 -1.3333333333333333
6 0 1616337823 0 0.0 1500 158886 2
0 0 0 0 77 0.0 158871 -4.846699523512787E-4 0.0
1 4 0 0 15 -15.0 15 -1.0 -1.0
6 0 -85872955 0 0.0 1500 166759 1
0 0 0 0 22 0.0 166759 -1.3192691249048027E-4 0.0
6 0 597151839 0 0.0 1500 166028 1
0 0 0 0 25 0.0 166028 -1.5057701110656035E-4 0.0
6 0 -679478409 0 0.0 1500 160652 2
0 0 0 0 29 -14.0 160615 -1.80555987921427E-4 -8.716495968620615E-5
1 4 0 0 37 -37.0 37 -1.0 -1.0
6 1 -1601331519 0 -1.0 285 16763 2
0 0 0 0 38 -38.0 16387 -0.0023189113321535363 -0.0023189113321535363
1 4 0 0 376 -382.0 376 -1.0 -1.0159574468085106
6 1 -1470273729 0 0.0 1500 82939 2
0 0 0 0 114 -34.0 82487 -0.0013820359571811317 -4.121861626680568E-4
1 4 0 0 452 -454.0 452 -1.0 -1.0044247787610618
6 1 674358688 0 0.0 1500 84309 2
0 0 0 0 117 -43.0 83927 -0.0013940686549024747 -5.123500184684308E-4
1 4 0 0 382 -387.0 382 -1.0 -1.013089005235602
6 1 1371078759 0 0.0 1500 86799 2
0 0 0 0 199 -75.0 86288 -0.0023062302985351383 -8.691822733172632E-4
1 4 0 0 511 -515.0 511 -1.0 -1.0078277886497065
6 1 686395463 0 0.0 1500 83331 2
0 0 0 0 217 -106.0 82721 -0.002623275830804753 -0.0012814158436189119
1 4 0 0 610 -618.0 610 -1.0 -1.0131147540983607
6 1 945850065 0 0.0 1500 82509 2
0 0 0 0 125 -57.0 81996 -0.00152446460802966 -6.951558612615249E-4
1 4 0 0 513 -515.0 513 -1.0 -1.003898635477583
6 1 799637926 0 -1.0 1202 68929 2
0 0 0 0 114 -114.0 68236 -0.0016706723723547688 -0.0016706723723547688
1 4 0 0 693 -699.0 693 -1.0 -1.0086580086580086
6 1 -1391232205 0 0.0 1500 86225 2
0 0 0 0 202 -87.0 85675 -0.002357747300846221 -0.0010154654216515903
1 4 0 0 550 -553.0 550 -1.0 -1.0054545454545454
6 1 2057538037 0 0.0 1500 84935 2
0 0 0 0 195 -77.0 84323 -0.0023125363186793637 -9.131553668631334E-4
1 4 0 0 612 -614.0 612 -1.0 -1.0032679738562091
6 1 -1820990530 0 0.0 1500 86142 2
0 0 0 0 141 -33.0 85728 -0.001644736842105263 -3.849384098544233E-4
1 4 0 0 414 -415.0 414 -1.0 -1.002415458937198
6 1 -1112472283 0 0.0 1500 78569 2
0 0 0 0 182 -58.0 78029 -0.0023324661343859334 -7.433133834856272E-4
1 4 0 0 540 -541.0 540 -1.0 -1.0018518518518518
6 1 -1183486288 0 0.0 1500 79783 2
0 0 0 0 174 -66.0 79404 -0.0021913253740365726 -8.311923832552517E-4
1 4 0 0 379 -386.0 379 -1.0 -1.0184696569920844
6 1 1527114048 0 -1.0 889 54644 2
0 0 0 0 38 -38.0 54105 -7.023380463912762E-4 -7.023380463912762E-4
1 4 0 0 539 -544.0 539 -1.0 -1.0092764378478665
6 1 -80063515 0 0.0 1500 84760 2
0 0 0 0 165 -48.0 84349 -0.0019561583421261663 -5.690642449821575E-4
1 4 0 0 411 -412.0 411 -1.0 -1.002433090024331
6 1 1562796614 0 0.0 1500 85161 2
0 0 0 0 155 -42.0 84781 -0.001828239817883724 -4.953940151684929E-4
1 4 0 0 380 -381.0 380 -1.0 -1.0026315789473683
6 1 766602934 0 0.0 1500 79638 3
0 0 0 0 184 -107.0 77439 -0.0023760637404925166 -0.0013817327186559745
1 4 0 0 1077 -1082.0 1077 -1.0 -1.0046425255338904
2 6 0 1122 0 5610.0 1122 1.0 5.0
6 1 -1779804476 0 -1.0 683 42962 2
0 0 0 0 57 -57.0 42127 -0.0013530514871697486 -0.0013530514871697486
1 4 0 0 835 -840.0 835 -1.0 -1.0059880239520957
6 1 -11511748 0 0.0 1500 89673 2
0 0 0 0 305 -172.0 88753 -0.003436503554809415 -0.0019379626604171126
1 4 0 0 920 -923.0 920 -1.0 -1.0032608695652174
6 1 -879131717 0 0.0 1500 91001 2
0 0 0 0 170 -58.0 90584 -0.001876711118961406 -6.402896758809503E-4
1 4 0 0 417 -417.0 417 -1.0 -1.0
6 1 -1621546024 0 0.0 1500 93669 2
0 0 0 0 264 -128.0 93106 -0.0028354778424591327 -0.0013747771357377613
1 4 0 0 563 -567.0 563 -1.0 -1.0071047957371226
6 2 -1176708634 0 0.0 1500 3000 1
0 0 0 0 2 0.0 3000 -6.666666666666666E-4 0.0
6 2 268274912 0 0.0 1500 3248 2
0 0 0 0 4 -1.0 3180 -0.0012578616352201257 -3.1446540880503143E-4
1 4 0 0 68 -68.0 68 -1.0 -1.0
6 2 -88245907 0 -1.0 734 1475 2
0 0 0 0 4 -4.0 1462 -0.0027359781121751026 -0.0027359781121751026
1 4 0 0 13 -13.0 13 -1.0 -1.0
6 2 1748030782 0 0.0 1500 2999 1
0 0 0 0 1 0.0 2999 -3.3344448149383126E-4 0.0
6 2 -1078851842 0 0.0 1500 3000 1
0 0 0 0 2 0.0 3000 -6.666666666666666E-4 0.0
6 2 1747738424 0 0.0 1500 2999 1
0 0 0 0 1 0.0 2999 -3.3344448149383126E-4 0.0
6 2 -654747894 0 0.0 1500 2995 1
0 0 0 0 1 0.0 2995 -3.33889816360601E-4 0.0
6 2 -318433603 0 0.0 1500 2997 1
0 0 0 0 1 0.0 2997 -3.33667000333667E-4 0.0
6 2 -283786872 0 0.0 1500 3000 1
0 0 0 0 2 0.0 3000 -6.666666666666666E-4 0.0
6 2 -63752882 0 0.0 1500 4496 1
0 0 0 0 2 0.0 4496 -4.4483985765124553E-4 0.0
6 2 247347903 0 0.0 1500 4496 1
0 0 0 0 2 0.0 4496 -4.4483985765124553E-4 0.0
6 2 -76876801 0 0.0 1500 2999 1
0 0 0 0 1 0.0 2999 -3.3344448149383126E-4 0.0
6 2 -808858496 0 0.0 1500 2999 1
0 0 0 0 1 0.0 2999 -3.3344448149383126E-4 0.0
6 2 867988311 0 0.0 1500 3000 1
0 0 0 0 2 0.0 3000 -6.666666666666666E-4 0.0
6 2 -188425976 0 0.0 1500 2999 1
0 0 0 0 1 0.0 2999 -3.3344448149383126E-4 0.0
6 2 -1934216263 0 0.0 1500 2997 1
0 0 0 0 1 0.0 2997 -3.33667000333667E-4 0.0
6 2 1697446613 0 0.0 1500 2999 1
0 0 0 0 1 0.0 2999 -3.3344448149383126E-4 0.0
6 2 -538052490 0 0.0 1500 2996 1
0 0 0 0 2 0.0 2996 -6.675567423230974E-4 0.0
6 2 -10991083 0 0.0 1500 4497 1
0 0 0 0 3 0.0 4497 -6.6711140760507E-4 0.0
6 2 486543219 0 0.0 1500 2999 1
0 0 0 0 1 0.0 2999 -3.3344448149383126E-4 0.0
6 3 -80339568 0 -1.0 301 11640 2
0 0 0 0 72 -72.0 11239 -0.006406263902482427 -0.006406263902482427
1 4 0 0 401 -403.0 401 -1.0 -1.0049875311720697
6 3 -1961848886 0 -1.0 782 32524 2
0 0 0 0 117 -117.0 31379 -0.0037286083049173015 -0.0037286083049173015
1 4 0 0 1145 -1152.0 1145 -1.0 -1.006113537117904
6 3 -1544725146 0 -1.0 726 30214 2
0 0 0 0 82 -82.0 29031 -0.002824566842340946 -0.002824566842340946
1 4 0 0 1183 -1198.0 1183 -1.0 -1.0126796280642434
6 3 91707221 0 -1.0 299 12911 2
0 0 0 0 84 -84.0 12420 -0.00676328502415459 -0.00676328502415459
1 4 0 0 491 -492.0 491 -1.0 -1.0020366598778003
6 3 658836012 0 -1.0 851 34820 2
0 0 0 0 39 -39.0 34132 -0.0011426227587015118 -0.0011426227587015118
1 4 0 0 688 -689.0 688 -1.0 -1.001453488372093
6 3 1321089563 0 -1.0 300 13202 2
0 0 0 0 58 -58.0 12706 -0.0045647725484023296 -0.0045647725484023296
1 4 0 0 496 -496.0 496 -1.0 -1.0
6 3 287527268 0 -1.0 623 24796 2
0 0 0 0 55 -55.0 24320 -0.002261513157894737 -0.002261513157894737
1 4 0 0 476 -483.0 476 -1.0 -1.0147058823529411
6 3 -1494185927 0 -1.0 248 11225 2
0 0 0 0 23 -23.0 10872 -0.002115526122148639 -0.002115526122148639
1 4 0 0 353 -353.0 353 -1.0 -1.0
6 3 1954703687 0 -1.0 243 11263 2
0 0 0 0 11 -11.0 11147 -9.868125953171258E-4 -9.868125953171258E-4
1 4 0 0 116 -117.0 116 -1.0 -1.0086206896551724
6 3 172951116 0 -1.0 615 26796 2
0 0 0 0 46 -46.0 26138 -0.001759889815594154 -0.001759889815594154
1 4 0 0 658 -658.0 658 -1.0 -1.0
6 3 -754454617 0 -1.0 178 8135 2
0 0 0 0 31 -31.0 7939 -0.0039047739009950874 -0.0039047739009950874
1 4 0 0 196 -197.0 196 -1.0 -1.0051020408163265
6 3 1601969210 0 -1.0 394 16445 2
0 0 0 0 121 -121.0 15871 -0.007623968243966984 -0.007623968243966984
1 4 0 0 574 -577.0 574 -1.0 -1.005226480836237
6 3 -676719353 0 -1.0 87 4311 2
0 0 0 0 84 -84.0 4088 -0.02054794520547945 -0.02054794520547945
1 4 0 0 223 -223.0 223 -1.0 -1.0
6 3 -37729237 0 -1.0 434 18007 2
0 0 0 0 47 -47.0 17569 -0.002675166486424953 -0.002675166486424953
1 4 0 0 438 -442.0 438 -1.0 -1.0091324200913243
6 3 -54262984 0 -1.0 109 5733 2
0 0 0 0 25 -25.0 5485 -0.004557885141294439 -0.004557885141294439
1 4 0 0 248 -248.0 248 -1.0 -1.0
6 3 -713342782 0 -1.0 285 12559 2
0 0 0 0 34 -34.0 12132 -0.00280250576986482 -0.00280250576986482
1 4 0 0 427 -430.0 427 -1.0 -1.0070257611241218
6 3 -1216867971 0 -1.0 18 693 2
0 0 0 0 27 -27.0 564 -0.047872340425531915 -0.047872340425531915
1 4 0 0 129 -139.0 129 -1.0 -1.0775193798449612
6 3 1163081537 0 -1.0 86 4055 2
0 0 0 0 67 -67.0 3851 -0.017398078421189303 -0.017398078421189303
1 4 0 0 204 -204.0 204 -1.0 -1.0
6 3 -103804371 0 -1.0 39 1918 2
0 0 0 0 51 -51.0 1764 -0.02891156462585034 -0.02891156462585034
1 4 0 0 154 -154.0 154 -1.0 -1.0
6 3 -1565880140 0 -1.0 28 913 2
0 0 0 0 4 -4.0 650 -0.006153846153846154 -0.006153846153846154
1 4 0 0 263 -282.0 263 -1.0 -1.0722433460076046
6 4 556543003 0 0.0 1500 57837 2
0 0 0 0 301 -224.0 55987 -0.0053762480575847964 -0.004000928787039848
1 4 0 0 1850 -1857.0 1850 -1.0 -1.0037837837837837
6 4 -112384430 0 0.0 1500 54022 2
0 0 0 0 159 -99.0 52768 -0.0030131898120072773 -0.001876137052759248
1 4 0 0 1254 -1268.0 1254 -1.0 -1.0111642743221692
6 4 -1152331283 0 -1.0 1384 55536 2
0 0 0 0 218 -218.0 54239 -0.004019248142480503 -0.004019248142480503
1 4 0 0 1297 -1302.0 1297 -1.0 -1.0038550501156516
6 4 -2083670540 0 -1.0 945 35906 2
0 0 0 0 148 -148.0 33631 -0.004400701733519669 -0.004400701733519669
1 4 0 0 2275 -2294.0 2275 -1.0 -1.0083516483516484
6 4 1593024913 0 0.0 1500 53766 2
0 0 0 0 159 -87.0 52355 -0.003036959220704804 -0.0016617324037818738
1 4 0 0 1411 -1422.0 1411 -1.0 -1.0077958894401133
6 4 -1535445321 0 -1.0 1389 53572 2
0 0 0 0 583 -583.0 50759 -0.01148564786540318 -0.01148564786540318
1 4 0 0 2813 -2822.0 2813 -1.0 -1.003199431212229
6 4 -1373737181 0 0.0 1500 65526 2
0 0 0 0 331 -251.0 63922 -0.005178185914082789 -0.003926660617627734
1 4 0 0 1604 -1629.0 1604 -1.0 -1.0155860349127181
6 4 735144979 0 0.0 1500 54018 2
0 0 0 0 172 -137.0 52878 -0.0032527705283860965 -0.0025908695487726467
1 4 0 0 1140 -1144.0 1140 -1.0 -1.0035087719298246
6 4 -227699315 0 -1.0 1388 69206 2
0 0 0 0 514 -514.0 66933 -0.007679321112156933 -0.007679321112156933
1 4 0 0 2273 -2276.0 2273 -1.0 -1.0013198416190057
6 4 -475101622 0 -1.0 1499 60618 2
0 0 0 0 473 -450.0 58718 -0.00805545147995504 -0.007663748765284921
1 4 0 0 1900 -1921.0 1900 -1.0 -1.0110526315789474
6 4 447491914 0 0.0 1500 62993 2
0 0 0 0 392 -325.0 61581 -0.00636559977915266 -0.005277601857715854
1 4 0 0 1412 -1426.0 1412 -1.0 -1.0099150141643058
6 4 -2075503339 0 0.0 1500 63569 2
0 0 0 0 331 -277.0 61676 -0.005366755301900253 -0.004491212140865166
1 4 0 0 1893 -1895.0 1893 -1.0 -1.0010565240359217
6 4 -1160096434 0 -1.0 1497 61673 2
0 0 0 0 488 -478.0 58603 -0.008327218743067761 -0.008156579014726209
1 4 0 0 3070 -3088.0 3070 -1.0 -1.0058631921824104
6 4 -939955042 0 0.0 1500 56790 2
0 0 0 0 141 -76.0 55891 -0.0025227675296559376 -0.0013597895904528458
1 4 0 0 899 -904.0 899 -1.0 -1.0055617352614015
6 4 -345453726 0 0.0 1500 55906 2
0 0 0 0 213 -182.0 54339 -0.0039198365814608295 -0.003349343933454793
1 4 0 0 1567 -1583.0 1567 -1.0 -1.0102105934907466
6 4 -2056916841 0 -1.0 1370 51108 2
0 0 0 0 450 -450.0 48863 -0.009209422262243415 -0.009209422262243415
1 4 0 0 2245 -2249.0 2245 -1.0 -1.0017817371937638
6 4 1021929303 0 0.0 1500 55443 2
0 0 0 0 203 -147.0 53301 -0.0038085589388566817 -0.0027579219902065626
1 4 0 0 2142 -2153.0 2142 -1.0 -1.0051353874883286
6 4 567888779 0 -1.0 1495 61941 2
0 0 0 0 355 -335.0 59966 -0.005920021345429076 -0.005586499016109129
1 4 0 0 1975 -2006.0 1975 -1.0 -1.0156962025316456
6 4 -1352965706 0 -1.0 48 3291 2
0 0 0 0 4 -4.0 3243 -0.0012334258402713536 -0.0012334258402713536
1 4 0 0 48 -48.0 48 -1.0 -1.0
6 4 -175036418 0 0.0 1500 67845 2
0 0 0 0 456 -338.0 65742 -0.006936205165647531 -0.005141309969273828
1 4 0 0 2103 -2114.0 2103 -1.0 -1.0052306229196386
