2 0 87382966 0 28.0 1500 212756 2
0 0 0 62 22 546.0 210730 1.8981635267878327E-4 0.002590993214065392
1 5 0 204 0 4132.0 2026 0.10069101678183613 2.039486673247779
2 0 -703092410 0 10.0 204 29100 2
0 0 0 0 38 234.0 28379 -0.0013390182881708305 0.008245533669262483
1 5 0 0 0 1452.0 721 0.0 2.013869625520111
2 0 -1454613910 0 14.0 569 79945 2
0 0 0 0 121 330.0 78805 -0.0015354355688090857 0.004187551551297506
1 5 0 0 2 2458.0 1140 -0.0017543859649122807 2.156140350877193
2 0 1339965732 0 8.0 431 57221 2
0 0 0 0 40 198.0 56167 -7.121619456264354E-4 0.0035252016308508554
1 5 0 0 0 2256.0 1054 0.0 2.140417457305503
2 0 929484336 0 18.0 393 59556 2
0 0 0 0 35 494.0 58220 -6.011679835108211E-4 0.00848505668155273
1 5 0 0 1 2694.0 1336 -7.485029940119761E-4 2.0164670658682633
2 0 -548767988 0 8.0 856 127804 2
0 0 0 0 199 58.0 127199 -0.001564477708158083 4.559784275033609E-4
1 5 0 0 0 1214.0 605 0.0 2.0066115702479337
2 0 747661017 0 10.0 186 26498 2
0 0 0 0 43 234.0 25759 -0.0016693194611592066 0.009084203579331495
1 5 0 0 0 1508.0 739 0.0 2.040595399188092
2 0 1149111966 0 54.0 1113 157574 2
0 0 0 58 38 452.0 154814 1.291872828038808E-4 0.002919632591367706
1 5 0 203 2 6306.0 2760 0.07282608695652174 2.284782608695652
2 0 -1876468805 0 50.0 846 124356 2
0 0 0 0 74 280.0 121856 -6.072741596638656E-4 0.002297794117647059
1 5 0 0 0 5570.0 2500 0.0 2.228
2 0 -76575441 0 56.0 1007 154255 2
0 0 0 0 117 1106.0 150657 -7.76598498576236E-4 0.007341178969447155
1 5 0 0 0 7930.0 3598 0.0 2.2040022234574765
2 0 1112050845 0 14.0 1500 203253 2
0 0 0 0 22 278.0 202501 -1.0864143880770959E-4 0.0013728327267519666
1 5 0 0 0 1518.0 752 0.0 2.018617021276596
2 0 -1352183699 0 12.0 397 66972 2
0 0 0 0 23 26.0 66335 -3.467249566593804E-4 3.919499510062561E-4
1 5 0 0 0 1320.0 637 0.0 2.072213500784929
2 0 -219726192 0 12.0 488 74956 2
0 0 0 0 26 358.0 74159 -3.5059803934788767E-4 0.004827465311020914
1 5 0 0 0 1706.0 797 0.0 2.140526976160602
2 0 -1307879159 0 60.0 1500 206521 2
0 0 0 0 20 624.0 202546 -9.874300158976232E-5 0.0030807816496005846
1 5 0 0 0 8780.0 3975 0.0 2.208805031446541
2 0 1368717214 0 20.0 397 49721 2
0 0 0 0 287 300.0 48101 -0.005966611920750088 0.0062368765722126355
1 5 0 0 18 3414.0 1620 -0.011111111111111112 2.1074074074074076
2 0 -261872118 0 10.0 295 45828 2
0 0 0 0 60 282.0 44807 -0.0013390764835851542 0.006293659472850224
1 5 0 0 0 2070.0 1021 0.0 2.027424094025465
2 0 -377235174 0 12.0 444 70753 2
0 0 0 0 32 404.0 69508 -4.6037866144904186E-4 0.0058122806007941535
1 5 0 0 0 2702.0 1245 0.0 2.170281124497992
2 0 -268601944 0 10.0 303 49875 2
0 0 0 0 53 220.0 48938 -0.0010830029833667088 0.004495484081899546
1 5 0 0 0 1972.0 937 0.0 2.104589114194237
2 0 216416215 0 28.0 1500 189009 2
0 0 0 0 112 182.0 187324 -5.978945570241933E-4 9.715786551643143E-4
1 5 0 0 1 3472.0 1685 -5.934718100890207E-4 2.06053412462908
2 0 94259261 0 40.0 845 119496 2
0 0 0 0 166 294.0 117942 -0.001407471469027149 0.0024927506740601312
1 5 0 0 0 3874.0 1554 0.0 2.492921492921493
2 1 -1136568474 0 10.0 490 38611 2
0 0 0 0 65 88.0 38174 -0.0017027296065384816 0.0023052339288520984
1 5 0 0 4 926.0 437 -0.009153318077803204 2.1189931350114417
2 1 -1104665969 0 28.0 637 46406 2
0 0 0 0 67 308.0 44829 -0.001494568248232171 0.00687055254411207
1 5 0 0 0 3232.0 1577 0.0 2.0494610019023463
2 1 -1333963815 0 16.0 274 19757 2
0 0 0 0 76 64.0 18991 -0.004001895634774367 0.0033700173766520983
1 5 0 0 0 1676.0 766 0.0 2.1879895561357703
2 1 866617957 0 10.0 275 18326 2
0 0 0 0 119 178.0 17984 -0.006616992882562278 0.009897686832740213
1 5 0 0 0 718.0 342 0.0 2.0994152046783627
2 1 -2080321995 0 10.0 341 26194 2
0 0 0 0 81 204.0 25501 -0.003176346025646053 0.007999686286812281
1 5 0 0 0 1424.0 693 0.0 2.0548340548340547
2 1 -82836677 0 8.0 301 22864 2
0 0 0 0 58 58.0 22507 -0.002576976051894966 0.002576976051894966
1 5 0 0 0 728.0 357 0.0 2.0392156862745097
2 1 -783445970 0 8.0 593 39936 2
0 0 0 0 76 36.0 39669 -0.001915853689278782 9.075096422899493E-4
1 5 0 0 0 548.0 267 0.0 2.052434456928839
2 1 -697102593 0 12.0 365 24751 2
0 0 0 0 49 206.0 23983 -0.0020431138723262313 0.00858941750406538
1 5 0 0 10 1578.0 768 -0.013020833333333334 2.0546875
2 1 1634891364 0 8.0 703 43845 2
0 0 0 0 52 184.0 43249 -0.0012023399384956878 0.004254433628523203
1 5 0 0 0 1222.0 596 0.0 2.0503355704697985
2 1 -2004298688 0 56.0 1500 88595 2
0 0 0 0 133 78.0 86738 -0.0015333533168853327 8.992598399778644E-4
1 5 0 0 0 4082.0 1857 0.0 2.1981690899299946
2 1 277563845 0 10.0 198 16286 2
0 0 0 0 84 90.0 15698 -0.0053510001274047645 0.005733214422219391
1 5 0 0 0 1264.0 588 0.0 2.1496598639455784
2 1 -1804291406 0 16.0 287 15846 2
0 0 0 0 240 114.0 14641 -0.016392322928761697 0.007786353391161806
1 5 0 0 8 2544.0 1205 -0.006639004149377593 2.1112033195020747
2 1 1174519515 0 10.0 285 19113 2
0 0 0 0 23 172.0 18366 -0.0012523140585865185 0.009365131220733965
1 5 0 0 0 1504.0 747 0.0 2.0133868808567605
2 1 -1573593219 0 12.0 514 36513 2
0 0 0 0 87 106.0 35727 -0.002435133092619028 0.0029669437680185855
1 5 0 0 0 1648.0 786 0.0 2.0966921119592876
2 1 142767128 0 8.0 650 43082 2
0 0 0 0 14 170.0 42459 -3.2972985703855483E-4 0.00400386254975388
1 5 0 0 0 1378.0 623 0.0 2.211878009630819
2 1 1542920563 0 10.0 240 13918 2
0 0 0 0 43 130.0 13312 -0.003230168269230769 0.009765625
1 5 0 0 0 1246.0 606 0.0 2.056105610561056
2 1 -1924732486 0 50.0 507 41148 2
0 0 0 0 100 296.0 38199 -0.002617869577737637 0.007748893950103405
1 5 0 0 0 6658.0 2949 0.0 2.257714479484571
2 1 1469180500 0 42.0 1500 157207 2
0 0 0 0 208 232.0 155369 -0.001338748398972768 0.0014932193680850104
1 5 0 0 0 3782.0 1838 0.0 2.057671381936888
2 1 1070891529 0 10.0 215 15965 2
0 0 0 0 71 68.0 15516 -0.004575921629285899 0.004382572828048466
1 5 0 0 0 908.0 449 0.0 2.022271714922049
2 1 -530581159 0 10.0 440 30828 2
0 0 0 0 74 110.0 30235 -0.0024474946254340996 0.003638167686456094
1 5 0 0 0 1206.0 593 0.0 2.0337268128161887
2 2 256246699 0 2.0 183 348 2
0 0 0 0 1 2.0 344 -0.0029069767441860465 0.005813953488372093
1 5 0 0 0 8.0 4 0.0 2.0
2 2 1233241238 0 16.0 238 434 2
0 0 0 0 0 2.0 415 0.0 0.004819277108433735
1 5 0 0 0 38.0 19 0.0 2.0
2 2 764416855 0 28.0 442 780 2
0 0 0 0 2 2.0 751 -0.002663115845539281 0.002663115845539281
1 5 0 0 0 62.0 29 0.0 2.1379310344827585
2 2 1336413902 0 4.0 202 561 2
0 0 0 0 1 0.0 557 -0.0017953321364452424 0.0
1 5 0 0 0 8.0 4 0.0 2.0
2 2 -1072096966 0 12.0 327 647 2
0 0 0 0 2 2.0 629 -0.003179650238473768 0.003179650238473768
1 5 0 0 0 36.0 18 0.0 2.0
2 2 1341464048 0 56.0 714 1388 2
0 0 0 0 2 2.0 1326 -0.0015082956259426848 0.0015082956259426848
1 5 0 0 0 138.0 62 0.0 2.225806451612903
2 2 119415399 0 16.0 492 930 2
0 0 0 0 1 0.0 912 -0.0010964912280701754 0.0
1 5 0 0 0 36.0 18 0.0 2.0
2 2 -251161987 0 24.0 610 1132 2
0 0 0 0 1 0.0 1104 -9.057971014492754E-4 0.0
1 5 0 0 0 58.0 28 0.0 2.0714285714285716
2 2 -830069394 0 30.0 636 1230 2
0 0 0 0 1 0.0 1195 -8.368200836820083E-4 0.0
1 5 0 0 0 70.0 35 0.0 2.0
2 2 -1846471528 0 32.0 1500 2912 2
0 0 0 0 2 2.0 2874 -6.958942240779402E-4 6.958942240779402E-4
1 5 0 0 0 82.0 38 0.0 2.1578947368421053
2 2 -930041212 0 18.0 519 928 2
0 0 0 0 4 4.0 899 -0.004449388209121246 0.004449388209121246
1 5 0 0 1 58.0 29 -0.034482758620689655 2.0
2 2 531571782 0 10.0 370 992 2
0 0 0 0 2 0.0 981 -0.0020387359836901123 0.0
1 5 0 0 0 22.0 11 0.0 2.0
2 2 -1306235041 0 18.0 515 1199 2
0 0 0 0 3 0.0 1179 -0.002544529262086514 0.0
1 5 0 0 0 40.0 20 0.0 2.0
2 2 -1723891740 0 12.0 601 1163 2
0 0 0 0 1 0.0 1148 -8.710801393728223E-4 0.0
1 5 0 0 0 30.0 15 0.0 2.0
2 2 136333672 0 28.0 1352 2522 2
0 0 0 0 1 0.0 2489 -4.017677782241864E-4 0.0
1 5 0 0 0 70.0 33 0.0 2.121212121212121
2 2 -991657031 0 30.0 1470 2949 2
0 0 0 0 2 4.0 2906 -6.882312456985547E-4 0.0013764624913971094
1 5 0 0 0 86.0 43 0.0 2.0
2 2 -1947338369 0 6.0 131 256 2
0 0 0 0 1 2.0 247 -0.004048582995951417 0.008097165991902834
1 5 0 0 0 18.0 9 0.0 2.0
2 2 -1572444698 0 10.0 340 662 2
0 0 0 0 1 0.0 651 -0.0015360983102918587 0.0
1 5 0 0 0 22.0 11 0.0 2.0
2 2 514315513 0 30.0 1221 2458 2
0 0 0 0 0 0.0 2427 0.0 0.0
1 5 0 0 0 70.0 31 0.0 2.2580645161290325
2 2 1480855392 0 0.0 138 264 1
0 0 0 0 2 0.0 264 -0.007575757575757576 0.0
2 3 1345238860 0 8.0 530 21211 2
0 0 0 0 3 42.0 20929 -1.433417745711692E-4 0.0020067848439963686
1 5 0 0 0 576.0 282 0.0 2.0425531914893615
2 3 -86476527 0 10.0 390 18441 2
0 0 0 0 66 74.0 18084 -0.0036496350364963502 0.00409201504092015
1 5 0 0 0 768.0 357 0.0 2.1512605042016806
2 3 -1176778356 0 48.0 321 14220 2
0 0 0 0 73 366.0 11231 -0.006499866441100525 0.032588371471819075
1 5 0 0 2 7106.0 2989 -6.691201070592171E-4 2.3773837403813984
2 3 -1586735781 0 10.0 333 15254 2
0 0 0 0 59 102.0 14479 -0.004074867048829339 0.007044685406450721
1 5 0 0 0 1582.0 775 0.0 2.0412903225806454
2 3 -1756551256 0 22.0 283 10216 2
0 0 0 0 24 134.0 9362 -0.002563554795983764 0.014313180944242684
1 5 0 0 2 1758.0 854 -0.00234192037470726 2.0585480093676813
2 3 -1391809637 0 8.0 604 26441 2
0 0 0 0 90 62.0 26215 -0.003433148960518787 0.002365058172801831
1 5 0 0 0 462.0 226 0.0 2.0442477876106193
2 3 -1545855597 0 38.0 685 28481 2
0 0 0 0 41 78.0 27448 -0.001493733605362868 0.0028417371028854562
1 5 0 0 7 2202.0 1033 -0.006776379477250726 2.1316553727008714
2 3 -956011445 1 42.0 1027 44357 2
0 0 0 112 0 376.0 41539 0.002696261344760346 0.009051734514552589
1 5 0 1040 0 5760.0 2818 0.36905606813342795 2.044002838892832
2 3 -1222076566 0 42.0 220 8801 2
0 0 0 0 93 294.0 6632 -0.01402291917973462 0.044330518697225575
1 5 0 0 33 4884.0 2169 -0.015214384508990318 2.251728907330567
2 3 -433518605 0 12.0 236 9094 2
0 0 0 0 81 170.0 7775 -0.010418006430868168 0.021864951768488745
1 5 0 0 1 2794.0 1319 -7.58150113722517E-4 2.1182714177407127
2 3 -1016173044 0 58.0 1500 60023 2
0 0 0 0 54 590.0 57012 -9.471690170490423E-4 0.010348698519609907
1 5 0 0 0 7590.0 3011 0.0 2.5207572235137827
2 3 1244957374 0 10.0 326 14994 2
0 0 0 0 51 72.0 14583 -0.003497222793663855 0.004937255708701913
1 5 0 0 22 868.0 411 -0.0535279805352798 2.1119221411192215
2 3 -154922270 0 8.0 360 16711 2
0 0 0 0 102 48.0 16351 -0.006238150571830469 0.002935600269096691
1 5 0 0 0 762.0 360 0.0 2.1166666666666667
2 3 1975164056 0 34.0 693 32492 2
0 0 0 0 146 134.0 30814 -0.004738106055688972 0.004348672681248783
1 5 0 5 0 3500.0 1678 0.0029797377830750892 2.0858164481525625
2 3 -1354493579 0 10.0 314 13770 2
0 0 0 0 77 198.0 12545 -0.006137903547229972 0.01578318055001993
1 5 0 0 0 2470.0 1225 0.0 2.016326530612245
2 3 -1433551196 0 44.0 910 39524 2
0 0 0 0 42 324.0 37034 -0.0011340929956256413 0.008748717394826376
1 5 0 0 100 5928.0 2490 -0.040160642570281124 2.3807228915662653
2 3 -966495953 0 14.0 285 10666 2
0 0 0 0 4 112.0 9834 -4.067520846044336E-4 0.01138905836892414
1 5 0 0 3 1722.0 832 -0.003605769230769231 2.0697115384615383
2 3 1133487435 0 10.0 374 18471 2
0 0 0 0 60 170.0 17695 -0.003390788358293303 0.009607233681831025
1 5 0 0 0 1586.0 776 0.0 2.0438144329896906
2 3 -831523144 0 20.0 657 27528 2
0 0 0 0 29 216.0 26282 -0.0011034167871547067 0.00821855262156609
1 5 0 0 0 2652.0 1246 0.0 2.128410914927769
2 3 -161213466 1 22.0 725 27549 2
0 0 0 10 0 70.0 26562 3.7647767487388E-4 0.00263534372411716
1 5 0 322 0 2048.0 987 0.3262411347517731 2.0749746707193517
2 4 -1151840684 0 26.0 1019 44223 2
0 0 0 0 40 100.0 43385 -9.219776420421805E-4 0.002304944105105451
1 5 0 0 0 1790.0 838 0.0 2.136038186157518
2 4 652484445 0 42.0 1500 101730 2
0 0 0 2 151 124.0 100287 -0.0014857359378583465 0.0012364513845264092
1 5 0 15 0 3022.0 1443 0.010395010395010396 2.094248094248094
2 4 -1688870082 0 62.0 1193 60619 2
0 0 0 2 220 302.0 57758 -0.003774368918591364 0.005228712905571522
1 5 0 49 0 6378.0 2861 0.017126878713736457 2.2292904578818593
2 4 391512294 0 10.0 145 6146 2
0 0 0 0 29 52.0 5745 -0.00504786771105309 0.009051348999129677
1 5 0 0 2 824.0 401 -0.004987531172069825 2.054862842892768
2 4 1756474926 0 24.0 664 28152 2
0 0 0 0 55 140.0 27121 -0.0020279488219460936 0.005162051546771874
1 5 0 0 0 2106.0 1031 0.0 2.042677012609117
2 4 -2013005065 0 64.0 1500 58415 2
0 0 0 24 75 338.0 55355 -9.213259868123927E-4 0.006106042814560564
1 5 0 448 0 6758.0 3060 0.14640522875816994 2.208496732026144
2 4 -557505142 0 62.0 1500 62029 2
0 0 0 41 70 272.0 59222 -4.896828881159028E-4 0.0045928877781905375
1 5 0 567 0 6120.0 2807 0.20199501246882792 2.1802636266476667
2 4 1787290516 0 26.0 411 21169 2
0 0 0 0 48 336.0 18925 -0.002536327608982827 0.017754293262879788
1 5 0 0 0 4716.0 2244 0.0 2.1016042780748663
2 4 -970729401 0 10.0 268 13683 2
0 0 0 0 47 30.0 13405 -0.00350615441999254 0.002237970906378217
1 5 0 0 0 570.0 278 0.0 2.050359712230216
2 4 271730890 0 8.0 229 11700 2
0 0 0 0 80 104.0 11029 -0.007253604134554357 0.009429685374920664
1 5 0 0 0 1386.0 671 0.0 2.0655737704918034
2 4 -162887246 0 10.0 531 25848 2
0 0 0 0 59 86.0 25227 -0.002338764022674119 0.0034090458635588853
1 5 0 0 0 1278.0 621 0.0 2.0579710144927534
2 4 -282397664 1 46.0 711 31638 2
0 0 0 2 0 174.0 29970 6.67334000667334E-5 0.005805805805805806
1 5 0 86 0 3496.0 1668 0.05155875299760192 2.095923261390887
2 4 -1493874754 1 44.0 1500 55656 2
0 0 0 22 42 252.0 53356 -3.748406927056001E-4 0.0047229927280905614
1 5 0 441 0 4734.0 2300 0.1917391304347826 2.0582608695652174
2 4 -368949640 0 10.0 406 20049 2
0 0 0 0 149 78.0 19488 -0.007645730706075534 0.0040024630541871924
1 5 0 0 0 1162.0 561 0.0 2.071301247771836
2 4 276610353 0 10.0 198 8916 2
0 0 0 0 11 90.0 8423 -0.0013059479995251098 0.010685029087023627
1 5 0 0 0 1028.0 493 0.0 2.0851926977687625
2 4 -1953833040 0 12.0 337 13584 2
0 0 0 0 36 138.0 12886 -0.0027937296290547883 0.010709296911376688
1 5 0 0 0 1420.0 698 0.0 2.0343839541547277
2 4 1048545898 0 10.0 399 18839 2
0 0 0 0 115 102.0 18246 -0.006302751287953524 0.005590266359750082
1 5 0 0 0 1240.0 593 0.0 2.09106239460371
2 4 1218048796 0 20.0 165 7553 2
0 0 0 0 71 148.0 6347 -0.011186387269576178 0.02331810304080668
1 5 0 0 43 2472.0 1206 -0.03565505804311774 2.0497512437810945
2 4 -2013635060 0 10.0 265 13318 2
0 0 0 0 27 134.0 12485 -0.0021625951141369644 0.010732879455346416
1 5 0 0 0 1752.0 833 0.0 2.1032412965186076
2 4 -274320278 0 44.0 1500 61243 2
0 0 0 0 54 152.0 59763 -9.035690979368506E-4 0.002543379683081505
1 5 0 0 0 3234.0 1480 0.0 2.1851351351351354
