12 0 -2116064511 1 1.0 1320 76184 3
0 0 0 0 0 176.0 67197 0.0 0.0026191645460362815
1 3 0 0 365 -1819.0 365 -1.0 -4.983561643835617
2 0 1 0 0 -8466.0 8622 0.0 -0.9819067501739736
12 0 1293274895 1 1.0 1175 76760 3
0 0 0 1 0 1214.0 67416 1.4833274000237333E-5 0.01800759463628812
1 3 0 0 338 -1652.0 338 -1.0 -4.887573964497041
2 0 1 0 0 -9006.0 9006 0.0 -1.0
12 0 1484802346 1 1.0 1115 70959 3
0 0 0 9 0 -380.0 62015 1.451261791502056E-4 -0.0061275497863420144
1 3 0 0 163 -813.0 163 -1.0 -4.987730061349693
2 0 1 2 0 -8865.0 8781 2.277644915157727E-4 -1.0095661086436625
12 0 -1034169763 1 1.0 1410 79918 3
0 0 0 0 0 -356.0 71508 0.0 -0.004978463948089725
1 3 0 0 279 -1397.0 279 -1.0 -5.007168458781362
2 0 1 0 0 -8187.0 8131 0.0 -1.0068872217439429
12 0 370732319 1 1.0 1000 73724 3
0 0 0 0 0 -466.0 65172 0.0 -0.007150309949057878
1 3 0 0 100 -500.0 100 -1.0 -5.0
2 0 1 0 0 -8572.0 8452 0.0 -1.0141978230004733
12 0 -1089346551 1 1.0 1050 91525 3
0 0 0 0 0 1256.0 82026 0.0 0.015312218077195036
1 3 0 0 180 -896.0 180 -1.0 -4.977777777777778
2 0 1 0 0 -9057.0 9319 0.0 -0.9718853954286941
12 0 353046533 1 1.0 1050 69984 3
0 0 0 0 0 1562.0 61800 0.0 0.025275080906148866
1 3 0 0 118 -580.0 118 -1.0 -4.915254237288136
2 0 1 0 0 -7610.0 8066 0.0 -0.9434664021819985
12 0 -608208821 1 1.0 1050 64982 3
0 0 0 0 0 1068.0 57015 0.0 0.01873191265456459
1 3 0 0 246 -1230.0 246 -1.0 -5.0
2 0 1 0 0 -7675.0 7721 0.0 -0.9940422225100376
12 0 -100698275 0 -113.0 1500 83962 3
0 0 0 0 0 -118.0 74724 0.0 -0.0015791445854076334
1 3 0 0 251 -1267.0 251 -1.0 -5.047808764940239
2 0 1 0 0 -8985.0 8987 0.0 -0.999777456325804
12 0 -153909505 1 1.0 1375 78050 3
0 0 0 14 0 1130.0 70033 1.9990575871374922E-4 0.016135250524752617
1 3 0 0 211 -1045.0 211 -1.0 -4.95260663507109
2 0 1 1 0 -7618.0 7806 1.2810658467845247E-4 -0.975915962080451
12 0 -1578994634 0 -107.0 1500 76195 3
0 0 0 0 0 -82.0 67308 0.0 -0.0012182801450050513
1 3 0 0 201 -1007.0 201 -1.0 -5.009950248756219
2 0 1 0 0 -8780.0 8686 0.0 -1.0108220124338014
12 0 1640523127 0 -93.0 1500 79581 3
0 0 0 0 0 1328.0 70168 0.0 0.018926006156652606
1 3 0 0 454 -2258.0 454 -1.0 -4.973568281938326
2 0 1 0 0 -8757.0 8959 0.0 -0.9774528407188302
12 0 338209018 1 1.0 1050 71655 3
0 0 0 0 0 1056.0 62819 0.0 0.01681020073544628
1 3 0 0 218 -1094.0 218 -1.0 -5.018348623853211
2 0 1 0 0 -7830.0 8618 0.0 -0.9085634718032026
12 0 -1164529218 1 1.0 1000 77072 3
0 0 0 0 0 506.0 68076 0.0 0.007432869146248311
1 3 0 0 158 -796.0 158 -1.0 -5.037974683544304
2 0 1 0 0 -8936.0 8838 0.0 -1.0110884815569132
12 0 -1403188535 1 1.0 1000 68251 3
0 0 0 0 0 372.0 60973 0.0 0.0061010611254161675
1 3 0 0 139 -699.0 139 -1.0 -5.028776978417266
2 0 1 0 0 -7125.0 7139 0.0 -0.9980389410281552
12 0 -354180950 1 1.0 1000 81357 3
0 0 0 1 0 2612.0 72290 1.3833171946327293E-5 0.03613224512380689
1 3 0 0 134 -666.0 134 -1.0 -4.970149253731344
2 0 1 0 0 -8611.0 8933 0.0 -0.9639538788760774
12 0 -1312033022 1 1.0 1045 73312 3
0 0 0 0 0 730.0 64628 0.0 0.011295413752553073
1 3 0 0 178 -890.0 178 -1.0 -5.0
2 0 1 0 0 -8328.0 8506 0.0 -0.9790735951093346
12 0 1511551709 1 1.0 1270 81526 3
0 0 0 0 0 -480.0 72304 0.0 -0.006638636866563399
1 3 0 0 307 -1465.0 307 -1.0 -4.771986970684039
2 0 1 0 0 -8915.0 8915 0.0 -1.0
12 0 -1713198860 1 1.0 1005 79033 3
0 0 0 0 0 -218.0 70147 0.0 -0.003107759419504754
1 3 0 0 270 -1358.0 270 -1.0 -5.029629629629629
2 0 1 0 0 -8566.0 8616 0.0 -0.994196843082637
12 0 1576607764 0 -64.0 1500 45921 3
0 0 0 0 0 -100.0 39801 0.0 -0.002512499685937539
1 3 0 0 361 -1813.0 361 -1.0 -5.022160664819944
2 0 1 0 0 -5833.0 5759 0.0 -1.01284945303004
12 1 -1733599409 1 1.0 990 14377 3
0 0 0 0 0 118.0 9017 0.0 0.013086392369967838
1 3 0 0 572 -2862.0 572 -1.0 -5.003496503496503
2 0 1 0 0 -4738.0 4788 0.0 -0.9895572263993316
12 1 -1359204995 0 -104.0 1500 13333 3
0 0 0 0 0 26.0 8525 0.0 0.0030498533724340176
1 3 0 0 412 -2060.0 412 -1.0 -5.0
2 0 1 0 0 -4428.0 4396 0.0 -1.0072793448589628
12 1 1887458422 0 -120.0 1500 14948 3
0 0 0 0 0 -84.0 9660 0.0 -0.008695652173913044
1 3 0 0 394 -1974.0 394 -1.0 -5.01015228426396
2 0 1 0 0 -4928.0 4894 0.0 -1.006947282386596
12 1 -1869088754 0 -105.0 1500 14464 3
0 0 0 0 0 12.0 9322 0.0 0.0012872774082814847
1 3 0 0 667 -3335.0 667 -1.0 -5.0
2 0 1 0 0 -4467.0 4475 0.0 -0.9982122905027933
12 1 1533221576 1 1.0 1010 15450 3
0 0 0 0 0 -88.0 9970 0.0 -0.008826479438314945
1 3 0 0 660 -3270.0 660 -1.0 -4.954545454545454
2 0 1 0 0 -4846.0 4820 0.0 -1.0053941908713693
12 1 -694789706 1 1.0 1050 15733 3
0 0 0 0 0 -48.0 10016 0.0 -0.004792332268370607
1 3 0 0 649 -3247.0 649 -1.0 -5.003081664098613
2 0 1 0 0 -5098.0 5068 0.0 -1.0059194948697712
12 1 -1243138004 1 1.0 1425 15533 3
0 0 0 0 0 -52.0 9805 0.0 -0.005303416624171341
1 3 0 0 836 -4128.0 836 -1.0 -4.937799043062201
2 0 1 0 0 -4904.0 4892 0.0 -1.0024529844644317
12 1 599387710 0 -103.0 1500 13083 3
0 0 0 0 0 -176.0 8329 0.0 -0.021130988113819187
1 3 0 0 452 -2262.0 452 -1.0 -5.004424778761062
2 0 1 0 0 -4362.0 4302 0.0 -1.0139470013947
12 1 483377131 0 -112.0 1500 14185 3
0 0 0 0 0 -6.0 8996 0.0 -6.669630947087594E-4
1 3 0 0 476 -2354.0 476 -1.0 -4.945378151260504
2 0 1 0 0 -4737.0 4713 0.0 -1.0050922978994272
12 1 -132531902 0 -112.0 1500 14729 3
0 0 0 0 0 52.0 9367 0.0 0.005551403864631152
1 3 0 0 562 -2810.0 562 -1.0 -5.0
2 0 1 0 0 -4798.0 4800 0.0 -0.9995833333333334
12 1 -846831773 1 1.0 1050 15809 3
0 0 0 66 0 44.0 9878 0.0066815144766146995 0.004454342984409799
1 3 0 0 1037 -5139.0 1037 -1.0 -4.955641272902604
2 0 1 30 0 -4844.0 4894 0.006129955046996322 -0.9897834082550061
12 1 -1416093656 0 -115.0 1500 15269 3
0 0 0 0 0 86.0 9771 0.0 0.008801555623784669
1 3 0 0 484 -2414.0 484 -1.0 -4.987603305785124
2 0 1 0 0 -4986.0 5014 0.0 -0.994415636218588
12 1 728141725 0 -108.0 1500 15042 3
0 0 0 0 0 30.0 9755 0.0 0.0030753459764223477
1 3 0 0 413 -2059.0 413 -1.0 -4.985472154963681
2 0 1 0 0 -4882.0 4874 0.0 -1.0016413623307345
12 1 1704961892 0 -118.0 1500 16120 3
0 0 0 0 0 -82.0 10200 0.0 -0.00803921568627451
1 3 0 0 582 -2912.0 582 -1.0 -5.0034364261168385
2 0 1 0 0 -5374.0 5338 0.0 -1.0067440989134506
12 1 -1820503826 0 -107.0 1500 11799 3
0 0 0 0 0 -80.0 7446 0.0 -0.010744023636852002
1 3 0 0 407 -2039.0 407 -1.0 -5.00982800982801
2 0 1 0 0 -3964.0 3946 0.0 -1.0045615813482007
12 1 1264732201 0 -129.0 1499 15987 3
0 0 0 0 0 -110.0 10132 0.0 -0.010856691669956573
1 3 0 0 932 -4666.0 932 -1.0 -5.006437768240343
2 0 1 0 0 -4969.0 4923 0.0 -1.009343895998375
12 1 83518884 1 1.0 1015 14566 3
0 0 0 0 0 114.0 9208 0.0 0.012380538662033015
1 3 0 0 743 -3647.0 743 -1.0 -4.908479138627187
2 0 1 0 0 -4519.0 4615 0.0 -0.9791982665222102
12 1 2114332306 1 1.0 1005 15101 3
0 0 0 0 0 -76.0 9717 0.0 -0.007821344036225173
1 3 0 0 787 -3947.0 787 -1.0 -5.015247776365946
2 0 1 0 0 -4641.0 4597 0.0 -1.0095714596475962
12 1 -901810303 0 -86.0 1500 13271 3
0 0 0 0 0 -14.0 8388 0.0 -0.0016690510252742013
1 3 0 0 598 -2984.0 598 -1.0 -4.989966555183947
2 0 1 0 0 -4285.0 4285 0.0 -1.0
12 1 434988316 0 -81.0 1500 14133 3
0 0 0 0 0 112.0 9147 0.0 0.01224445173280857
1 3 0 0 465 -2327.0 465 -1.0 -5.004301075268817
2 0 1 0 0 -4381.0 4521 0.0 -0.969033399690334
12 2 1771841588 0 -62.0 1500 275 3
0 0 0 0 0 0.0 132 0.0 0.0
1 3 0 0 12 -60.0 12 -1.0 -5.0
2 0 1 0 0 -133.0 131 0.0 -1.015267175572519
12 2 -466444169 0 -88.0 1500 441 3
0 0 0 0 0 -2.0 190 0.0 -0.010526315789473684
1 3 0 0 61 -307.0 61 -1.0 -5.032786885245901
2 0 1 0 0 -190.0 190 0.0 -1.0
12 2 -192742772 0 -58.0 1500 330 3
0 0 0 0 0 -2.0 138 0.0 -0.014492753623188406
1 3 0 0 55 -275.0 55 -1.0 -5.0
2 0 1 0 0 -139.0 137 0.0 -1.0145985401459854
12 2 -936285860 0 -55.0 1500 301 3
0 0 0 0 1 0.0 120 -0.008333333333333333 0.0
1 3 0 0 62 -310.0 62 -1.0 -5.0
2 0 1 0 0 -119.0 119 0.0 -1.0
12 2 733172737 0 -43.0 1500 239 3
0 0 0 0 0 0.0 101 0.0 0.0
1 3 0 0 37 -185.0 37 -1.0 -5.0
2 0 1 0 0 -101.0 101 0.0 -1.0
12 2 -2105397021 0 -71.0 1500 362 3
0 0 0 0 0 -2.0 147 0.0 -0.013605442176870748
1 3 0 0 68 -340.0 68 -1.0 -5.0
2 0 1 0 0 -151.0 147 0.0 -1.0272108843537415
12 2 2109285984 0 -33.0 1500 322 3
0 0 0 0 0 0.0 131 0.0 0.0
1 3 0 0 60 -300.0 60 -1.0 -5.0
2 0 1 0 0 -131.0 131 0.0 -1.0
12 2 447777397 0 -40.0 1500 242 3
0 0 0 0 0 0.0 94 0.0 0.0
1 3 0 0 54 -270.0 54 -1.0 -5.0
2 0 1 0 0 -94.0 94 0.0 -1.0
12 2 -476983225 0 -56.0 1500 269 3
0 0 0 0 0 0.0 128 0.0 0.0
1 3 0 0 16 -80.0 16 -1.0 -5.0
2 0 1 0 0 -125.0 125 0.0 -1.0
12 2 1559754084 0 -48.0 1500 346 3
0 0 0 0 0 0.0 144 0.0 0.0
1 3 0 0 58 -290.0 58 -1.0 -5.0
2 0 1 0 0 -144.0 144 0.0 -1.0
12 2 1971076178 0 -23.0 1500 116 3
0 0 0 0 0 0.0 55 0.0 0.0
1 3 0 0 6 -30.0 6 -1.0 -5.0
2 0 1 0 0 -55.0 55 0.0 -1.0
12 2 -1532377972 1 1.0 1270 373 3
0 0 0 0 0 26.0 167 0.0 0.15568862275449102
1 3 0 0 39 -195.0 39 -1.0 -5.0
2 0 1 0 0 -171.0 167 0.0 -1.0239520958083832
12 2 1470582831 0 -96.0 1500 497 3
0 0 0 0 0 0.0 230 0.0 0.0
1 3 0 0 37 -185.0 37 -1.0 -5.0
2 0 1 0 0 -230.0 230 0.0 -1.0
12 2 -497142850 0 -62.0 1500 435 3
0 0 0 0 0 -2.0 172 0.0 -0.011627906976744186
1 3 0 0 91 -455.0 91 -1.0 -5.0
2 0 1 0 0 -172.0 172 0.0 -1.0
12 2 -364748368 0 -58.0 1500 338 3
0 0 0 0 0 0.0 136 0.0 0.0
1 3 0 0 66 -332.0 66 -1.0 -5.03030303030303
2 0 1 0 0 -136.0 136 0.0 -1.0
12 2 -438443005 0 -39.0 1500 217 3
0 0 0 0 0 0.0 99 0.0 0.0
1 3 0 0 20 -100.0 20 -1.0 -5.0
2 0 1 0 0 -98.0 98 0.0 -1.0
12 2 -583991526 1 1.0 1010 453 3
0 0 0 0 0 0.0 192 0.0 0.0
1 3 0 0 69 -345.0 69 -1.0 -5.0
2 0 1 0 0 -190.0 192 0.0 -0.9895833333333334
12 2 -797199763 0 -90.0 1500 422 3
0 0 0 0 0 -2.0 196 0.0 -0.01020408163265306
1 3 0 0 31 -155.0 31 -1.0 -5.0
2 0 1 0 0 -199.0 195 0.0 -1.0205128205128204
12 2 330739523 0 -61.0 1500 303 3
0 0 0 0 0 0.0 133 0.0 0.0
1 3 0 0 37 -185.0 37 -1.0 -5.0
2 0 1 0 0 -133.0 133 0.0 -1.0
12 2 -470792043 0 -73.0 1500 364 3
0 0 0 0 0 0.0 147 0.0 0.0
1 3 0 0 71 -357.0 71 -1.0 -5.028169014084507
2 0 1 0 0 -146.0 146 0.0 -1.0
12 3 -993551100 0 -119.0 1172 10669 3
0 0 0 0 0 -110.0 6376 0.0 -0.01725219573400251
1 3 0 0 473 -2363.0 473 -1.0 -4.995771670190275
2 0 1 0 0 -3886.0 3820 0.0 -1.0172774869109948
12 3 1102137928 0 -48.0 394 5493 3
0 0 0 0 0 -10.0 3145 0.0 -0.003179650238473768
1 3 0 0 501 -2505.0 501 -1.0 -5.0
2 0 1 0 0 -1851.0 1847 0.0 -1.0021656740660532
12 3 125633715 0 -48.0 384 5376 3
0 0 0 0 0 -14.0 3163 0.0 -0.004426177679418274
1 3 0 0 372 -1860.0 372 -1.0 -5.0
2 0 1 0 0 -1845.0 1841 0.0 -1.002172732210755
12 3 -941798550 0 -38.0 402 4323 3
0 0 0 0 0 0.0 2484 0.0 0.0
1 3 0 0 206 -1030.0 206 -1.0 -5.0
2 0 1 0 0 -1633.0 1633 0.0 -1.0
12 3 -2011746982 1 1.0 1290 12916 3
0 0 0 1 0 136.0 7219 1.3852334118298935E-4 0.01883917440088655
1 3 0 0 1252 -6242.0 1252 -1.0 -4.985623003194888
2 0 1 1 0 -4287.0 4445 2.249718785151856E-4 -0.9644544431946007
12 3 -795081428 0 -10.0 85 1184 3
0 0 0 0 0 0.0 606 0.0 0.0
1 3 0 0 174 -870.0 174 -1.0 -5.0
2 0 1 0 0 -404.0 404 0.0 -1.0
12 3 -974043118 0 -31.0 216 3563 3
0 0 0 0 0 0.0 2043 0.0 0.0
1 3 0 0 343 -1715.0 343 -1.0 -5.0
2 0 1 0 0 -1177.0 1177 0.0 -1.0
12 3 995186350 0 -103.0 1445 13880 3
0 0 0 0 0 56.0 7917 0.0 0.007073386383731211
1 3 0 0 971 -4845.0 971 -1.0 -4.989701338825952
2 0 1 0 0 -4958.0 4992 0.0 -0.9931891025641025
12 3 -1391925722 0 -70.0 608 9294 3
0 0 0 0 0 0.0 5292 0.0 0.0
1 3 0 0 876 -4380.0 876 -1.0 -5.0
2 0 1 0 0 -3126.0 3126 0.0 -1.0
12 3 14679713 0 -61.0 533 7159 3
0 0 0 0 0 -2.0 3971 0.0 -5.03651473180559E-4
1 3 0 0 776 -3876.0 776 -1.0 -4.994845360824742
2 0 1 0 0 -2412.0 2412 0.0 -1.0
12 3 1161320280 0 -50.0 453 4386 3
0 0 0 0 0 2.0 2649 0.0 7.550018875047187E-4
1 3 0 0 135 -673.0 135 -1.0 -4.985185185185185
2 0 1 0 0 -1602.0 1602 0.0 -1.0
12 3 -656047765 0 -86.0 1080 9336 3
0 0 0 0 0 -90.0 5047 0.0 -0.01783237566871409
1 3 0 0 1135 -5683.0 1135 -1.0 -5.00704845814978
2 0 1 0 0 -3190.0 3154 0.0 -1.0114140773620799
12 3 -524770295 0 -110.0 933 11762 3
0 0 0 0 0 -118.0 6614 0.0 -0.017840943453280918
1 3 0 0 976 -4888.0 976 -1.0 -5.008196721311475
2 0 1 0 0 -4234.0 4172 0.0 -1.0148609779482263
12 3 -475765317 0 -90.0 1500 11534 3
0 0 0 0 25 -8.0 6734 -0.0037125037125037125 -0.001188001188001188
1 3 0 0 651 -3275.0 651 -1.0 -5.030721966205837
2 0 1 0 13 -4153.0 4149 -0.0031332851289467343 -1.0009640877319836
12 3 242836449 0 -55.0 565 7002 3
0 0 0 0 0 22.0 4174 0.0 0.005270723526593196
1 3 0 0 259 -1243.0 259 -1.0 -4.7992277992278
2 0 1 0 0 -2589.0 2569 0.0 -1.0077851304009342
12 3 1137533017 0 -48.0 353 6221 3
0 0 0 0 0 -24.0 3700 0.0 -0.006486486486486486
1 3 0 0 236 -1192.0 236 -1.0 -5.0508474576271185
2 0 1 0 0 -2301.0 2285 0.0 -1.0070021881838074
12 3 -1926607219 0 -89.0 1500 13733 3
0 0 0 0 6 -46.0 7978 -7.520681875156681E-4 -0.005765856104286789
1 3 0 0 737 -3693.0 737 -1.0 -5.010854816824966
2 0 1 0 4 -4994.0 5018 -7.971303308090873E-4 -0.9952172180151455
12 3 -439999406 0 -87.0 801 11517 3
0 0 0 0 0 -50.0 6612 0.0 -0.007562008469449486
1 3 0 0 804 -4024.0 804 -1.0 -5.0049751243781095
2 0 1 0 0 -4137.0 4101 0.0 -1.0087783467446965
12 3 1962758395 0 -35.0 351 4234 3
0 0 0 0 0 0.0 2481 0.0 0.0
1 3 0 0 192 -960.0 192 -1.0 -5.0
2 0 1 0 0 -1561.0 1561 0.0 -1.0
12 3 1144687843 0 -89.0 978 11431 3
0 0 0 0 0 26.0 6473 0.0 0.004016684690251815
1 3 0 0 871 -4327.0 871 -1.0 -4.967853042479908
2 0 1 0 0 -4089.0 4087 0.0 -1.0004893564962074
12 4 247076133 1 1.0 1085 14674 3
0 0 0 7 0 216.0 8503 8.232388568740445E-4 0.025402799012113373
1 3 0 0 855 -4249.0 855 -1.0 -4.969590643274854
2 0 1 4 0 -5204.0 5316 7.524454477050414E-4 -0.9789315274642588
12 4 -945434653 1 1.0 1375 16697 3
0 0 0 5 0 24.0 9329 5.359631257369493E-4 0.0025726230035373566
1 3 0 0 1520 -7282.0 1520 -1.0 -4.79078947368421
2 0 1 5 0 -5776.0 5848 8.549931600547196E-4 -0.987688098495212
12 4 -1693312207 1 1.0 1320 15460 3
0 0 0 16 0 216.0 8694 0.001840349666436623 0.024844720496894408
1 3 0 0 1371 -6859.0 1371 -1.0 -5.00291757840992
2 0 1 5 0 -5201.0 5395 9.267840593141798E-4 -0.9640407784986098
12 4 3830885 1 1.0 1260 15545 3
0 0 0 3 0 110.0 8758 3.425439598081754E-4 0.01255994519296643
1 3 0 0 1145 -5707.0 1145 -1.0 -4.984279475982532
2 0 1 2 0 -5530.0 5642 3.544842254519674E-4 -0.9801488833746899
12 4 -1760595065 1 1.0 1010 13343 3
0 0 0 19 0 274.0 7827 0.0024274945700779355 0.035007026957966016
1 3 0 0 812 -4032.0 812 -1.0 -4.9655172413793105
2 0 1 2 0 -4706.0 4704 4.2517006802721087E-4 -1.0004251700680271
12 4 -1876649885 0 -106.0 1497 14606 3
0 0 0 0 0 42.0 8599 0.0 0.00488428887079893
1 3 0 0 1121 -5611.0 1121 -1.0 -5.005352363960749
2 0 1 0 0 -4870.0 4886 0.0 -0.9967253376995497
12 4 -1482819346 1 1.0 1125 14951 3
0 0 0 6 0 172.0 8793 6.82360968952576E-4 0.019561014443307177
1 3 0 0 824 -4130.0 824 -1.0 -5.012135922330097
2 0 1 6 0 -5216.0 5334 0.0011248593925759281 -0.9778777652793401
12 4 -1787994282 0 -87.0 1496 9593 3
0 0 0 0 0 -54.0 5409 0.0 -0.009983361064891847
1 3 0 0 785 -3927.0 785 -1.0 -5.002547770700637
2 0 1 0 0 -3437.0 3399 0.0 -1.0111797587525744
12 4 1267830727 1 1.0 1380 16370 3
0 0 0 0 0 38.0 9395 0.0 0.004044704630122405
1 3 0 0 1346 -6686.0 1346 -1.0 -4.9673105497771175
2 0 1 0 0 -5601.0 5629 0.0 -0.9950257594599397
12 4 -2105237705 1 1.0 1415 16305 3
0 0 0 0 0 16.0 9570 0.0 0.001671891327063741
1 3 0 0 1072 -5328.0 1072 -1.0 -4.970149253731344
2 0 1 0 0 -5685.0 5663 0.0 -1.003884866678439
12 4 376509548 1 1.0 1055 13275 3
0 0 0 0 0 -44.0 7622 0.0 -0.005772763054316453
1 3 0 0 979 -4913.0 979 -1.0 -5.018386108273749
2 0 1 0 0 -4720.0 4674 0.0 -1.009841677364142
12 4 1062266995 0 -110.0 1500 14969 3
0 0 0 0 0 14.0 8577 0.0 0.0016322723563017372
1 3 0 0 1098 -5512.0 1098 -1.0 -5.020036429872495
2 0 1 0 0 -5250.0 5294 0.0 -0.9916887041934265
12 4 -1454138220 0 -119.0 1500 19439 3
0 0 0 0 0 -40.0 11258 0.0 -0.003553028957186001
1 3 0 0 1235 -6181.0 1235 -1.0 -5.004858299595142
2 0 1 0 0 -6938.0 6946 0.0 -0.9988482579902102
12 4 -651292362 0 -94.0 1500 13099 3
0 0 0 0 0 144.0 7554 0.0 0.019062748212867357
1 3 0 0 761 -3801.0 761 -1.0 -4.994743758212878
2 0 1 0 0 -4726.0 4784 0.0 -0.987876254180602
12 4 1524883114 1 1.0 1455 12465 3
0 0 0 1 0 50.0 7280 1.3736263736263736E-4 0.006868131868131868
1 3 0 0 641 -3201.0 641 -1.0 -4.993759750390016
2 0 1 0 0 -4576.0 4544 0.0 -1.0070422535211268
12 4 246596381 1 1.0 1100 12911 3
0 0 0 0 0 -6.0 7181 0.0 -8.355382258738338E-4
1 3 0 0 1313 -6553.0 1313 -1.0 -4.990860624523991
2 0 1 0 0 -4443.0 4417 0.0 -1.005886348200136
12 4 -1812517794 1 1.0 1315 16264 3
0 0 0 0 0 102.0 9280 0.0 0.010991379310344827
1 3 0 0 1344 -6656.0 1344 -1.0 -4.9523809523809526
2 0 1 0 0 -5632.0 5640 0.0 -0.9985815602836879
12 4 151512299 0 -100.0 1500 15301 3
0 0 0 0 10 20.0 9152 -0.0010926573426573427 0.0021853146853146855
1 3 0 0 542 -2710.0 542 -1.0 -5.0
2 0 1 0 6 -5589.0 5607 -0.001070090957731407 -0.9967897271268058
12 4 -402177471 0 -112.0 1494 16437 3
0 0 0 0 0 12.0 9484 0.0 0.0012652889076339097
1 3 0 0 1309 -6557.0 1309 -1.0 -5.009167303284951
2 0 1 0 0 -5618.0 5644 0.0 -0.9953933380581148
12 4 -2076425393 0 -99.0 1500 13925 3
0 0 0 0 0 -94.0 8115 0.0 -0.011583487369069624
1 3 0 0 895 -4483.0 895 -1.0 -5.008938547486034
2 0 1 0 0 -4953.0 4915 0.0 -1.0077314343845372
