17 0 234391465 1 1014.0 1000 134466 7
0 16 0 0 1 0.0 1 -1.0 0.0
1 17 0 0 0 2008.0 751 0.0 2.673768308921438
2 2 0 119 0 99338.0 132234 8.999198390731582E-4 0.7512288821331882
3 14 0 0 4 0.0 4 -1.0 0.0
4 16 1 0 0 192.0 99 0.0 1.9393939393939394
5 14 1 0 0 1191.0 1191 0.0 1.0
6 15 1 0 0 198.0 186 0.0 1.064516129032258
17 0 1160994867 1 1011.0 1000 127215 6
0 17 0 0 0 0.0 364 0.0 0.0
1 2 0 108 0 58314.0 125280 8.620689655172414E-4 0.46546934865900386
2 14 0 0 3 0.0 3 -1.0 0.0
3 16 1 0 0 121.0 99 0.0 1.2222222222222223
4 14 1 0 0 1083.0 1083 0.0 1.0
5 15 1 0 0 408.0 386 0.0 1.0569948186528497
17 0 -935321081 1 9.0 1000 126839 6
0 17 0 0 0 0.0 419 0.0 0.0
1 2 0 97 0 1295.0 125076 7.755284786849596E-4 0.010353704947391986
2 14 0 0 2 0.0 2 -1.0 0.0
3 16 1 0 0 273.0 249 0.0 1.0963855421686748
4 14 1 0 0 577.0 559 0.0 1.0322003577817531
5 15 1 0 0 561.0 534 0.0 1.050561797752809
17 0 1786376571 1 19.0 1000 127583 7
0 17 0 0 0 1.0 409 0.0 0.0024449877750611247
1 2 0 107 0 3401.0 125344 8.536507531273934E-4 0.02713332907837631
2 14 0 0 2 0.0 2 -1.0 0.0
3 15 0 0 7 1.0 7 -1.0 0.14285714285714285
4 16 1 0 0 483.0 413 0.0 1.1694915254237288
5 14 1 0 0 959.0 869 0.0 1.1035673187571922
6 15 1 0 1 611.0 539 -0.0018552875695732839 1.1335807050092765
17 0 -175489770 1 29.0 1000 98124 7
0 16 0 0 1 0.0 1 -1.0 0.0
1 17 0 0 0 2.0 201 0.0 0.009950248756218905
2 2 0 122 0 3150.0 94127 0.0012961211979559532 0.03346542437345289
3 14 0 0 104 9.0 104 -1.0 0.08653846153846154
4 16 1 0 1 1930.0 1393 -7.178750897343862E-4 1.3854989231873653
5 14 1 0 8 1391.0 1379 -0.005801305293691081 1.0087019579405365
6 15 1 0 0 1043.0 919 0.0 1.1349292709466812
17 0 321332253 1 19.0 1000 117666 6
0 17 0 0 0 0.0 253 0.0 0.0
1 2 0 103 0 1688.0 115453 8.921379262557058E-4 0.014620668150676032
2 14 0 0 23 1.0 23 -1.0 0.043478260869565216
3 16 1 0 0 573.0 483 0.0 1.186335403726708
4 14 1 0 1 1005.0 1005 -9.950248756218905E-4 1.0
5 15 1 0 0 465.0 449 0.0 1.0356347438752784
17 0 1381683594 1 12.0 1000 116734 6
0 17 0 0 0 1.0 249 0.0 0.004016064257028112
1 2 0 93 0 1009.0 115271 8.067944235757476E-4 0.00875328573535408
2 14 0 0 7 1.0 7 -1.0 0.14285714285714285
3 16 1 0 0 77.0 72 0.0 1.0694444444444444
4 14 1 0 1 1037.0 970 -0.0010309278350515464 1.0690721649484536
5 15 1 0 0 170.0 165 0.0 1.0303030303030303
17 0 -1298850465 1 1023.0 1000 115878 7
0 16 0 0 17 1.0 17 -1.0 0.058823529411764705
1 17 0 2 0 0.0 742 0.0026954177897574125 0.0
2 2 0 112 0 105991.0 111130 0.0010078286691262484 0.9537568613335733
3 14 0 0 37 2.0 37 -1.0 0.05405405405405406
4 16 1 0 1 1874.0 840 -0.0011904761904761906 2.230952380952381
5 14 1 0 2 2816.0 2635 -7.590132827324478E-4 1.0686907020872864
6 15 1 0 0 3511.0 477 0.0 7.360587002096436
17 0 -1400232590 1 1024.0 1000 105995 8
0 16 0 0 56 10.0 56 -1.0 0.17857142857142858
1 17 0 0 0 1.0 443 0.0 0.002257336343115124
2 2 0 118 0 65586.0 102394 0.0011524112740980918 0.6405258120593004
3 14 0 0 18 4.0 18 -1.0 0.2222222222222222
4 15 0 0 2 0.0 2 -1.0 0.0
5 16 1 0 5 1190.0 940 -0.005319148936170213 1.2659574468085106
6 14 1 0 3 1303.0 1301 -0.0023059185242121443 1.0015372790161414
7 15 1 0 4 991.0 841 -0.0047562425683709865 1.1783590963139121
17 0 -52555528 1 1024.0 1000 128386 8
0 16 0 0 24 0.0 24 -1.0 0.0
1 17 0 0 0 5.0 505 0.0 0.009900990099009901
2 2 0 122 0 74708.0 124931 9.765390495553545E-4 0.597994092739192
3 14 0 0 2 0.0 2 -1.0 0.0
4 15 0 0 17 0.0 17 -1.0 0.0
5 16 1 0 0 587.0 297 0.0 1.9764309764309764
6 14 1 1 0 1277.0 1277 7.830853563038371E-4 1.0
7 15 1 0 0 1538.0 1333 0.0 1.1537884471117779
17 0 -1828262963 1 1017.0 1000 115268 8
0 16 0 0 1 0.0 1 -1.0 0.0
1 17 0 0 0 1.0 363 0.0 0.0027548209366391185
2 2 0 97 0 46274.0 113188 8.569813054387391E-4 0.4088242569883733
3 14 0 0 6 0.0 6 -1.0 0.0
4 15 0 0 1 0.0 1 -1.0 0.0
5 16 1 0 0 445.0 434 0.0 1.0253456221198156
6 14 1 0 0 951.0 946 0.0 1.0052854122621564
7 15 1 0 0 340.0 329 0.0 1.033434650455927
17 0 -50353604 1 1011.0 1000 133094 6
0 17 0 0 0 3000.0 353 0.0 8.498583569405099
1 2 0 108 0 71379.0 131126 8.236352820950841E-4 0.5443542851913427
2 14 0 0 1 0.0 1 -1.0 0.0
3 16 1 0 0 827.0 409 0.0 2.02200488997555
4 14 1 0 0 731.0 731 0.0 1.0
5 15 1 0 0 842.0 474 0.0 1.7763713080168777
17 0 2110481490 1 23.0 1000 100933 8
0 16 0 0 15 1.0 15 -1.0 0.06666666666666667
1 17 0 0 0 0.0 264 0.0 0.0
2 2 0 19 0 1605.0 97800 1.9427402862985684E-4 0.016411042944785275
3 14 0 0 17 1.0 17 -1.0 0.058823529411764705
4 15 0 0 12 1.0 12 -1.0 0.08333333333333333
5 16 1 0 1 959.0 863 -0.0011587485515643105 1.111239860950174
6 14 1 0 1 1352.0 1332 -7.507507507507507E-4 1.015015015015015
7 15 1 0 1 727.0 630 -0.0015873015873015873 1.1539682539682539
17 0 -353065797 1 2017.0 1000 111125 8
0 16 0 0 14 1.0 14 -1.0 0.07142857142857142
1 17 0 0 1 0.0 514 -0.0019455252918287938 0.0
2 2 0 101 0 127824.0 108557 9.303868014038707E-4 1.1774827970559245
3 14 0 0 21 1.0 21 -1.0 0.047619047619047616
4 15 0 0 2 0.0 2 -1.0 0.0
5 16 1 0 1 512.0 476 -0.0021008403361344537 1.0756302521008403
6 14 1 0 1 1340.0 1278 -7.82472613458529E-4 1.0485133020344288
7 15 1 0 0 392.0 263 0.0 1.4904942965779469
17 0 627461050 1 14.0 1000 112260 5
0 17 0 0 0 0.0 269 0.0 0.0
1 2 0 104 0 21484.0 110097 9.446215609871296E-4 0.19513701554084126
2 16 1 0 0 487.0 397 0.0 1.2267002518891688
3 14 1 0 0 639.0 639 0.0 1.0
4 15 1 0 0 1082.0 858 0.0 1.2610722610722611
17 0 113461644 1 2009.0 1000 115219 6
0 17 0 0 3 0.0 663 -0.004524886877828055 0.0
1 2 0 103 0 186050.0 113398 9.083052611157163E-4 1.6406814935007672
2 14 0 0 14 0.0 14 -1.0 0.0
3 16 1 0 0 214.0 204 0.0 1.0490196078431373
4 14 1 0 0 773.0 762 0.0 1.0144356955380578
5 15 1 0 0 188.0 178 0.0 1.0561797752808988
17 0 -941712103 1 1024.0 1000 94173 7
0 17 0 0 0 1.0 625 0.0 0.0016
1 2 0 122 0 149422.0 90114 0.0013538406906806934 1.6581441285482832
2 14 0 0 15 1.0 15 -1.0 0.06666666666666667
3 15 0 0 1 0.0 1 -1.0 0.0
4 16 1 0 0 695.0 500 0.0 1.39
5 14 1 0 1 2269.0 2267 -4.411116012351125E-4 1.0008822232024703
6 15 1 0 0 689.0 651 0.0 1.0583717357910907
17 0 -1283753731 1 2012.0 1000 129527 6
0 17 0 0 0 3000.0 680 0.0 4.411764705882353
1 2 0 110 0 175149.0 127761 8.609826159782719E-4 1.3709113109634397
2 14 0 0 1 0.0 1 -1.0 0.0
3 16 1 0 0 56.0 42 0.0 1.3333333333333333
4 14 1 0 0 933.0 794 0.0 1.1750629722921915
5 15 1 0 0 263.0 249 0.0 1.0562248995983936
17 0 1338217085 1 8.0 1000 114720 6
0 17 0 0 0 0.0 308 0.0 0.0
1 2 0 82 0 10863.0 113471 7.226516026121212E-4 0.09573371169726186
2 14 0 0 4 0.0 4 -1.0 0.0
3 16 1 0 0 50.0 45 0.0 1.1111111111111112
4 14 1 0 0 771.0 769 0.0 1.0026007802340702
5 15 1 0 0 129.0 123 0.0 1.048780487804878
17 0 2047855146 1 1015.0 1000 134698 7
0 16 0 0 1 0.0 1 -1.0 0.0
1 17 0 0 1 5000.0 388 -0.002577319587628866 12.88659793814433
2 2 0 103 0 83338.0 132572 7.769363063090246E-4 0.6286244455842863
3 14 0 0 23 3.0 23 -1.0 0.13043478260869565
4 16 1 0 0 581.0 550 0.0 1.0563636363636364
5 14 1 0 3 849.0 839 -0.003575685339690107 1.0119189511323003
6 15 1 0 0 355.0 325 0.0 1.0923076923076922
17 1 518530092 1 2066.0 1000 122602 8
0 16 0 0 17 1.0 17 -1.0 0.058823529411764705
1 17 0 0 2 12032.0 1390 -0.0014388489208633094 8.656115107913669
2 2 0 173 0 392913.0 116007 0.0014912893187480065 3.386976647960899
3 14 0 0 95 11.0 95 -1.0 0.11578947368421053
4 15 0 0 9 0.0 9 -1.0 0.0
5 16 1 0 2 5113.0 2943 -6.795786612300374E-4 1.7373428474345907
6 14 1 0 9 10037.0 984 -0.009146341463414634 10.200203252032521
7 15 1 1 0 3698.0 1157 8.64304235090752E-4 3.1961970613656008
17 1 -593534001 1 2083.0 1000 116716 8
0 16 0 0 31 3.0 31 -1.0 0.0967741935483871
1 17 0 0 2 14.0 419 -0.00477326968973747 0.03341288782816229
2 2 0 171 0 103134.0 110226 0.0015513581187741549 0.9356594632845245
3 14 0 0 98 16.0 98 -1.0 0.16326530612244897
4 15 0 0 14 0.0 14 -1.0 0.0
5 16 1 0 9 4158.0 3302 -0.0027256208358570565 1.25923682616596
6 14 1 0 7 1531.0 1479 -0.004732927653820149 1.035158891142664
7 15 1 0 0 1633.0 1147 0.0 1.4237140366172625
17 1 -1286088818 1 2070.0 1000 114824 8
0 16 0 0 29 1.0 29 -1.0 0.034482758620689655
1 17 0 0 1 1018.0 639 -0.001564945226917058 1.5931142410015648
2 2 0 187 0 115298.0 108781 0.001719050201781561 1.0599093591711788
3 14 0 0 138 20.0 138 -1.0 0.14492753623188406
4 15 0 0 51 3.0 51 -1.0 0.058823529411764705
5 16 1 0 2 2811.0 2134 -9.372071227741331E-4 1.3172446110590441
6 14 1 0 19 1887.0 1862 -0.01020408163265306 1.0134264232008592
7 15 1 0 2 1539.0 1190 -0.0016806722689075631 1.2932773109243698
17 1 34181788 1 2065.0 1000 120093 8
0 16 0 0 13 0.0 13 -1.0 0.0
1 17 0 0 3 2031.0 851 -0.0035252643948296123 2.3866039952996476
2 2 0 180 0 208878.0 114784 0.0015681628101477559 1.8197483969891275
3 14 0 0 97 8.0 97 -1.0 0.08247422680412371
4 15 0 0 4 0.0 4 -1.0 0.0
5 16 1 0 1 4919.0 2301 -4.34593654932638E-4 2.137766188613646
6 14 1 0 5 2276.0 1264 -0.003955696202531646 1.8006329113924051
7 15 1 0 1 1024.0 779 -0.0012836970474967907 1.3145057766367136
17 1 -509167480 1 70.0 1000 131676 8
0 16 0 0 6 0.0 6 -1.0 0.0
1 17 0 0 0 2.0 220 0.0 0.00909090909090909
2 2 0 194 0 5107.0 125624 0.0015442908998280582 0.04065305992485512
3 14 0 0 87 6.0 87 -1.0 0.06896551724137931
4 15 0 0 7 0.0 7 -1.0 0.0
5 16 1 0 0 3613.0 3084 0.0 1.1715304798962387
6 14 1 0 6 1755.0 1655 -0.0036253776435045317 1.0604229607250755
7 15 1 0 0 1300.0 993 0.0 1.309164149043303
17 1 -1349545252 1 1062.0 1000 129002 8
0 16 0 0 4 0.0 4 -1.0 0.0
1 17 0 1 0 19.0 663 0.0015082956259426848 0.02865761689291101
2 2 0 170 0 141258.0 123727 0.0013739927420853978 1.1416909809499947
3 14 0 0 67 4.0 67 -1.0 0.05970149253731343
4 15 0 0 1 0.0 1 -1.0 0.0
5 16 1 0 0 3591.0 1845 0.0 1.946341463414634
6 14 1 0 4 7920.0 1911 -0.0020931449502878076 4.144427001569858
7 15 1 0 0 1105.0 784 0.0 1.409438775510204
17 1 -1856110946 1 2053.0 1000 130741 8
0 16 0 0 16 0.0 16 -1.0 0.0
1 17 0 1 0 47.0 850 0.001176470588235294 0.05529411764705883
2 2 0 187 0 98935.0 125403 0.001491192395716211 0.7889364688245097
3 14 0 0 23 3.0 23 -1.0 0.13043478260869565
4 15 0 0 12 0.0 12 -1.0 0.0
5 16 1 0 0 2819.0 2151 0.0 1.3105532310553232
6 14 1 0 3 1145.0 1136 -0.002640845070422535 1.0079225352112675
7 15 1 0 0 1477.0 1150 0.0 1.2843478260869565
17 1 2091254680 1 1060.0 1000 134739 8
0 16 0 0 30 3.0 30 -1.0 0.1
1 17 0 0 3 12.0 380 -0.007894736842105263 0.031578947368421054
2 2 0 198 0 43039.0 129428 0.0015298080786228638 0.33253237321136075
3 14 0 0 126 8.0 126 -1.0 0.06349206349206349
4 15 0 0 2 0.0 2 -1.0 0.0
5 16 1 0 3 2329.0 2032 -0.0014763779527559055 1.1461614173228347
6 14 1 0 8 1995.0 1986 -0.004028197381671702 1.0045317220543806
7 15 1 0 0 984.0 755 0.0 1.3033112582781456
17 1 680494668 1 1076.0 1000 112527 8
0 16 0 0 46 4.0 46 -1.0 0.08695652173913043
1 17 0 0 0 2.0 210 0.0 0.009523809523809525
2 2 0 181 0 50730.0 105590 0.0017141774789279289 0.48044322379013166
3 14 0 0 102 12.0 102 -1.0 0.11764705882352941
4 15 0 0 20 0.0 20 -1.0 0.0
5 16 1 0 5 3257.0 2854 -0.001751927119831815 1.1412053258584443
6 14 1 0 9 2154.0 2114 -0.004257332071901609 1.0189214758751182
7 15 1 0 1 1870.0 1591 -6.285355122564425E-4 1.1753614079195474
17 1 -1886551004 1 1043.0 1000 122118 8
0 16 0 0 22 0.0 22 -1.0 0.0
1 17 0 0 0 17.0 510 0.0 0.03333333333333333
2 2 0 168 0 28644.0 118532 0.001417338777714035 0.24165626160024298
3 14 0 0 67 7.0 67 -1.0 0.1044776119402985
4 15 0 0 13 1.0 13 -1.0 0.07692307692307693
5 16 1 0 1 1166.0 904 -0.0011061946902654867 1.2898230088495575
6 14 1 0 6 1303.0 1215 -0.0049382716049382715 1.0724279835390946
7 15 1 0 1 994.0 855 -0.0011695906432748538 1.1625730994152046
17 1 110453282 1 2077.0 1000 120063 8
0 16 0 0 48 2.0 48 -1.0 0.041666666666666664
1 17 0 1 4 1050.0 1234 -0.0024311183144246355 0.8508914100486223
2 2 0 169 0 119439.0 113454 0.0014895904948260968 1.0527526574646993
3 14 0 0 61 9.0 61 -1.0 0.14754098360655737
4 15 0 0 31 1.0 31 -1.0 0.03225806451612903
5 16 1 0 3 4179.0 2620 -0.0011450381679389313 1.5950381679389314
6 14 1 0 7 4637.0 1621 -0.00431832202344232 2.860579888957434
7 15 1 0 1 1278.0 994 -0.001006036217303823 1.2857142857142858
17 1 825945571 1 2061.0 1000 128037 8
0 16 0 0 15 0.0 15 -1.0 0.0
1 17 0 0 5 2017.0 853 -0.005861664712778429 2.364595545134818
2 2 0 163 0 156981.0 122405 0.0013316449491442342 1.2824721212368775
3 14 0 0 105 12.0 105 -1.0 0.11428571428571428
4 15 0 0 5 0.0 5 -1.0 0.0
5 16 1 0 0 2395.0 2072 0.0 1.1558880308880308
6 14 1 0 10 1813.0 1736 -0.00576036866359447 1.0443548387096775
7 15 1 0 2 1944.0 846 -0.002364066193853428 2.297872340425532
17 1 2082195655 1 1060.0 1000 111904 8
0 16 0 0 23 1.0 23 -1.0 0.043478260869565216
1 17 0 0 3 6.0 386 -0.007772020725388601 0.015544041450777202
2 2 0 170 0 58802.0 106550 0.0015954950727358047 0.5518723603941811
3 14 0 0 103 21.0 103 -1.0 0.20388349514563106
4 15 0 0 27 3.0 27 -1.0 0.1111111111111111
5 16 1 0 1 1555.0 1165 -8.583690987124463E-4 1.3347639484978542
6 14 1 0 16 2175.0 1749 -0.009148084619782733 1.2435677530017153
7 15 1 0 3 2235.0 1901 -0.0015781167806417674 1.1756970015781167
17 1 958752751 1 1053.0 1000 69316 8
0 16 0 0 15 3.0 15 -1.0 0.2
1 17 0 0 0 28.0 854 0.0 0.03278688524590164
2 2 0 206 0 33843.0 62470 0.003297582839763086 0.5417480390587482
3 14 0 0 74 10.0 74 -1.0 0.13513513513513514
4 15 0 0 37 4.0 37 -1.0 0.10810810810810811
5 16 1 0 3 3096.0 2389 -0.0012557555462536626 1.2959397237337797
6 14 1 0 9 1656.0 1613 -0.005579665220086794 1.0266584004959702
7 15 1 0 5 2586.0 1864 -0.002682403433476395 1.3873390557939915
17 1 1254540664 1 1060.0 1000 124285 8
0 16 0 0 27 3.0 27 -1.0 0.1111111111111111
1 17 0 14 2 14.0 506 0.023715415019762844 0.02766798418972332
2 2 0 169 0 75935.0 120585 0.0014015010158809139 0.6297217730231787
3 14 0 0 81 7.0 81 -1.0 0.08641975308641975
4 15 0 0 8 0.0 8 -1.0 0.0
5 16 1 0 3 2107.0 1474 -0.0020352781546811396 1.4294436906377206
6 14 1 4 7 1236.0 1222 -0.0024549918166939444 1.0114566284779052
7 15 1 0 0 648.0 382 0.0 1.6963350785340314
17 1 605368467 1 1061.0 1000 123939 8
0 16 0 0 20 3.0 20 -1.0 0.15
1 17 0 0 0 6.0 506 0.0 0.011857707509881422
2 2 0 171 0 113092.0 118939 0.0014377117682173215 0.9508403467323586
3 14 0 0 23 4.0 23 -1.0 0.17391304347826086
4 15 0 0 6 1.0 6 -1.0 0.16666666666666666
5 16 1 0 2 2391.0 1950 -0.0010256410256410256 1.2261538461538461
6 14 1 0 3 1558.0 1440 -0.0020833333333333333 1.0819444444444444
7 15 1 0 2 1485.0 1055 -0.0018957345971563982 1.4075829383886256
17 1 1312195137 1 50.0 1000 99580 8
0 16 0 0 6 0.0 6 -1.0 0.0
1 17 0 0 0 0.0 154 0.0 0.0
2 2 0 177 0 2639.0 95281 0.001857663122763195 0.02769702249136764
3 14 0 0 123 15.0 123 -1.0 0.12195121951219512
4 15 0 0 4 0.0 4 -1.0 0.0
5 16 1 2 0 1993.0 1701 0.0011757789535567313 1.1716637272192827
6 14 1 0 15 1679.0 1672 -0.008971291866028708 1.0041866028708133
7 15 1 1 0 866.0 639 0.001564945226917058 1.3552425665101722
17 1 1111671257 1 1065.0 1000 109105 8
0 16 0 0 23 2.0 23 -1.0 0.08695652173913043
1 17 0 0 2 9.0 317 -0.006309148264984227 0.028391167192429023
2 2 0 181 0 55494.0 103099 0.0017555941376734983 0.5382593429616194
3 14 0 0 132 12.0 132 -1.0 0.09090909090909091
4 15 0 0 5 0.0 5 -1.0 0.0
5 16 1 0 3 3421.0 2071 -0.0014485755673587638 1.6518590053114437
6 14 1 0 10 2155.0 2133 -0.0046882325363338025 1.0103141115799343
7 15 1 0 1 44688.0 1325 -7.547169811320754E-4 33.72679245283019
17 1 1781487234 1 1059.0 1000 115376 8
0 16 0 0 14 1.0 14 -1.0 0.07142857142857142
1 17 0 0 2 10.0 449 -0.004454342984409799 0.022271714922048998
2 2 0 140 0 43886.0 109799 0.001275057149882968 0.3996939862840281
3 14 0 0 99 7.0 99 -1.0 0.0707070707070707
4 15 0 0 14 2.0 14 -1.0 0.14285714285714285
5 16 1 0 1 1906.0 1739 -5.750431282346176E-4 1.0960322024151812
6 14 1 0 7 1845.0 1789 -0.003912800447177194 1.0313024035774176
7 15 1 0 2 1611.0 1473 -0.0013577732518669382 1.0936863543788187
17 1 73386891 0 22.0 442 4123 8
0 16 0 0 37 7.0 37 -1.0 0.1891891891891892
1 17 0 0 0 13.0 444 0.0 0.02927927927927928
2 2 0 0 0 1.0 196 0.0 0.00510204081632653
3 14 0 0 300 37.0 300 -1.0 0.12333333333333334
4 15 0 0 2 0.0 2 -1.0 0.0
5 16 1 0 4 590.0 464 -0.008620689655172414 1.271551724137931
6 14 1 0 34 1609.0 1584 -0.021464646464646464 1.0157828282828283
7 15 1 0 6 1211.0 1096 -0.005474452554744526 1.10492700729927
17 2 1080032395 1 1.0 1000 5910 3
0 17 0 0 0 0.0 7 0.0 0.0
1 2 0 6 0 5.0 5897 0.0010174665083940986 8.478887569950823E-4
2 14 1 0 0 6.0 6 0.0 1.0
17 2 415899210 1 1.0 1000 5666 3
0 17 0 0 0 0.0 6 0.0 0.0
1 2 0 6 0 6.0 5654 0.0010611956137247967 0.0010611956137247967
2 16 1 0 0 6.0 6 0.0 1.0
17 2 329463279 1 2.0 1000 5267 4
0 17 0 0 0 0.0 18 0.0 0.0
1 2 0 6 0 0.0 5240 0.0011450381679389313 0.0
2 14 0 0 1 0.0 1 -1.0 0.0
3 14 1 0 0 8.0 8 0.0 1.0
17 2 -1795856136 1 1.0 1000 5515 3
0 17 0 0 0 0.0 5 0.0 0.0
1 2 0 6 0 0.0 5504 0.0010901162790697674 0.0
2 14 1 0 0 6.0 6 0.0 1.0
17 2 -2003944436 1 1.0 1000 5703 3
0 17 0 0 0 0.0 13 0.0 0.0
1 2 0 6 0 0.0 5684 0.001055594651653765 0.0
2 14 1 0 0 6.0 6 0.0 1.0
17 2 102055120 1 1001.0 1000 5760 3
0 17 0 0 0 0.0 24 0.0 0.0
1 2 0 6 0 6006.0 5730 0.0010471204188481676 1.0481675392670158
2 14 1 0 0 6.0 6 0.0 1.0
17 2 1523856066 1 2.0 1000 5586 4
0 17 0 0 0 0.0 6 0.0 0.0
1 2 0 6 0 4.0 5571 0.0010770059235325794 7.180039490217197E-4
2 14 0 0 1 0.0 1 -1.0 0.0
3 14 1 0 0 8.0 8 0.0 1.0
17 2 1982320361 1 1025.0 1000 3816 8
0 16 0 0 4 0.0 4 -1.0 0.0
1 17 0 0 0 0.0 28 0.0 0.0
2 2 0 6 0 6012.0 3680 0.0016304347826086956 1.633695652173913
3 14 0 0 5 0.0 5 -1.0 0.0
4 15 0 0 3 0.0 3 -1.0 0.0
5 16 1 0 0 30.0 26 0.0 1.1538461538461537
6 14 1 0 0 40.0 40 0.0 1.0
7 15 1 0 0 32.0 30 0.0 1.0666666666666667
17 2 1006774776 0 8.0 235 41 6
0 16 0 0 1 0.0 1 -1.0 0.0
1 14 0 0 5 0.0 5 -1.0 0.0
2 15 0 0 3 0.0 3 -1.0 0.0
3 16 1 0 0 8.0 4 0.0 2.0
4 14 1 0 0 14.0 14 0.0 1.0
5 15 1 0 0 22.0 14 0.0 1.5714285714285714
17 2 875622843 1 1003.0 1000 5813 4
0 17 0 0 0 0.0 22 0.0 0.0
1 2 0 6 0 6016.0 5773 0.0010393209769617184 1.0420924995669496
2 16 1 0 0 6.0 6 0.0 1.0
3 14 1 0 0 12.0 12 0.0 1.0
17 2 -1989392508 1 1005.0 1000 5221 6
0 17 0 0 0 0.0 20 0.0 0.0
1 2 0 6 0 6000.0 5174 0.0011596443757247777 1.1596443757247776
2 14 0 0 1 0.0 1 -1.0 0.0
3 16 1 0 0 12.0 6 0.0 2.0
4 14 1 0 0 8.0 8 0.0 1.0
5 15 1 0 0 18.0 12 0.0 1.5
17 2 801338883 0 8.0 442 48 6
0 16 0 0 2 0.0 2 -1.0 0.0
1 17 0 0 0 0.0 8 0.0 0.0
2 15 0 0 1 0.0 1 -1.0 0.0
3 16 1 0 0 4.0 4 0.0 1.0
4 14 1 0 0 25.0 25 0.0 1.0
5 15 1 0 0 8.0 8 0.0 1.0
17 2 16901876 0 15.0 197 81 6
0 16 0 0 9 2.0 9 -1.0 0.2222222222222222
1 14 0 0 2 0.0 2 -1.0 0.0
2 15 0 0 2 0.0 2 -1.0 0.0
3 16 1 0 1 38.0 37 -0.02702702702702703 1.027027027027027
4 14 1 0 0 22.0 22 0.0 1.0
5 15 1 0 1 10.0 9 -0.1111111111111111 1.1111111111111112
17 2 -788821094 0 0.0 48 7 2
0 14 0 0 6 1.0 6 -1.0 0.16666666666666666
1 14 1 0 1 1.0 1 -1.0 1.0
17 2 1134593118 1 10.0 1000 5628 4
0 17 0 0 0 0.0 4 0.0 0.0
1 2 0 6 0 50.0 5564 0.0010783608914450035 0.008986340762041696
2 16 1 0 0 6.0 6 0.0 1.0
3 14 1 0 0 54.0 54 0.0 1.0
17 2 -524841361 1 2002.0 1000 5494 4
0 17 0 0 0 0.0 35 0.0 0.0
1 2 0 6 0 12000.0 5450 0.0011009174311926607 2.2018348623853212
2 14 0 0 1 0.0 1 -1.0 0.0
3 14 1 0 0 8.0 8 0.0 1.0
17 2 -2100252927 1 1003.0 1000 4629 5
0 17 0 0 0 0.0 34 0.0 0.0
1 2 0 6 0 6000.0 4568 0.0013134851138353765 1.3134851138353765
2 14 0 0 8 0.0 8 -1.0 0.0
3 16 1 0 0 6.0 6 0.0 1.0
4 14 1 0 0 13.0 13 0.0 1.0
17 2 524515100 1 2.0 1000 5810 4
0 2 0 6 0 12.0 5797 0.0010350181128169743 0.0020700362256339485
1 16 1 0 0 2.0 1 0.0 2.0
2 14 1 0 0 6.0 6 0.0 1.0
3 15 1 0 0 7.0 6 0.0 1.1666666666666667
17 2 26842312 1 1.0 1000 5813 3
0 17 0 0 0 0.0 12 0.0 0.0
1 2 0 6 0 5.0 5795 0.0010353753235547887 8.628127696289905E-4
2 14 1 0 0 6.0 6 0.0 1.0
17 2 -237885726 1 3.0 1000 5442 4
0 17 0 0 0 0.0 11 0.0 0.0
1 2 0 6 0 6.0 5415 0.00110803324099723 0.00110803324099723
2 14 0 0 1 0.0 1 -1.0 0.0
3 14 1 0 0 15.0 15 0.0 1.0
17 3 -1642626909 1 1049.0 1000 76305 8
0 16 0 0 50 6.0 50 -1.0 0.12
1 17 0 0 1 7.0 484 -0.002066115702479339 0.014462809917355372
2 2 0 132 0 104746.0 72545 0.0018195602729340408 1.4438762147632505
3 14 0 0 178 31.0 178 -1.0 0.17415730337078653
4 15 0 0 11 0.0 11 -1.0 0.0
5 16 1 0 6 1051.0 915 -0.006557377049180328 1.1486338797814208
6 14 1 0 31 2231.0 1228 -0.025244299674267102 1.8167752442996743
7 15 1 0 0 999.0 894 0.0 1.1174496644295302
17 3 -1857503440 0 1.0 86 732 6
0 16 0 0 86 4.0 86 -1.0 0.046511627906976744
1 2 0 0 0 1.0 40 0.0 0.025
2 14 0 0 35 6.0 35 -1.0 0.17142857142857143
3 16 1 0 4 162.0 117 -0.03418803418803419 1.3846153846153846
4 14 1 0 3 248.0 231 -0.012987012987012988 1.0735930735930737
5 15 1 0 3 251.0 223 -0.013452914798206279 1.1255605381165918
17 3 -747483173 1 53.0 1000 76865 8
0 16 0 0 92 6.0 92 -1.0 0.06521739130434782
1 17 0 0 0 12.0 313 0.0 0.038338658146964855
2 2 0 126 0 4815.0 73305 0.0017188459177409454 0.06568446899938613
3 14 0 0 186 20.0 186 -1.0 0.10752688172043011
4 15 0 0 3 0.0 3 -1.0 0.0
5 16 1 0 6 1536.0 1175 -0.005106382978723404 1.3072340425531914
6 14 1 0 19 1062.0 934 -0.020342612419700215 1.1370449678800856
7 15 1 0 1 1112.0 857 -0.0011668611435239206 1.2975495915985997
17 3 1377651745 1 1042.0 1000 72364 8
0 16 0 0 67 9.0 67 -1.0 0.13432835820895522
1 17 0 5 5 19.0 677 0.0 0.028064992614475627
2 2 0 0 0 46735.0 69470 0.0 0.6727364329926587
3 14 0 0 141 18.0 141 -1.0 0.1276595744680851
4 15 0 0 4 0.0 4 -1.0 0.0
5 16 1 0 9 496.0 410 -0.02195121951219512 1.2097560975609756
6 14 1 0 16 1234.0 1170 -0.013675213675213675 1.0547008547008547
7 15 1 0 0 454.0 425 0.0 1.068235294117647
17 3 -523148020 1 1074.0 1000 78377 8
0 16 0 0 13 2.0 13 -1.0 0.15384615384615385
1 17 0 2 0 20.0 139 0.014388489208633094 0.14388489208633093
2 2 0 104 0 26073.0 74051 0.0014044374822757288 0.3520951776478373
3 14 0 0 273 15.0 273 -1.0 0.054945054945054944
4 15 0 0 5 0.0 5 -1.0 0.0
5 16 1 2 2 2653.0 1949 0.0 1.3612108773730118
6 14 1 0 15 1330.0 1282 -0.01170046801872075 1.0374414976599065
7 15 1 0 0 1001.0 665 0.0 1.5052631578947369
17 3 758960765 1 48.0 1000 89441 8
0 16 0 0 4 1.0 4 -1.0 0.25
1 17 0 0 0 0.0 405 0.0 0.0
2 2 0 120 0 2255.0 85977 0.001395722111727555 0.026227944682880304
3 14 0 0 139 11.0 139 -1.0 0.07913669064748201
4 15 0 0 1 0.0 1 -1.0 0.0
5 16 1 0 1 1324.0 1080 -9.25925925925926E-4 1.2259259259259259
6 14 1 0 11 1341.0 1337 -0.008227374719521317 1.0029917726252804
7 15 1 0 0 605.0 498 0.0 1.214859437751004
17 3 -1578907317 1 1050.0 1000 54170 8
0 16 0 0 22 4.0 22 -1.0 0.18181818181818182
1 17 0 0 3 17.0 549 -0.00546448087431694 0.030965391621129327
2 2 0 143 0 43268.0 49929 0.0028640669751046487 0.8665905585932023
3 14 0 0 316 56.0 316 -1.0 0.17721518987341772
4 15 0 0 1 0.0 1 -1.0 0.0
5 16 1 0 5 1010.0 776 -0.006443298969072165 1.3015463917525774
6 14 1 0 53 1989.0 1978 -0.02679474216380182 1.0055611729019212
7 15 1 0 1 1736.0 599 -0.001669449081803005 2.8981636060100167
17 3 1901281373 1 1044.0 1000 74746 8
0 16 0 0 19 3.0 19 -1.0 0.15789473684210525
1 17 0 0 3 14.0 367 -0.008174386920980926 0.03814713896457766
2 2 0 0 0 31300.0 71782 0.0 0.4360424618985261
3 14 0 0 153 20.0 153 -1.0 0.13071895424836602
4 15 0 0 12 0.0 12 -1.0 0.0
5 16 1 0 4 510.0 351 -0.011396011396011397 1.452991452991453
6 14 1 0 19 2584.0 1489 -0.012760241773002015 1.735392881128274
7 15 1 0 0 692.0 573 0.0 1.2076788830715532
17 3 511757451 0 8.0 202 1447 7
0 16 0 0 84 14.0 84 -1.0 0.16666666666666666
1 17 0 0 4 2.0 158 -0.02531645569620253 0.012658227848101266
2 2 0 0 0 1.0 21 0.0 0.047619047619047616
3 14 0 0 271 8.0 271 -1.0 0.02952029520295203
4 16 1 0 14 207.0 188 -0.07446808510638298 1.101063829787234
5 14 1 0 8 393.0 392 -0.02040816326530612 1.0025510204081634
6 15 1 0 0 352.0 333 0.0 1.057057057057057
17 3 1108299049 0 1.0 121 3427 3
0 2 0 0 0 7.0 3046 0.0 0.002298095863427446
1 14 0 0 213 15.0 213 -1.0 0.07042253521126761
2 14 1 0 15 168.0 168 -0.08928571428571429 1.0
17 3 -2099001558 0 1.0 72 423 7
0 16 0 0 113 8.0 113 -1.0 0.07079646017699115
1 17 0 0 0 0.0 77 0.0 0.0
2 14 0 0 8 2.0 8 -1.0 0.25
3 15 0 0 1 0.0 1 -1.0 0.0
4 16 1 0 8 53.0 53 -0.1509433962264151 1.0
5 14 1 0 2 169.0 169 -0.011834319526627219 1.0
6 15 1 0 0 2.0 2 0.0 1.0
17 3 -1427133158 1 1045.0 1000 86097 8
0 16 0 0 10 0.0 10 -1.0 0.0
1 17 0 9 3 2006.0 440 0.013636363636363636 4.5590909090909095
2 2 0 123 0 93797.0 82832 0.001484933359088275 1.1323763762796986
3 14 0 0 330 26.0 330 -1.0 0.07878787878787878
4 15 0 0 11 0.0 11 -1.0 0.0
5 16 1 0 0 536.0 394 0.0 1.3604060913705585
6 14 1 1 26 3630.0 1616 -0.01547029702970297 2.246287128712871
7 15 1 0 0 618.0 464 0.0 1.331896551724138
17 3 -1278881881 0 1.0 81 955 5
0 16 0 0 158 17.0 158 -1.0 0.10759493670886076
1 17 0 0 0 0.0 1 0.0 0.0
2 2 0 0 0 1.0 553 0.0 0.0018083182640144665
3 16 1 0 16 224.0 222 -0.07207207207207207 1.009009009009009
4 14 1 0 1 23.0 21 -0.047619047619047616 1.0952380952380953
17 3 -1269278670 1 1041.0 1000 79318 8
0 16 0 0 29 1.0 29 -1.0 0.034482758620689655
1 17 0 0 1 9.0 527 -0.0018975332068311196 0.017077798861480076
2 2 0 114 0 55514.0 75959 0.0015008096473097328 0.730841638252215
3 14 0 0 165 13.0 165 -1.0 0.07878787878787878
4 15 0 0 13 1.0 13 -1.0 0.07692307692307693
5 16 1 0 1 667.0 554 -0.0018050541516245488 1.203971119133574
6 14 1 0 13 1798.0 1682 -0.0077288941736028535 1.0689655172413792
7 15 1 0 1 450.0 389 -0.002570694087403599 1.1568123393316196
17 3 -1059121115 0 44.0 565 53891 8
0 16 0 0 172 53.0 172 -1.0 0.3081395348837209
1 17 0 0 3 13.0 378 -0.007936507936507936 0.03439153439153439
2 2 0 0 0 1812.0 50340 0.0 0.03599523241954708
3 14 0 0 130 26.0 130 -1.0 0.2
4 15 0 0 17 2.0 17 -1.0 0.11764705882352941
5 16 1 0 33 1862.0 1226 -0.026916802610114192 1.5187601957585644
6 14 1 0 23 1265.0 1256 -0.018312101910828025 1.0071656050955413
7 15 1 0 3 610.0 372 -0.008064516129032258 1.6397849462365592
17 3 -1610925020 0 1049.0 849 62495 7
0 16 0 0 20 1.0 20 -1.0 0.05
1 17 0 0 0 3.0 248 0.0 0.012096774193548387
2 2 0 0 0 29105.0 58645 0.0 0.4962912439253133
3 14 0 0 228 18.0 228 -1.0 0.07894736842105263
4 16 1 0 3 2104.0 1555 -0.0019292604501607716 1.3530546623794213
5 14 1 0 16 1212.0 1201 -0.013322231473771857 1.0091590341382182
6 15 1 0 0 795.0 598 0.0 1.3294314381270902
17 3 1102807554 0 16.0 331 1687 7
0 16 0 0 149 11.0 149 -1.0 0.0738255033557047
1 17 0 0 0 1.0 120 0.0 0.008333333333333333
2 2 0 0 0 0.0 6 0.0 0.0
3 14 0 0 171 16.0 171 -1.0 0.0935672514619883
4 16 1 0 11 409.0 233 -0.04721030042918455 1.7553648068669527
5 14 1 0 16 755.0 666 -0.024024024024024024 1.1336336336336337
6 15 1 0 0 387.0 342 0.0 1.131578947368421
17 3 -1352035781 1 1053.0 1000 81503 8
0 16 0 0 3 0.0 3 -1.0 0.0
1 17 0 0 1 13.0 468 -0.002136752136752137 0.027777777777777776
2 2 0 4 0 56832.0 77534 5.159027007506384E-5 0.7329945572265071
3 14 0 0 74 6.0 74 -1.0 0.08108108108108109
4 15 0 0 8 0.0 8 -1.0 0.0
5 16 1 0 0 2007.0 1351 0.0 1.4855662472242783
6 14 1 4 6 2095.0 1048 -0.0019083969465648854 1.9990458015267176
7 15 1 0 0 1435.0 1017 0.0 1.4110127826941987
17 3 -1282257473 1 1048.0 1000 63345 8
0 16 0 0 41 5.0 41 -1.0 0.12195121951219512
1 17 0 0 1 27.0 668 -0.0014970059880239522 0.040419161676646706
2 2 0 0 0 35587.0 59359 0.0 0.5995215552822656
3 14 0 0 77 7.0 77 -1.0 0.09090909090909091
4 15 0 0 19 0.0 19 -1.0 0.0
5 16 1 0 4 5151.0 1041 -0.0038424591738712775 4.948126801152738
6 14 1 0 7 1353.0 1343 -0.0052122114668652275 1.007446016381236
7 15 1 1 1 908.0 797 0.0 1.1392722710163112
17 3 725287240 0 0.0 72 243 3
0 2 0 0 0 0.0 26 0.0 0.0
1 14 0 0 165 26.0 165 -1.0 0.15757575757575756
2 14 1 0 26 52.0 52 -0.5 1.0
17 4 -1356744669 1 1066.0 1000 62773 8
0 16 0 0 17 3.0 17 -1.0 0.17647058823529413
1 17 0 0 2 23.0 398 -0.005025125628140704 0.05778894472361809
2 2 0 121 0 76169.0 58549 0.0020666450323660523 1.3009445080189244
3 14 0 0 90 10.0 90 -1.0 0.1111111111111111
4 15 0 0 5 2.0 5 -1.0 0.4
5 16 1 0 4 1949.0 1666 -0.0024009603841536613 1.1698679471788715
6 14 1 0 9 1409.0 1232 -0.007305194805194805 1.1436688311688312
7 15 1 0 2 1012.0 816 -0.0024509803921568627 1.2401960784313726
17 4 -77443382 1 41.0 1000 68836 8
0 16 0 0 38 4.0 38 -1.0 0.10526315789473684
1 17 0 0 3 1.0 352 -0.008522727272727272 0.002840909090909091
2 2 0 82 0 4197.0 65706 0.0012479834413904362 0.06387544516482513
3 14 0 0 136 14.0 136 -1.0 0.10294117647058823
4 15 0 0 63 4.0 63 -1.0 0.06349206349206349
5 16 1 0 5 1051.0 864 -0.005787037037037037 1.2164351851851851
6 14 1 0 12 943.0 932 -0.012875536480686695 1.011802575107296
7 15 1 0 5 848.0 745 -0.006711409395973154 1.138255033557047
17 4 2090569337 1 64.0 1000 95336 8
0 16 0 0 252 37.0 252 -1.0 0.14682539682539683
1 17 0 0 2 4.0 127 -0.015748031496062992 0.031496062992125984
2 2 0 126 0 2461.0 90718 0.0013889195088075134 0.027128023104565798
3 14 0 0 151 16.0 151 -1.0 0.10596026490066225
4 15 0 0 6 0.0 6 -1.0 0.0
5 16 1 0 33 2693.0 2002 -0.016483516483516484 1.3451548451548452
6 14 1 0 11 1276.0 1228 -0.008957654723127036 1.0390879478827362
7 15 1 0 1 1343.0 852 -0.0011737089201877935 1.5762910798122065
17 4 685110373 1 1063.0 1000 86036 8
0 16 0 0 15 1.0 15 -1.0 0.06666666666666667
1 17 0 1 5 9.0 865 -0.004624277456647399 0.010404624277456647
2 2 0 34 0 64381.0 81167 4.188894501459953E-4 0.793191814407333
3 14 0 0 251 38.0 251 -1.0 0.15139442231075698
4 15 0 0 63 1.0 63 -1.0 0.015873015873015872
5 16 1 0 2 2549.0 980 -0.0020408163265306124 2.6010204081632655
6 14 1 0 28 1997.0 1902 -0.014721345951629864 1.0499474237644584
7 15 1 0 4 1129.0 793 -0.005044136191677175 1.4237074401008827
17 4 2130164351 1 1057.0 1000 97420 7
0 16 0 0 12 3.0 12 -1.0 0.25
1 17 0 0 0 2.0 381 0.0 0.005249343832020997
2 2 0 130 0 104840.0 92909 0.0013992185902334542 1.1284159769236566
3 14 0 0 104 27.0 104 -1.0 0.25961538461538464
4 16 1 0 3 1888.0 1717 -0.0017472335468841002 1.0995923121723936
5 14 1 0 12 1860.0 1753 -0.0068454078722190535 1.0610382201939532
6 15 1 0 13 648.0 544 -0.02389705882352941 1.1911764705882353
17 4 1168129631 1 3043.0 1000 86219 8
0 16 0 0 73 10.0 73 -1.0 0.136986301369863
1 17 0 0 4 3019.0 1037 -0.003857280617164899 2.911282545805207
2 2 0 109 0 169310.0 82475 0.0013216126098817824 2.0528645043952714
3 14 0 0 164 20.0 164 -1.0 0.12195121951219512
4 15 0 0 22 2.0 22 -1.0 0.09090909090909091
5 16 1 0 8 833.0 717 -0.011157601115760111 1.1617852161785216
6 14 1 0 20 1293.0 1277 -0.015661707126076743 1.0125293657008614
7 15 1 0 4 503.0 454 -0.00881057268722467 1.1079295154185023
17 4 841116630 1 1072.0 1000 83763 8
0 16 0 0 280 32.0 280 -1.0 0.11428571428571428
1 17 0 0 2 6.0 412 -0.0048543689320388345 0.014563106796116505
2 2 0 128 0 30152.0 79152 0.0016171417020416413 0.38093794218718413
3 14 0 0 148 12.0 148 -1.0 0.08108108108108109
4 15 0 0 136 6.0 136 -1.0 0.04411764705882353
5 16 1 0 29 1952.0 1355 -0.021402214022140223 1.440590405904059
6 14 1 0 10 1390.0 1379 -0.007251631617113851 1.0079767947788252
7 15 1 0 9 1236.0 901 -0.009988901220865706 1.3718091009988902
17 4 -100541170 1 2051.0 1000 82389 8
0 16 0 0 8 4.0 8 -1.0 0.5
1 17 0 2 3 4.0 604 -0.0016556291390728477 0.006622516556291391
2 2 0 18 0 60080.0 78312 2.2984983144345693E-4 0.7671876596179386
3 14 0 0 140 18.0 140 -1.0 0.12857142857142856
4 15 0 0 2 0.0 2 -1.0 0.0
5 16 1 0 5 1134.0 790 -0.006329113924050633 1.4354430379746836
6 14 1 0 16 1703.0 1682 -0.009512485136741973 1.0124851367419738
7 15 1 0 1 1023.0 851 -0.0011750881316098707 1.2021151586368977
17 4 -1174471979 1 2039.0 1000 97966 7
0 17 0 0 0 9.0 664 0.0 0.01355421686746988
1 2 0 118 0 75151.0 94667 0.0012464744842447739 0.7938457963176186
2 14 0 0 47 4.0 47 -1.0 0.0851063829787234
3 15 0 0 1 0.0 1 -1.0 0.0
4 16 1 2 0 826.0 615 0.0032520325203252032 1.3430894308943089
5 14 1 0 4 1342.0 1324 -0.0030211480362537764 1.013595166163142
6 15 1 0 0 787.0 648 0.0 1.2145061728395061
17 4 2551578 1 1047.0 1000 83279 8
0 16 0 0 49 5.0 49 -1.0 0.10204081632653061
1 17 0 0 0 0.0 348 0.0 0.0
2 2 0 0 0 41940.0 80093 0.0 0.523641267027081
3 14 0 0 75 11.0 75 -1.0 0.14666666666666667
4 15 0 0 41 2.0 41 -1.0 0.04878048780487805
5 16 1 0 5 1325.0 1031 -0.004849660523763337 1.2851600387972841
6 14 1 0 11 1200.0 1161 -0.009474590869939707 1.0335917312661498
7 15 1 3 2 584.0 481 0.002079002079002079 1.2141372141372142
17 4 1730750430 1 1043.0 1000 54443 8
0 16 0 0 23 1.0 23 -1.0 0.043478260869565216
1 17 0 0 2 6.0 540 -0.003703703703703704 0.011111111111111112
2 2 0 141 0 34765.0 50586 0.002787332463527458 0.6872454829399438
3 14 0 0 207 61.0 207 -1.0 0.2946859903381642
4 15 0 0 13 2.0 13 -1.0 0.15384615384615385
5 16 1 0 2 1057.0 866 -0.0023094688221709007 1.220554272517321
6 14 1 3 60 1579.0 1525 -0.037377049180327866 1.0354098360655737
7 15 1 0 1 824.0 683 -0.0014641288433382138 1.2064421669106882
17 4 1077617991 1 1057.0 1000 53616 8
0 16 0 0 54 9.0 54 -1.0 0.16666666666666666
1 17 0 0 2 6.0 456 -0.0043859649122807015 0.013157894736842105
2 2 0 138 0 35073.0 49637 0.0027801841368334107 0.7065898422547696
3 14 0 0 244 43.0 244 -1.0 0.1762295081967213
4 15 0 0 65 2.0 65 -1.0 0.03076923076923077
5 16 1 1 7 1382.0 1173 -0.005115089514066497 1.1781756180733163
6 14 1 3 46 1523.0 1486 -0.028936742934051143 1.0248990578734858
7 15 1 0 0 562.0 501 0.0 1.1217564870259482
17 4 -79104048 1 1044.0 1000 83272 8
0 16 0 0 25 1.0 25 -1.0 0.04
1 17 0 1 1 16.0 538 0.0 0.02973977695167286
2 2 0 120 0 41782.0 79677 0.0015060808012349863 0.524392233643335
3 14 0 0 138 12.0 138 -1.0 0.08695652173913043
4 15 0 0 96 2.0 96 -1.0 0.020833333333333332
5 16 1 0 1 725.0 440 -0.0022727272727272726 1.6477272727272727
6 14 1 0 12 1382.0 1231 -0.00974817221770918 1.122664500406174
7 15 1 0 2 1415.0 1127 -0.001774622892635315 1.2555456965394853
17 4 1221080974 1 1045.0 1000 79510 8
0 16 0 0 74 19.0 74 -1.0 0.25675675675675674
1 17 0 0 1 5.0 270 -0.003703703703703704 0.018518518518518517
2 2 0 151 0 7894.0 75958 0.0019879407040733037 0.10392585376128913
3 14 0 0 212 33.0 212 -1.0 0.15566037735849056
4 15 0 0 3 0.0 3 -1.0 0.0
5 16 1 0 19 1149.0 1075 -0.017674418604651163 1.0688372093023255
6 14 1 1 21 1498.0 1461 -0.013689253935660506 1.0253251197809718
7 15 1 0 9 509.0 457 -0.019693654266958426 1.113785557986871
17 4 8274304 1 94.0 1000 90384 8
0 16 0 0 79 8.0 79 -1.0 0.10126582278481013
1 17 0 2 0 9.0 113 0.017699115044247787 0.07964601769911504
2 2 0 2 0 3997.0 84047 2.3796209263864267E-5 0.04755672421383274
3 14 0 0 99 8.0 99 -1.0 0.08080808080808081
4 15 0 0 109 75.0 109 -1.0 0.6880733944954128
5 16 1 3 12 3808.0 3080 -0.002922077922077922 1.2363636363636363
6 14 1 0 7 1865.0 1779 -0.0039347948285553686 1.0483417650365374
7 15 1 0 71 1289.0 1078 -0.06586270871985157 1.1957328385899815
17 4 499553122 1 1102.0 1000 79648 8
0 16 0 0 146 23.0 146 -1.0 0.15753424657534246
1 17 0 3 8 2040.0 832 -0.006009615384615385 2.451923076923077
2 2 0 156 0 35317.0 72576 0.0021494708994708994 0.48662092151675485
3 14 0 0 540 62.0 540 -1.0 0.11481481481481481
4 15 0 0 20 1.0 20 -1.0 0.05
5 16 1 0 33 2929.0 2020 -0.016336633663366337 1.45
6 14 1 0 43 2122.0 2058 -0.02089407191448008 1.031098153547133
7 15 1 0 9 2931.0 1456 -0.006181318681318681 2.0130494505494507
17 4 -357904575 1 1068.0 1000 76002 8
0 16 0 0 32 4.0 32 -1.0 0.125
1 17 0 0 2 27.0 566 -0.0035335689045936395 0.04770318021201413
2 2 0 0 0 29892.0 71400 0.0 0.4186554621848739
3 14 0 0 297 30.0 297 -1.0 0.10101010101010101
4 15 0 0 60 4.0 60 -1.0 0.06666666666666667
5 16 1 1 5 1637.0 1320 -0.0030303030303030303 1.2401515151515152
6 14 1 8 29 1701.0 1661 -0.012642986152919929 1.0240818783865142
7 15 1 2 3 896.0 666 -0.0015015015015015015 1.3453453453453454
17 4 -691649521 1 1073.0 1000 83625 8
0 16 0 0 118 17.0 118 -1.0 0.1440677966101695
1 17 0 1 5 7.0 391 -0.010230179028132993 0.017902813299232736
2 2 0 129 0 58647.0 78958 0.0016337799842954482 0.7427619747207376
3 14 0 0 99 7.0 99 -1.0 0.0707070707070707
4 15 0 0 8 2.0 8 -1.0 0.25
5 16 1 0 15 2612.0 2134 -0.007029053420805998 1.2239925023430178
6 14 1 0 6 1220.0 1213 -0.00494641384995878 1.0057708161582852
7 15 1 0 2 989.0 704 -0.002840909090909091 1.4048295454545454
17 4 -2111193729 1 1052.0 1000 81273 8
0 16 0 0 7 1.0 7 -1.0 0.14285714285714285
1 17 0 0 1 1.0 284 -0.0035211267605633804 0.0035211267605633804
2 2 0 139 0 22018.0 77308 0.0017980027940187303 0.2848088166813266
3 14 0 0 193 21.0 193 -1.0 0.10880829015544041
4 15 0 0 5 0.0 5 -1.0 0.0
5 16 1 1 1 1125.0 916 0.0 1.2281659388646289
6 14 1 0 16 1508.0 1496 -0.0106951871657754 1.0080213903743316
7 15 1 4 5 1317.0 1064 -9.398496240601503E-4 1.237781954887218
17 4 760617740 1 1054.0 1000 82408 8
0 16 0 0 70 14.0 70 -1.0 0.2
1 17 0 0 6 11.0 744 -0.008064516129032258 0.01478494623655914
2 2 0 122 0 13007.0 78132 0.0015614600931756514 0.1664746838683254
3 14 0 0 204 12.0 204 -1.0 0.058823529411764705
4 15 0 0 3 0.0 3 -1.0 0.0
5 16 1 0 14 1634.0 1351 -0.010362694300518135 1.2094744633604737
6 14 1 0 12 1390.0 1357 -0.008843036109064112 1.0243183492999264
7 15 1 0 0 1790.0 547 0.0 3.272394881170018
