3 0 818751361 0 -1.0 79 10123 1
0 0 0 0 42 -42.0 10123 -0.004148967697322928 -0.004148967697322928
3 0 222052117 0 -1.0 79 10397 1
0 0 0 0 39 -39.0 10397 -0.0037510820428969895 -0.0037510820428969895
3 0 -1749235691 0 -1.0 79 12017 1
0 0 0 0 34 -34.0 12017 -0.002829325122742781 -0.002829325122742781
3 0 -1459395611 0 -1.0 79 12485 1
0 0 0 0 30 -30.0 12485 -0.0024028834601521826 -0.0024028834601521826
3 0 -435820048 0 -1.0 79 12382 1
0 0 0 0 67 -67.0 12382 -0.005411080600872234 -0.005411080600872234
3 0 1903110514 0 -1.0 79 11848 1
0 0 0 0 57 -57.0 11848 -0.004810938555030385 -0.004810938555030385
3 0 1516253368 0 -1.0 79 12179 1
0 0 0 0 155 -155.0 12179 -0.012726824862468183 -0.012726824862468183
3 0 841295936 0 -1.0 79 11944 1
0 0 0 0 31 -31.0 11944 -0.002595445411922304 -0.002595445411922304
3 0 29616991 0 -1.0 79 11829 1
0 0 0 0 45 -45.0 11829 -0.00380420999239158 -0.00380420999239158
3 0 -317445820 0 -1.0 79 11652 1
0 0 0 0 54 -54.0 11652 -0.004634397528321318 -0.004634397528321318
3 0 -1303083048 0 -1.0 79 12111 1
0 0 0 0 53 -53.0 12111 -0.004376186937494839 -0.004376186937494839
3 0 -1271432393 0 -1.0 79 11827 1
0 0 0 0 18 -18.0 11827 -0.001521941320706857 -0.001521941320706857
3 0 -843016709 0 -1.0 79 11878 1
0 0 0 0 55 -55.0 11878 -0.004630409159791211 -0.004630409159791211
3 0 1777728802 0 -1.0 79 11844 1
0 0 0 0 58 -58.0 11844 -0.004896994258696386 -0.004896994258696386
3 0 2113887829 0 -1.0 79 11501 1
0 0 0 0 77 -77.0 11501 -0.006695069993913573 -0.006695069993913573
3 0 1005989886 0 -1.0 79 12162 1
0 0 0 0 57 -57.0 12162 -0.0046867291563887515 -0.0046867291563887515
3 0 1004384362 0 -1.0 79 12183 1
0 0 0 0 151 -151.0 12183 -0.01239431995403431 -0.01239431995403431
3 0 -2010608589 0 -1.0 79 11840 1
0 0 0 0 39 -39.0 11840 -0.003293918918918919 -0.003293918918918919
3 0 1656195971 0 -1.0 79 12098 1
0 0 0 0 26 -26.0 12098 -0.002149115556290296 -0.002149115556290296
3 0 1888327391 0 -1.0 79 11908 1
0 0 0 0 38 -38.0 11908 -0.0031911320120927107 -0.0031911320120927107
3 1 579775240 0 -1.0 79 5435 1
0 0 0 0 146 -146.0 5435 -0.02686292548298068 -0.02686292548298068
3 1 955035476 0 -1.0 79 5567 1
0 0 0 0 175 -175.0 5567 -0.031435243398598885 -0.031435243398598885
3 1 1147399457 0 -1.0 79 6523 1
0 0 0 0 180 -180.0 6523 -0.027594665031427257 -0.027594665031427257
3 1 630854661 0 -1.0 79 6401 1
0 0 0 0 180 -180.0 6401 -0.028120606155288237 -0.028120606155288237
3 1 -814528325 0 -1.0 79 6782 1
0 0 0 0 193 -193.0 6782 -0.028457682099675613 -0.028457682099675613
3 1 684420505 0 -1.0 79 6005 1
0 0 0 0 199 -199.0 6005 -0.03313905079100749 -0.03313905079100749
3 1 54277868 0 -1.0 79 6751 1
0 0 0 0 184 -184.0 6751 -0.02725522144867427 -0.02725522144867427
3 1 822156389 0 -1.0 79 6855 1
0 0 0 0 183 -183.0 6855 -0.026695842450765863 -0.026695842450765863
3 1 1029987820 0 -1.0 79 6651 1
0 0 0 0 192 -192.0 6651 -0.02886783942264321 -0.02886783942264321
3 1 1382643397 0 -1.0 79 6265 1
0 0 0 0 185 -185.0 6265 -0.029529130087789304 -0.029529130087789304
3 1 2003972072 0 -1.0 79 6542 1
0 0 0 0 175 -175.0 6542 -0.02675022928767961 -0.02675022928767961
3 1 -713843743 0 -1.0 79 5694 1
0 0 0 0 180 -180.0 5694 -0.03161222339304531 -0.03161222339304531
3 1 562291269 0 -1.0 79 6324 1
0 0 0 0 174 -174.0 6324 -0.027514231499051234 -0.027514231499051234
3 1 977546770 0 -1.0 79 5585 1
0 0 0 0 190 -190.0 5585 -0.03401969561324977 -0.03401969561324977
3 1 -197648934 0 -1.0 79 6108 1
0 0 0 0 174 -174.0 6108 -0.02848722986247544 -0.02848722986247544
3 1 -971293570 0 -1.0 79 5843 1
0 0 0 0 179 -179.0 5843 -0.030634947800787266 -0.030634947800787266
3 1 -193442682 0 -1.0 79 5754 1
0 0 0 0 173 -173.0 5754 -0.030066041014946126 -0.030066041014946126
3 1 -533147110 0 -1.0 79 6230 1
0 0 0 0 172 -172.0 6230 -0.027608346709470304 -0.027608346709470304
3 1 -1467955139 0 -1.0 79 6405 1
0 0 0 0 176 -176.0 6405 -0.027478532396565183 -0.027478532396565183
3 1 -852799724 0 -1.0 79 5490 1
0 0 0 0 168 -168.0 5490 -0.030601092896174863 -0.030601092896174863
3 2 1183273251 0 -1.0 79 159 1
0 0 0 0 1 -1.0 159 -0.006289308176100629 -0.006289308176100629
3 2 -30939859 0 -1.0 79 159 1
0 0 0 0 1 -1.0 159 -0.006289308176100629 -0.006289308176100629
3 2 1135399569 0 -1.0 79 160 1
0 0 0 0 2 -2.0 160 -0.0125 -0.0125
3 2 936444359 0 -1.0 79 159 1
0 0 0 0 1 -1.0 159 -0.006289308176100629 -0.006289308176100629
3 2 -1303553697 0 -1.0 79 160 1
0 0 0 0 2 -2.0 160 -0.0125 -0.0125
3 2 -1321322984 0 -1.0 79 159 1
0 0 0 0 1 -1.0 159 -0.006289308176100629 -0.006289308176100629
3 2 552233686 0 -1.0 79 159 1
0 0 0 0 1 -1.0 159 -0.006289308176100629 -0.006289308176100629
3 2 40100917 0 -1.0 79 160 1
0 0 0 0 2 -2.0 160 -0.0125 -0.0125
3 2 -811402306 0 -1.0 79 159 1
0 0 0 0 1 -1.0 159 -0.006289308176100629 -0.006289308176100629
3 2 505738391 0 -1.0 79 159 1
0 0 0 0 1 -1.0 159 -0.006289308176100629 -0.006289308176100629
3 2 1427529696 0 -1.0 79 159 1
0 0 0 0 1 -1.0 159 -0.006289308176100629 -0.006289308176100629
3 2 198925855 0 -1.0 79 159 1
0 0 0 0 1 -1.0 159 -0.006289308176100629 -0.006289308176100629
3 2 521418806 0 -1.0 79 159 1
0 0 0 0 1 -1.0 159 -0.006289308176100629 -0.006289308176100629
3 2 -749362474 0 -1.0 79 159 1
0 0 0 0 1 -1.0 159 -0.006289308176100629 -0.006289308176100629
3 2 -1500563955 0 -1.0 79 159 1
0 0 0 0 1 -1.0 159 -0.006289308176100629 -0.006289308176100629
3 2 739122369 0 -1.0 79 160 1
0 0 0 0 2 -2.0 160 -0.0125 -0.0125
3 2 -908738591 0 -1.0 79 159 1
0 0 0 0 1 -1.0 159 -0.006289308176100629 -0.006289308176100629
3 2 205413008 0 -1.0 79 160 1
0 0 0 0 2 -2.0 160 -0.0125 -0.0125
3 2 1401120705 0 -1.0 79 159 1
0 0 0 0 1 -1.0 159 -0.006289308176100629 -0.006289308176100629
3 2 -2105605699 0 -1.0 79 159 1
0 0 0 0 1 -1.0 159 -0.006289308176100629 -0.006289308176100629
3 3 -720368547 0 -1.0 79 2392 1
0 0 0 0 102 -102.0 2392 -0.042642140468227424 -0.042642140468227424
3 3 1220102560 0 -1.0 79 1934 1
0 0 0 0 60 -60.0 1934 -0.031023784901758014 -0.031023784901758014
3 3 1842480390 0 -1.0 79 2644 1
0 0 0 0 30 -30.0 2644 -0.0113464447806354 -0.0113464447806354
3 3 -351758065 0 -1.0 79 2884 1
0 0 0 0 46 -46.0 2884 -0.0159500693481276 -0.0159500693481276
3 3 -1560701510 0 -1.0 79 2778 1
0 0 0 0 33 -33.0 2778 -0.011879049676025918 -0.011879049676025918
3 3 -194079831 0 -1.0 79 2950 1
0 0 0 0 52 -52.0 2950 -0.017627118644067796 -0.017627118644067796
3 3 856684727 0 -1.0 79 3003 1
0 0 0 0 92 -92.0 3003 -0.030636030636030636 -0.030636030636030636
3 3 1566288964 0 -1.0 79 2581 1
0 0 0 0 43 -43.0 2581 -0.01666020922123208 -0.01666020922123208
3 3 -191368065 0 -1.0 79 2811 1
0 0 0 0 27 -27.0 2811 -0.0096051227321238 -0.0096051227321238
3 3 -1835453055 0 -1.0 79 2846 1
0 0 0 0 50 -50.0 2846 -0.017568517217146872 -0.017568517217146872
3 3 1141519868 0 -1.0 79 2493 1
0 0 0 0 66 -66.0 2493 -0.026474127557160047 -0.026474127557160047
3 3 1457686722 0 -1.0 79 2845 1
0 0 0 0 54 -54.0 2845 -0.01898066783831283 -0.01898066783831283
3 3 1973369683 0 -1.0 79 2700 1
0 0 0 0 22 -22.0 2700 -0.008148148148148147 -0.008148148148148147
3 3 -222175235 0 -1.0 79 2979 1
0 0 0 0 38 -38.0 2979 -0.012755958375293723 -0.012755958375293723
3 3 -686212881 0 -1.0 79 3004 1
0 0 0 0 68 -68.0 3004 -0.022636484687083888 -0.022636484687083888
3 3 325616847 0 -1.0 79 2816 1
0 0 0 0 56 -56.0 2816 -0.019886363636363636 -0.019886363636363636
3 3 1756279038 0 -1.0 79 2901 1
0 0 0 0 44 -44.0 2901 -0.015167183729748363 -0.015167183729748363
3 3 900944208 0 -1.0 79 2389 1
0 0 0 0 48 -48.0 2389 -0.020092088740058602 -0.020092088740058602
3 3 -1807499687 0 -1.0 79 2815 1
0 0 0 0 36 -36.0 2815 -0.012788632326820605 -0.012788632326820605
3 3 -745979230 0 -1.0 79 2672 1
0 0 0 0 15 -15.0 2672 -0.00561377245508982 -0.00561377245508982
3 4 192660329 0 -1.0 79 3131 1
0 0 0 0 31 -31.0 3131 -0.009900990099009901 -0.009900990099009901
3 4 1701491698 0 -1.0 79 3796 1
0 0 0 0 85 -85.0 3796 -0.022391991570073762 -0.022391991570073762
3 4 -502627278 0 -1.0 79 4163 1
0 0 0 0 90 -90.0 4163 -0.02161902474177276 -0.02161902474177276
3 4 1664452095 0 -1.0 79 4244 1
0 0 0 0 84 -84.0 4244 -0.019792648444863337 -0.019792648444863337
3 4 -105098811 0 -1.0 79 4151 1
0 0 0 0 104 -104.0 4151 -0.025054203806311733 -0.025054203806311733
3 4 -1209701461 0 -1.0 79 3666 1
0 0 0 0 51 -51.0 3666 -0.013911620294599018 -0.013911620294599018
3 4 1568823093 0 -1.0 79 3827 1
0 0 0 0 95 -95.0 3827 -0.024823621635746015 -0.024823621635746015
3 4 -1291020182 0 -1.0 79 3990 1
0 0 0 0 100 -100.0 3990 -0.02506265664160401 -0.02506265664160401
3 4 1329610483 0 -1.0 79 4079 1
0 0 0 0 87 -87.0 4079 -0.021328757048296152 -0.021328757048296152
3 4 -951841360 0 -1.0 79 4139 1
0 0 0 0 114 -114.0 4139 -0.027542884754771683 -0.027542884754771683
3 4 -1422397598 0 -1.0 79 4370 1
0 0 0 0 101 -101.0 4370 -0.02311212814645309 -0.02311212814645309
3 4 -2147402832 0 -1.0 79 3283 1
0 0 0 0 49 -49.0 3283 -0.014925373134328358 -0.014925373134328358
3 4 823990671 0 -1.0 79 4011 1
0 0 0 0 105 -105.0 4011 -0.02617801047120419 -0.02617801047120419
3 4 1366105104 0 -1.0 79 3850 1
0 0 0 0 61 -61.0 3850 -0.015844155844155845 -0.015844155844155845
3 4 1432891613 0 -1.0 79 4531 1
0 0 0 0 110 -110.0 4531 -0.024277201500772456 -0.024277201500772456
3 4 -1188629360 0 -1.0 79 4105 1
0 0 0 0 99 -99.0 4105 -0.024116930572472595 -0.024116930572472595
3 4 1238252783 0 -1.0 79 4301 1
0 0 0 0 96 -96.0 4301 -0.02232039060683562 -0.02232039060683562
3 4 344063117 0 -1.0 79 3923 1
0 0 0 0 101 -101.0 3923 -0.02574560285495794 -0.02574560285495794
3 4 1806520925 0 -1.0 79 4239 1
0 0 0 0 99 -99.0 4239 -0.02335456475583864 -0.02335456475583864
3 4 114029898 0 -1.0 79 4081 1
0 0 0 0 84 -84.0 4081 -0.02058319039451115 -0.02058319039451115
