16 0 1135962595 0 0.0 1500 133670 1
0 0 0 0 14 0.0 133670 -1.0473554275454478E-4 0.0
16 0 1967591940 0 0.0 1500 135511 2
0 0 0 0 9 0.0 135509 -6.641625279501731E-5 0.0
1 13 0 0 2 0.0 2 -1.0 0.0
16 0 574356870 0 0.0 1500 135010 1
0 0 0 0 15 0.0 135010 -1.1110288126805421E-4 0.0
16 0 1843779865 0 0.0 1500 130162 1
0 0 0 0 14 0.0 130162 -1.0755827353605507E-4 0.0
16 0 -50697589 0 0.0 1500 131003 1
0 0 0 0 11 0.0 131003 -8.396754272802913E-5 0.0
16 0 -1572387527 0 0.0 1500 131371 1
0 0 0 0 13 0.0 131371 -9.89563906798304E-5 0.0
16 0 238536752 0 0.0 1500 131596 1
0 0 0 0 9 0.0 131596 -6.839113650870847E-5 0.0
16 0 694333064 0 0.0 823 78321 2
0 0 0 0 34 0.0 78070 -4.355065966440374E-4 0.0
1 13 0 0 251 0.0 251 -1.0 0.0
16 0 -1431061932 0 0.0 1500 130660 1
0 0 0 0 10 0.0 130660 -7.653451706719731E-5 0.0
16 0 1940126728 0 0.0 1500 130617 1
0 0 0 0 11 0.0 130617 -8.421568402275355E-5 0.0
16 0 -747394815 0 0.0 1500 129432 2
0 0 0 0 10 0.0 129427 -7.726363123614084E-5 0.0
1 13 0 0 5 0.0 5 -1.0 0.0
16 0 -1934624842 0 0.0 329 32852 2
0 0 0 0 21 0.0 32672 -6.427522037218413E-4 0.0
1 14 0 0 180 0.0 180 -1.0 0.0
16 0 1613594408 0 0.0 1500 132890 1
0 0 0 0 16 0.0 132890 -1.2040033110091052E-4 0.0
16 0 1047847162 0 0.0 1500 140197 1
0 0 0 0 15 0.0 140197 -1.0699230368695478E-4 0.0
16 0 -1652664290 0 0.0 135 15151 2
0 0 0 0 7 0.0 15112 -4.6320804658549496E-4 0.0
1 13 0 0 39 0.0 39 -1.0 0.0
16 0 -650845741 0 0.0 413 45518 2
0 0 0 0 13 0.0 45334 -2.867604888163409E-4 0.0
1 14 0 0 184 0.0 184 -1.0 0.0
16 0 -1130282564 0 0.0 1500 136135 2
0 0 0 0 17 0.0 136127 -1.2488338096042667E-4 0.0
1 13 0 0 8 0.0 8 -1.0 0.0
16 0 -714959048 0 0.0 371 38248 2
0 0 0 0 14 0.0 38105 -3.6740585225036084E-4 0.0
1 14 0 0 143 0.0 143 -1.0 0.0
16 0 -517083447 0 0.0 551 56305 2
0 0 0 0 23 0.0 56150 -4.096170970614426E-4 0.0
1 14 0 0 155 0.0 155 -1.0 0.0
16 0 860582968 0 0.0 1500 134876 1
0 0 0 0 11 0.0 134876 -8.15563925383315E-5 0.0
16 1 -1373262951 0 0.0 1500 35510 2
0 0 0 0 47 0.0 35503 -0.001323831788862913 0.0
1 13 0 0 7 0.0 7 -1.0 0.0
16 1 -475218503 0 1.0 1500 32225 3
0 0 0 0 48 0.0 32206 -0.0014904055145004036 0.0
1 8 0 0 0 8.0 8 0.0 1.0
2 13 0 0 11 0.0 11 -1.0 0.0
16 1 -944609306 0 0.0 1500 33924 1
0 0 0 0 47 0.0 33924 -0.0013854498290295956 0.0
16 1 -47988732 0 0.0 1500 33686 1
0 0 0 0 39 0.0 33686 -0.0011577509944784184 0.0
16 1 1683963256 0 0.0 1500 33783 2
0 0 0 0 39 0.0 33782 -0.0011544609555384523 0.0
1 8 0 0 0 1.0 1 0.0 1.0
16 1 -415039822 0 0.0 1500 34707 2
0 0 0 0 33 0.0 34706 -9.50844234426324E-4 0.0
1 13 0 0 1 0.0 1 -1.0 0.0
16 1 1575824780 0 0.0 632 14153 3
0 0 0 0 3 0.0 13830 -2.1691973969631235E-4 0.0
1 10 0 0 1 0.0 1 -1.0 0.0
2 14 0 0 322 0.0 322 -1.0 0.0
16 1 -516193503 0 0.0 1500 83246 4
0 0 0 0 43 0.0 23079 -0.0018631656484249751 0.0
1 10 0 0 230 0.0 59961 -0.0038358266206367474 0.0
2 13 0 0 201 0.0 201 -1.0 0.0
3 14 0 0 5 0.0 5 -1.0 0.0
16 1 -1220826545 0 0.0 1500 33068 1
0 0 0 0 40 0.0 33068 -0.00120962864400629 0.0
16 1 -736491563 0 0.0 351 8714 2
0 0 0 0 2 0.0 8504 -2.3518344308560678E-4 0.0
1 14 0 0 210 0.0 210 -1.0 0.0
16 1 -1018370938 0 0.0 240 6622 2
0 0 0 0 2 0.0 6488 -3.0826140567200987E-4 0.0
1 13 0 0 134 0.0 134 -1.0 0.0
16 1 -1936136848 0 0.0 510 14783 4
0 0 0 0 34 0.0 10612 -0.003203920090463626 0.0
1 10 0 0 33 0.0 3351 -0.009847806624888093 0.0
2 13 0 0 520 0.0 520 -1.0 0.0
3 14 0 0 300 0.0 300 -1.0 0.0
16 1 1383252620 0 0.0 1151 26978 2
0 0 0 0 14 0.0 26820 -5.219985085756898E-4 0.0
1 13 0 0 158 0.0 158 -1.0 0.0
16 1 630861947 0 0.0 643 16244 2
0 0 0 0 25 0.0 15844 -0.0015778843726331733 0.0
1 13 0 0 400 0.0 400 -1.0 0.0
16 1 890786329 0 0.0 1500 34632 2
0 0 0 0 49 0.0 34621 -0.001415325958233442 0.0
1 13 0 0 11 0.0 11 -1.0 0.0
16 1 -1803385777 0 0.0 1500 35326 1
0 0 0 0 42 0.0 35326 -0.0011889260035101625 0.0
16 1 1576851312 0 0.0 1500 34966 1
0 0 0 0 42 0.0 34966 -0.001201166847795001 0.0
16 1 -653131662 0 0.0 1500 32162 2
0 0 0 0 39 0.0 32160 -0.001212686567164179 0.0
1 10 0 0 0 0.0 2 0.0 0.0
16 1 -1853284841 0 0.0 931 21317 2
0 0 0 0 20 0.0 21137 -9.462080711548469E-4 0.0
1 13 0 0 180 0.0 180 -1.0 0.0
16 1 1087914166 0 0.0 455 11972 2
0 0 0 0 25 0.0 11417 -0.002189717088552159 0.0
1 14 0 0 555 0.0 555 -1.0 0.0
16 2 -146453967 0 0.0 407 830 3
0 0 0 0 3 0.0 813 -0.0036900369003690036 0.0
1 13 0 0 11 0.0 11 -1.0 0.0
2 14 0 0 6 0.0 6 -1.0 0.0
16 2 -1502633049 0 0.0 1500 3001 1
0 0 0 0 1 0.0 3001 -3.332222592469177E-4 0.0
16 2 1101166385 0 0.0 1500 3002 1
0 0 0 0 2 0.0 3002 -6.662225183211193E-4 0.0
16 2 -800961919 0 0.0 1500 3002 1
0 0 0 0 2 0.0 3002 -6.662225183211193E-4 0.0
16 2 -454783018 0 0.0 739 1487 2
0 0 0 0 2 0.0 1479 -0.001352265043948614 0.0
1 13 0 0 8 0.0 8 -1.0 0.0
16 2 1776976163 0 0.0 1500 3001 1
0 0 0 0 1 0.0 3001 -3.332222592469177E-4 0.0
16 2 -796659690 0 0.0 1500 3002 2
0 0 0 0 2 0.0 2998 -6.6711140760507E-4 0.0
1 13 0 0 4 0.0 4 -1.0 0.0
16 2 -375906232 0 0.0 1500 3004 2
0 0 0 0 1 0.0 3001 -3.332222592469177E-4 0.0
1 13 0 0 3 0.0 3 -1.0 0.0
16 2 -1822538296 0 0.0 1500 3001 1
0 0 0 0 1 0.0 3001 -3.332222592469177E-4 0.0
16 2 -2074820980 0 0.0 1500 3002 1
0 0 0 0 2 0.0 3002 -6.662225183211193E-4 0.0
16 2 -2135309183 0 0.0 1500 3002 1
0 0 0 0 2 0.0 3002 -6.662225183211193E-4 0.0
16 2 -102174868 0 0.0 1500 3001 1
0 0 0 0 1 0.0 3001 -3.332222592469177E-4 0.0
16 2 1604355216 0 0.0 1500 3001 1
0 0 0 0 1 0.0 3001 -3.332222592469177E-4 0.0
16 2 -2142463077 0 0.0 1500 3001 1
0 0 0 0 1 0.0 3001 -3.332222592469177E-4 0.0
16 2 375091668 0 0.0 343 689 2
0 0 0 0 1 0.0 688 -0.0014534883720930232 0.0
1 13 0 0 1 0.0 1 -1.0 0.0
16 2 -899494120 0 0.0 755 1514 2
0 0 0 0 1 0.0 1512 -6.613756613756613E-4 0.0
1 13 0 0 2 0.0 2 -1.0 0.0
16 2 -1175225077 0 0.0 1500 3001 1
0 0 0 0 1 0.0 3001 -3.332222592469177E-4 0.0
16 2 -1880167090 0 0.0 1500 3002 1
0 0 0 0 2 0.0 3002 -6.662225183211193E-4 0.0
16 2 480388414 0 0.0 1500 3002 2
0 0 0 0 1 0.0 3001 -3.332222592469177E-4 0.0
1 13 0 0 1 0.0 1 -1.0 0.0
16 2 610819531 0 0.0 671 1345 2
0 0 0 0 1 0.0 1344 -7.44047619047619E-4 0.0
1 13 0 0 1 0.0 1 -1.0 0.0
16 3 659303856 0 0.0 263 12314 3
0 0 0 0 6 0.0 2614 -0.0022953328232593728 0.0
1 10 0 0 56 0.0 9339 -0.005996359353249813 0.0
2 14 0 0 361 0.0 361 -1.0 0.0
16 3 1619509178 0 0.0 1500 19926 5
0 0 0 0 12 0.0 19909 -6.027424782761565E-4 0.0
1 8 0 0 0 3.0 3 0.0 1.0
2 10 0 0 1 0.0 1 -1.0 0.0
3 13 0 0 5 0.0 5 -1.0 0.0
4 14 0 0 8 0.0 8 -1.0 0.0
16 3 1220884909 0 1.0 1427 18733 3
0 0 0 0 13 0.0 18500 -7.027027027027027E-4 0.0
1 8 0 0 0 18.0 18 0.0 1.0
2 13 0 0 215 0.0 215 -1.0 0.0
16 3 164643033 0 0.0 739 27665 3
0 0 0 0 7 0.0 9766 -7.167724759369241E-4 0.0
1 10 0 0 56 0.0 17731 -0.0031583103039873666 0.0
2 13 0 0 168 0.0 168 -1.0 0.0
16 3 626243206 0 0.0 335 18207 3
0 0 0 0 32 0.0 4183 -0.007650011953143677 0.0
1 10 0 0 164 0.0 13723 -0.011950739634190775 0.0
2 13 0 0 301 0.0 301 -1.0 0.0
16 3 1418454582 0 0.0 1016 13940 3
0 0 0 0 0 0.0 13845 0.0 0.0
1 10 0 0 5 0.0 5 -1.0 0.0
2 14 0 0 90 0.0 90 -1.0 0.0
16 3 1484031314 0 0.0 943 52205 3
0 0 0 0 21 0.0 10447 -0.0020101464535273285 0.0
1 10 0 0 32 0.0 41386 -7.7320833131977E-4 0.0
2 13 0 0 372 0.0 372 -1.0 0.0
16 3 -1066240842 0 0.0 951 55705 3
0 0 0 0 7 0.0 11412 -6.133894146512443E-4 0.0
1 10 0 0 67 0.0 44094 -0.0015194811085408445 0.0
2 13 0 0 199 0.0 199 -1.0 0.0
16 3 -992484768 0 0.0 1500 23433 1
0 0 0 0 16 0.0 23433 -6.827977638373234E-4 0.0
16 3 280030595 0 0.0 1031 16196 3
0 0 0 0 27 0.0 15501 -0.0017418231081865686 0.0
1 10 0 0 1 0.0 1 -1.0 0.0
2 14 0 0 694 0.0 694 -1.0 0.0
16 3 -749897164 0 0.0 1500 23602 3
0 0 0 0 71 0.0 22951 -0.0030935471221297545 0.0
1 13 0 0 650 0.0 650 -1.0 0.0
2 14 0 0 1 0.0 1 -1.0 0.0
16 3 -1228800068 0 0.0 467 7626 3
0 0 0 0 55 0.0 7050 -0.007801418439716312 0.0
1 13 0 0 13 0.0 13 -1.0 0.0
2 14 0 0 563 0.0 563 -1.0 0.0
16 3 -946562105 0 1.0 1047 15321 3
0 0 0 0 5 0.0 15228 -3.2834252692408723E-4 0.0
1 8 0 0 0 11.0 11 0.0 1.0
2 13 0 0 82 0.0 82 -1.0 0.0
16 3 -1446513018 0 1.0 610 9087 4
0 0 0 0 14 0.0 8683 -0.001612345963376713 0.0
1 8 0 0 1 11.0 11 -0.09090909090909091 1.0
2 13 0 0 17 1.0 17 -1.0 0.058823529411764705
3 14 0 0 376 0.0 376 -1.0 0.0
16 3 1293829284 0 0.0 931 13654 3
0 0 0 0 4 0.0 13528 -2.9568302779420464E-4 0.0
1 10 0 0 0 0.0 3 0.0 0.0
2 13 0 0 123 0.0 123 -1.0 0.0
16 3 -1338433953 0 0.0 316 5215 3
0 0 0 0 1 0.0 5092 -1.9638648860958367E-4 0.0
1 13 0 0 4 0.0 4 -1.0 0.0
2 14 0 0 119 0.0 119 -1.0 0.0
16 3 1341749857 0 0.0 899 13531 3
0 0 0 0 2 0.0 13445 -1.487541837114169E-4 0.0
1 10 0 0 0 0.0 1 0.0 0.0
2 13 0 0 85 0.0 85 -1.0 0.0
16 3 -1938757760 0 0.0 453 6661 2
0 0 0 0 5 0.0 6526 -7.661661048115232E-4 0.0
1 14 0 0 135 0.0 135 -1.0 0.0
16 3 728754965 0 0.0 855 13830 2
0 0 0 0 3 0.0 13756 -2.1808665309683048E-4 0.0
1 13 0 0 74 0.0 74 -1.0 0.0
16 3 2091742637 0 2.0 711 9969 4
0 0 0 0 12 0.0 9773 -0.0012278727105290085 0.0
1 8 0 0 0 49.0 49 0.0 1.0
2 13 0 0 142 0.0 142 -1.0 0.0
3 14 0 0 5 0.0 5 -1.0 0.0
16 4 -1411041505 0 0.0 439 6846 2
0 0 0 0 21 0.0 6543 -0.0032095369096744614 0.0
1 13 0 0 303 0.0 303 -1.0 0.0
16 4 989583015 0 0.0 370 7094 2
0 0 0 0 24 0.0 6337 -0.0037872810478144234 0.0
1 14 0 0 757 0.0 757 -1.0 0.0
16 4 604223422 0 1.0 1500 19956 6
0 0 0 0 35 0.0 19733 -0.0017736786094359701 0.0
1 6 0 0 1 0.0 1 -1.0 0.0
2 8 0 0 0 21.0 21 0.0 1.0
3 10 0 0 1 0.0 1 -1.0 0.0
4 13 0 0 2 0.0 2 -1.0 0.0
5 14 0 0 198 0.0 198 -1.0 0.0
16 4 -145843702 0 1.0 1500 21259 2
0 0 0 0 43 0.0 21245 -0.002024005648387856 0.0
1 8 0 0 0 14.0 14 0.0 1.0
16 4 838524792 0 0.0 341 5966 3
0 0 0 0 56 0.0 5138 -0.010899182561307902 0.0
1 13 0 0 1 0.0 1 -1.0 0.0
2 14 0 0 827 0.0 827 -1.0 0.0
16 4 -1264442039 0 0.0 344 6880 2
0 0 0 0 14 0.0 6630 -0.0021116138763197585 0.0
1 14 0 0 250 0.0 250 -1.0 0.0
16 4 797617115 0 0.0 551 8765 2
0 0 0 0 35 0.0 8078 -0.004332755632582322 0.0
1 14 0 0 687 0.0 687 -1.0 0.0
16 4 -252062059 0 1.0 1371 22190 3
0 0 0 0 27 0.0 21931 -0.0012311340112169987 0.0
1 8 0 0 0 29.0 29 0.0 1.0
2 13 0 0 230 0.0 230 -1.0 0.0
16 4 -8739882 0 0.0 1500 22703 4
0 0 0 0 29 0.0 22647 -0.0012805228065527444 0.0
1 10 0 0 1 0.0 1 -1.0 0.0
2 13 0 0 3 0.0 3 -1.0 0.0
3 14 0 0 52 0.0 52 -1.0 0.0
16 4 708766896 0 0.0 1500 87668 3
0 0 0 0 17 0.0 15867 -0.0010714060628978382 0.0
1 10 0 0 119 0.0 71781 -0.0016578203145679218 0.0
2 13 0 0 20 0.0 20 -1.0 0.0
16 4 1331922270 0 1.0 947 14971 4
0 0 0 0 5 0.0 14849 -3.367230116506162E-4 0.0
1 8 0 0 0 47.0 47 0.0 1.0
2 13 0 0 63 0.0 63 -1.0 0.0
3 14 0 0 12 0.0 12 -1.0 0.0
16 4 643343175 0 0.0 299 5079 3
0 0 0 0 21 0.0 4715 -0.004453870625662778 0.0
1 8 0 0 0 2.0 2 0.0 1.0
2 14 0 0 362 0.0 362 -1.0 0.0
16 4 2080452817 0 0.0 1500 24312 1
0 0 0 0 21 0.0 24312 -8.637709772951629E-4 0.0
16 4 1578845176 0 0.0 411 7215 2
0 0 0 0 6 0.0 7143 -8.399832003359933E-4 0.0
1 13 0 0 72 0.0 72 -1.0 0.0
16 4 858385898 0 1.0 1355 20857 5
0 0 0 0 9 0.0 20215 -4.4521395003710115E-4 0.0
1 8 0 0 0 12.0 12 0.0 1.0
2 10 0 0 2 0.0 2 -1.0 0.0
3 13 0 0 3 0.0 3 -1.0 0.0
4 14 0 0 625 0.0 625 -1.0 0.0
16 4 -798326948 0 0.0 803 44189 3
0 0 0 0 3 0.0 10568 -2.838758516275549E-4 0.0
1 10 0 0 43 0.0 33501 -0.0012835437748126921 0.0
2 13 0 0 120 0.0 120 -1.0 0.0
16 4 -874232075 0 0.0 1155 18708 2
0 0 0 0 6 0.0 18621 -3.2221685194135655E-4 0.0
1 13 0 0 87 0.0 87 -1.0 0.0
16 4 -366021072 0 0.0 215 9175 3
0 0 0 0 17 0.0 3470 -0.004899135446685879 0.0
1 10 0 0 174 0.0 5318 -0.0327190673185408 0.0
2 14 0 0 387 0.0 387 -1.0 0.0
16 4 -216216805 0 1.0 1374 31407 6
0 0 0 0 31 0.0 20479 -0.0015137457883685726 0.0
1 6 0 0 1 0.0 12 -0.08333333333333333 0.0
2 8 0 0 0 32.0 32 0.0 1.0
3 10 0 0 119 0.0 10286 -0.011569123079914447 0.0
4 13 0 0 100 0.0 100 -1.0 0.0
5 14 0 0 267 0.0 498 -0.536144578313253 0.0
16 4 -699007571 0 0.0 1500 90049 3
0 0 0 0 18 0.0 17454 -0.0010312822275696115 0.0
1 10 0 0 127 0.0 72504 -0.001751627496413991 0.0
2 13 0 0 91 0.0 91 -1.0 0.0
