15 0 790050522 0 -15.0 292 25661 2
0 0 0 0 36 -288.0 15266 -0.0023581815799816586 -0.01886545263985327
1 0 1 0 7 -510.0 10395 -6.734006734006734E-4 -0.049062049062049064
15 0 1851591338 1 1.0 634 56893 4
0 0 0 4 10 -1127.0 29769 -2.015519500151164E-4 -0.0378581746111727
1 7 0 146 0 -2446.0 1287 0.11344211344211344 -1.9005439005439004
2 0 1 115 11 -1196.0 24711 0.004208652017320222 -0.04839949819918255
3 11 1 15 10 2604.0 1126 0.004440497335701598 2.3126110124333925
15 0 1414702532 0 1.0 440 39518 4
0 0 0 0 1 -876.0 24870 -4.020908725371934E-5 -0.03522316043425814
1 7 0 0 0 -224.0 152 0.0 -1.4736842105263157
2 0 1 0 2 -10.0 13941 -1.434617315831002E-4 -7.17308657915501E-4
3 11 1 0 0 1158.0 555 0.0 2.0864864864864865
15 0 -1817272670 0 -15.0 302 28347 2
0 0 0 0 10 -912.0 17536 -5.702554744525547E-4 -0.05200729927007299
1 0 1 0 4 -183.0 10811 -3.699935251133105E-4 -0.016927203773933957
15 0 -1810090387 0 -13.0 306 30645 3
0 0 0 0 4 -684.0 18718 -2.1369804466289135E-4 -0.03654236563735442
1 0 1 0 4 -468.0 11844 -3.3772374197906115E-4 -0.03951367781155015
2 11 1 0 0 166.0 83 0.0 2.0
15 0 -637966500 0 -13.0 320 30961 3
0 0 0 0 7 -894.0 18885 -3.706645485835319E-4 -0.047339158061953934
1 0 1 0 79 -483.0 12027 -0.006568554086638397 -0.040159640808181594
2 11 1 0 0 98.0 49 0.0 2.0
15 0 179828471 0 -15.0 288 29081 2
0 0 0 0 25 -507.0 16312 -0.0015326140264835704 -0.03108141245708681
1 0 1 0 22 -939.0 12769 -0.001722922703422351 -0.07353747356879943
15 0 -880969094 0 -7.0 372 32180 3
0 0 0 0 1 -807.0 19176 -5.214851898206091E-5 -0.042083854818523156
1 0 1 0 2 -504.0 12785 -1.564333202972233E-4 -0.039421196714900276
2 11 1 0 0 552.0 219 0.0 2.5205479452054793
15 0 -358063637 0 -15.0 354 35022 2
0 0 0 0 3 -723.0 21795 -1.3764624913971095E-4 -0.033172746042670335
1 0 1 0 4 -450.0 13227 -3.024117335752627E-4 -0.034021320027217056
15 0 786275143 0 -15.0 272 26086 3
0 0 0 0 6 -759.0 15002 -3.999466737768298E-4 -0.05059325423276896
1 7 0 0 0 5.0 5 0.0 1.0
2 0 1 0 6 -243.0 11079 -5.415651232060655E-4 -0.021933387489845652
15 0 707839336 0 -15.0 266 25176 3
0 0 0 0 26 -708.0 14515 -0.0017912504305890458 -0.048777127109886326
1 0 1 0 5 -210.0 10632 -4.7027840481565086E-4 -0.019751693002257337
2 11 1 0 1 52.0 29 -0.034482758620689655 1.793103448275862
15 0 -984746861 0 -15.0 273 26728 3
0 0 0 0 7 -552.0 15519 -4.510599909788002E-4 -0.03556930214575681
1 0 1 0 2 -675.0 11208 -1.7844396859386153E-4 -0.06022483940042826
2 11 1 0 1 1.0 1 -1.0 1.0
15 0 -935775277 0 -15.0 272 26354 2
0 0 0 0 6 -831.0 16559 -3.623407210580349E-4 -0.05018418986653783
1 0 1 0 3 -306.0 9795 -3.0627871362940275E-4 -0.03124042879019908
15 0 1137416397 0 -7.0 328 31174 3
0 0 0 0 3 -810.0 18242 -1.644556517925666E-4 -0.04440302598399298
1 0 1 0 7 -255.0 12794 -5.471314678755667E-4 -0.019931217758324214
2 11 1 0 78 354.0 138 -0.5652173913043478 2.5652173913043477
15 0 -1624982046 0 -13.0 266 24187 3
0 0 0 0 3 -675.0 14379 -2.0863759649488838E-4 -0.04694345921134988
1 0 1 0 7 -258.0 9661 -7.24562674671359E-4 -0.026705310009315805
2 11 1 0 0 294.0 147 0.0 2.0
15 0 1780057969 0 -15.0 306 30409 2
0 0 0 0 7 -831.0 17486 -4.0032025620496394E-4 -0.04752373327233215
1 0 1 0 3 -393.0 12923 -2.321442389538033E-4 -0.030410895302948233
15 0 -313415976 0 -15.0 328 31394 2
0 0 0 0 6 -801.0 20082 -2.9877502240812666E-4 -0.03988646549148491
1 0 1 0 5 -225.0 11312 -4.42008486562942E-4 -0.01989038189533239
15 0 793002360 1 1.0 581 54012 4
0 0 0 5 1 -1076.0 28644 1.3964530093562352E-4 -0.03756458595168272
1 7 0 161 0 -3016.0 1525 0.10557377049180328 -1.9777049180327868
2 0 1 3 0 -1167.0 23123 1.2974095056869783E-4 -0.05046922977122346
3 11 1 17 5 1462.0 720 0.016666666666666666 2.0305555555555554
15 0 1063655195 0 -11.0 320 31113 3
0 0 0 0 8 -888.0 18253 -4.382841176792856E-4 -0.0486495370624007
1 0 1 0 1 -219.0 12722 -7.860399308284861E-5 -0.017214274485143847
2 11 1 0 1 273.0 138 -0.007246376811594203 1.9782608695652173
15 0 -464683491 0 -15.0 256 24064 2
0 0 0 0 4 -621.0 15368 -2.602811035918792E-4 -0.04040864133263925
1 0 1 0 3 -486.0 8696 -3.4498620055197794E-4 -0.05588776448942042
15 1 -1290252429 0 17.0 730 27065 4
0 0 0 0 42 -125.0 6928 -0.006062355658198615 -0.01804272517321016
1 7 0 0 0 60.0 116 0.0 0.5172413793103449
2 0 1 1 21 135.0 18461 -0.001083364931477168 0.007312713287470885
3 11 1 26 0 2866.0 1560 0.016666666666666666 1.837179487179487
15 1 1271115303 1 30.0 712 64103 3
0 0 0 37 0 -111.0 831 0.044524669073405534 -0.13357400722021662
1 0 1 18 0 56.0 61716 2.9165856503986E-4 9.073822023462311E-4
2 11 1 24 0 3385.0 1556 0.015424164524421594 2.1754498714652954
15 1 1742158729 1 40.0 520 51653 3
0 0 0 0 0 0.0 19 0.0 0.0
1 0 1 31 0 625.0 49813 6.223275048682071E-4 0.012546925501375143
2 11 1 77 0 4336.0 1821 0.04228445908841296 2.3811092806150467
15 1 -373663349 0 -1.0 450 17336 4
0 0 0 0 42 -112.0 5390 -0.007792207792207792 -0.02077922077922078
1 7 0 0 0 8.0 23 0.0 0.34782608695652173
2 0 1 0 273 -849.0 11124 -0.02454153182308522 -0.07632146709816613
3 11 1 0 1 1416.0 799 -0.0012515644555694619 1.772215269086358
15 1 1278891440 1 10.0 704 22545 4
0 0 0 28 17 -119.0 7641 0.0014396021463159272 -0.015573877764690486
1 7 0 190 0 -532.0 423 0.4491725768321513 -1.2576832151300237
2 0 1 27 17 94.0 12878 7.765180928715639E-4 0.0072992700729927005
3 11 1 50 20 3392.0 1603 0.018714909544603867 2.116032439176544
15 1 324783469 1 24.0 658 24502 4
0 0 0 16 10 145.0 8548 7.019185774450163E-4 0.016963032288254562
1 7 0 2 0 52.0 60 0.03333333333333333 0.8666666666666667
2 0 1 5 3 298.0 13724 1.457301078402798E-4 0.02171378606820169
3 11 1 199 8 4155.0 2170 0.08801843317972351 1.9147465437788018
15 1 1710841724 0 13.0 657 22135 4
0 0 0 0 44 -185.0 8012 -0.0054917623564653024 -0.02309036445332002
1 7 0 4 0 -108.0 153 0.026143790849673203 -0.7058823529411765
2 0 1 0 28 -640.0 12429 -0.002252795880601818 -0.05149247727089871
3 11 1 11 3 3420.0 1541 0.005191434133679429 2.219338092147956
15 1 -845969105 1 26.0 745 25621 4
0 0 0 3 2 17.0 9492 1.0535187526337969E-4 0.0017909818794774547
1 7 0 0 0 160.0 169 0.0 0.9467455621301775
2 0 1 1 2 -84.0 14200 -7.042253521126761E-5 -0.005915492957746479
3 11 1 51 0 3335.0 1760 0.028977272727272727 1.8948863636363635
15 1 385043808 1 30.0 479 28595 4
0 0 0 0 0 -1.0 2626 0.0 -3.808073115003808E-4
1 7 0 0 0 -75.0 64 0.0 -1.171875
2 0 1 29 0 258.0 24331 0.0011918951132300357 0.01060375652459825
3 11 1 40 0 2992.0 1574 0.025412960609911054 1.900889453621347
15 1 -1441071992 1 20.0 654 26322 4
0 0 0 39 0 -255.0 6744 0.005782918149466192 -0.037811387900355875
1 7 0 0 0 103.0 173 0.0 0.5953757225433526
2 0 1 23 0 126.0 17311 0.0013286349719831322 0.007278608976951072
3 11 1 2 0 4041.0 2094 9.551098376313276E-4 1.9297994269340975
15 1 -2060604355 0 5.0 470 15383 4
0 0 0 0 34 -121.0 5748 -0.005915100904662491 -0.02105080027835769
1 7 0 0 0 5.0 31 0.0 0.16129032258064516
2 0 1 0 25 -72.0 8472 -0.002950897072710104 -0.0084985835694051
3 11 1 0 7 2394.0 1132 -0.006183745583038869 2.114840989399293
15 1 -173861891 0 11.0 616 23918 4
0 0 0 0 47 -221.0 6928 -0.0067840646651270205 -0.03189953810623557
1 7 0 0 0 -48.0 140 0.0 -0.34285714285714286
2 0 1 0 24 403.0 15139 -0.001585309465618601 0.02661998811017901
3 11 1 0 17 3395.0 1711 -0.009935710111046173 1.9842197545295148
15 1 1851470695 0 13.0 360 13655 4
0 0 0 0 0 -23.0 3499 0.0 -0.006573306659045442
1 7 0 0 0 -4.0 11 0.0 -0.36363636363636365
2 0 1 0 8 -143.0 9419 -8.493470644442085E-4 -0.015182078776940227
3 11 1 0 3 1447.0 726 -0.004132231404958678 1.9931129476584022
15 1 -2082761924 1 35.0 629 53920 3
0 0 0 0 0 0.0 4 0.0 0.0
1 0 1 286 0 16.0 52088 0.005490708032560283 3.071724773460298E-4
2 11 1 69 0 4026.0 1828 0.03774617067833698 2.202407002188184
15 1 -1172440993 0 15.0 676 21890 4
0 0 0 0 82 -119.0 8364 -0.00980392156862745 -0.014227642276422764
1 7 0 0 0 -8.0 65 0.0 -0.12307692307692308
2 0 1 0 49 -388.0 11696 -0.004189466484268126 -0.03317373461012312
3 11 1 0 9 3816.0 1765 -0.0050991501416430595 2.1620396600566574
15 1 -145078186 1 28.0 741 41963 4
0 0 0 47 0 -133.0 7074 0.006644048628781454 -0.018801243992083688
1 7 0 0 0 22.0 22 0.0 1.0
2 0 1 10 0 688.0 33351 2.9984108422536054E-4 0.020629066594704808
3 11 1 12 0 3183.0 1516 0.0079155672823219 2.099604221635884
15 1 -1250530902 1 6.0 900 32932 4
0 0 0 0 12 -143.0 9871 -0.0012156823016918246 -0.014486880761827576
1 7 0 2 0 -468.0 480 0.004166666666666667 -0.975
2 0 1 5 8 -255.0 20956 -1.4315709104790992E-4 -0.012168352739072342
3 11 1 106 34 2964.0 1625 0.044307692307692305 1.824
15 1 411684233 1 24.0 757 25041 4
0 0 0 7 6 171.0 9060 1.1037527593818985E-4 0.018874172185430464
1 7 0 0 0 152.0 167 0.0 0.9101796407185628
2 0 1 5 29 -34.0 13656 -0.0017574692442882249 -0.002489748096074985
3 11 1 226 14 4582.0 2158 0.09823911028730306 2.123262279888786
15 1 -431626300 1 16.0 740 26186 4
0 0 0 39 4 -166.0 8174 0.004281869341815512 -0.02030829459261072
1 7 0 1 0 218.0 267 0.003745318352059925 0.8164794007490637
2 0 1 39 7 -80.0 15938 0.002007780148073786 -0.005019450370184465
3 11 1 26 11 3061.0 1807 0.008301051466519093 1.6939679026009962
15 1 -17762206 1 26.0 905 54224 4
0 0 0 38 0 -152.0 5256 0.007229832572298325 -0.0289193302891933
1 7 0 0 0 72.0 75 0.0 0.96
2 0 1 22 0 566.0 46673 4.713646005185011E-4 0.012126925631521436
3 11 1 6 0 4376.0 2220 0.002702702702702703 1.9711711711711712
15 2 390946279 0 7.0 409 1618 2
0 0 1 0 6 -54.0 1560 -0.0038461538461538464 -0.03461538461538462
1 11 1 0 0 120.0 58 0.0 2.0689655172413794
15 2 -1439923916 1 1.0 683 2106 4
0 0 0 1 0 -59.0 998 0.001002004008016032 -0.05911823647294589
1 7 0 6 0 -236.0 109 0.05504587155963303 -2.165137614678899
2 0 1 1 0 -81.0 997 0.0010030090270812437 -0.08124373119358075
3 11 1 0 0 4.0 2 0.0 2.0
15 2 -1638013506 0 15.0 456 1886 2
0 0 1 0 6 -14.0 1818 -0.0033003300330033004 -0.007700770077007701
1 11 1 0 0 172.0 68 0.0 2.5294117647058822
15 2 -1907601843 0 -15.0 316 911 2
0 0 0 0 1 -18.0 456 -0.0021929824561403508 -0.039473684210526314
1 0 1 0 1 -18.0 455 -0.002197802197802198 -0.03956043956043956
15 2 -864677532 1 1.0 888 2734 3
0 0 0 2 0 -66.0 1307 0.001530221882172915 -0.0504973221117062
1 7 0 6 0 -244.0 122 0.04918032786885246 -2.0
2 0 1 1 0 -90.0 1305 7.662835249042146E-4 -0.06896551724137931
15 2 1870060378 0 3.0 506 2689 2
0 0 1 0 6 -47.0 2640 -0.0022727272727272726 -0.017803030303030303
1 11 1 0 0 128.0 49 0.0 2.6122448979591835
15 2 1133562471 0 -15.0 240 694 2
0 0 0 0 2 -21.0 348 -0.005747126436781609 -0.0603448275862069
1 0 1 0 1 -24.0 346 -0.002890173410404624 -0.06936416184971098
15 2 1436124270 1 1.0 720 2402 4
0 0 0 1 0 -44.0 877 0.0011402508551881414 -0.05017103762827822
1 7 0 6 0 -232.0 116 0.05172413793103448 -2.0
2 0 1 1 0 -133.0 1402 7.132667617689016E-4 -0.09486447931526391
3 11 1 0 0 11.0 7 0.0 1.5714285714285714
15 2 2058090790 0 -17.0 291 583 3
0 0 0 0 0 -8.0 165 0.0 -0.048484848484848485
1 7 0 0 0 -12.0 6 0.0 -2.0
2 0 1 0 6 -77.0 412 -0.014563106796116505 -0.18689320388349515
15 2 188085810 0 1.0 312 1584 2
0 0 1 0 0 -38.0 1548 0.0 -0.02454780361757106
1 11 1 0 0 84.0 36 0.0 2.3333333333333335
15 2 1892140509 0 -15.0 288 817 2
0 0 0 0 1 -18.0 409 -0.0024449877750611247 -0.044009779951100246
1 0 1 0 1 -24.0 408 -0.0024509803921568627 -0.058823529411764705
15 2 59976773 0 -13.0 314 1147 2
0 0 1 0 6 -88.0 1140 -0.005263157894736842 -0.07719298245614035
1 11 1 0 0 14.0 7 0.0 2.0
15 2 -875067031 0 -3.0 348 1418 2
0 0 1 0 6 -42.0 1398 -0.004291845493562232 -0.030042918454935622
1 11 1 0 0 54.0 20 0.0 2.7
15 2 1229314781 0 -15.0 288 559 2
0 0 0 0 1 -27.0 257 -0.0038910505836575876 -0.10505836575875487
1 0 1 0 1 -15.0 302 -0.0033112582781456954 -0.04966887417218543
15 2 312276410 0 -15.0 294 710 2
0 0 0 0 1 -27.0 355 -0.0028169014084507044 -0.07605633802816901
1 0 1 0 1 -15.0 355 -0.0028169014084507044 -0.04225352112676056
15 2 -767717104 0 -15.0 268 761 2
0 0 0 0 1 -15.0 381 -0.0026246719160104987 -0.03937007874015748
1 0 1 0 1 -27.0 380 -0.002631578947368421 -0.07105263157894737
15 2 1991733867 0 -15.0 297 827 2
0 0 0 0 1 -15.0 413 -0.002421307506053269 -0.03631961259079903
1 0 1 0 2 -30.0 414 -0.004830917874396135 -0.07246376811594203
15 2 -418219015 0 -15.0 278 782 2
0 0 0 0 1 -18.0 391 -0.0025575447570332483 -0.04603580562659847
1 0 1 0 1 -24.0 391 -0.0025575447570332483 -0.061381074168797956
15 2 96581601 0 -15.0 296 779 2
0 0 0 0 1 -15.0 390 -0.002564102564102564 -0.038461538461538464
1 0 1 0 1 -27.0 389 -0.002570694087403599 -0.06940874035989718
15 2 676422531 0 -3.0 410 1507 2
0 0 1 0 6 -34.0 1470 -0.004081632653061225 -0.02312925170068027
1 11 1 0 0 74.0 37 0.0 2.0
15 3 -302978405 0 15.0 409 8143 4
0 0 0 0 2 35.0 2125 -9.411764705882353E-4 0.01647058823529412
1 7 0 0 0 -4.0 4 0.0 -1.0
2 0 1 0 14 86.0 4758 -0.0029424127784783522 0.01807482135350988
3 11 1 0 17 2533.0 1256 -0.013535031847133758 2.0167197452229297
15 3 -1129749486 0 -1.0 502 11042 4
0 0 0 0 59 -172.0 2997 -0.019686353019686353 -0.05739072405739072
1 7 0 0 0 -77.0 78 0.0 -0.9871794871794872
2 0 1 0 30 -626.0 7274 -0.0041242782513060215 -0.08605993951058565
3 11 1 0 1 1545.0 693 -0.001443001443001443 2.2294372294372296
15 3 599377649 0 -3.0 368 8388 3
0 0 0 0 3 -55.0 2139 -0.001402524544179523 -0.025712949976624593
1 0 1 0 4 -13.0 5615 -7.123775601068567E-4 -0.002315227070347284
2 11 1 0 34 1184.0 634 -0.05362776025236593 1.8675078864353312
15 3 700998605 0 3.0 514 11341 4
0 0 0 0 25 -57.0 3480 -0.007183908045977011 -0.016379310344827588
1 7 0 0 0 -122.0 307 0.0 -0.3973941368078176
2 0 1 0 46 -3.0 6154 -0.007474813129671758 -4.874878128046799E-4
3 11 1 0 9 2818.0 1400 -0.0064285714285714285 2.012857142857143
15 3 -736110675 0 17.0 740 17160 4
0 0 0 0 26 -63.0 5228 -0.004973221117061974 -0.012050497322111706
1 7 0 1 0 -55.0 129 0.007751937984496124 -0.4263565891472868
2 0 1 6 14 135.0 10368 -7.716049382716049E-4 0.013020833333333334
3 11 1 90 9 2973.0 1435 0.05644599303135889 2.0717770034843204
15 3 -1104030978 0 21.0 570 11810 4
0 0 0 2 35 -38.0 3797 -0.008691071898867527 -0.010007900974453516
1 7 0 5 0 -39.0 45 0.1111111111111111 -0.8666666666666667
2 0 1 4 27 49.0 6293 -0.0036548546003495946 0.00778642936596218
3 11 1 69 8 3296.0 1675 0.036417910447761194 1.9677611940298507
15 3 -1501135593 1 16.0 708 14668 4
0 0 0 2 0 -5.0 3770 5.305039787798408E-4 -0.001326259946949602
1 7 0 1 0 134.0 197 0.005076142131979695 0.6802030456852792
2 0 1 26 0 -418.0 9162 0.0028378083387906572 -0.04562322636978826
3 11 1 105 0 2679.0 1539 0.0682261208576998 1.7407407407407407
15 3 200474981 1 31.0 592 16036 4
0 0 0 0 0 0.0 2281 0.0 0.0
1 7 0 0 0 19.0 9 0.0 2.111111111111111
2 0 1 66 0 43.0 12542 0.0052623186094721735 0.0034284803061712644
3 11 1 137 0 2605.0 1204 0.11378737541528239 2.163621262458472
15 3 -1708936365 0 15.0 614 13482 4
0 0 0 0 7 -28.0 3349 -0.0020901761719916393 -0.008360704687966557
1 7 0 0 0 36.0 39 0.0 0.9230769230769231
2 0 1 0 10 32.0 8870 -0.0011273957158962795 0.0036076662908680946
3 11 1 0 0 2498.0 1224 0.0 2.0408496732026142
15 3 1534068552 0 -9.0 295 7155 4
0 0 0 0 7 -110.0 1166 -0.006003430531732418 -0.09433962264150944
1 7 0 0 0 -14.0 10 0.0 -1.4
2 0 1 0 4 -329.0 5667 -7.058408328921829E-4 -0.05805540850538204
3 11 1 0 10 606.0 312 -0.03205128205128205 1.9423076923076923
15 3 -1898959538 0 21.0 768 19881 4
0 0 0 0 14 -87.0 3581 -0.003909522479754258 -0.02429488969561575
1 7 0 0 0 -48.0 61 0.0 -0.7868852459016393
2 0 1 1 6 134.0 14867 -3.3631532925270735E-4 0.009013250823972557
3 11 1 36 2 2382.0 1372 0.02478134110787172 1.7361516034985423
15 3 782714860 0 -1.0 390 8354 4
0 0 0 0 8 22.0 2392 -0.0033444816053511705 0.00919732441471572
1 7 0 0 0 -39.0 46 0.0 -0.8478260869565217
2 0 1 0 6 -16.0 5163 -0.0011621150493898896 -0.0030989734650397056
3 11 1 0 28 1425.0 753 -0.03718459495351926 1.8924302788844622
15 3 -1145917478 0 9.0 1153 24619 4
0 0 0 6 15 -53.0 6794 -0.0013246982631733883 -0.007801000883132176
1 7 0 0 0 123.0 159 0.0 0.7735849056603774
2 0 1 9 7 -529.0 16296 1.2272950417280314E-4 -0.032461953853706434
3 11 1 96 4 2682.0 1370 0.06715328467153285 1.9576642335766423
15 3 -411336763 0 3.0 470 11057 4
0 0 0 0 0 -21.0 1902 0.0 -0.011041009463722398
1 7 0 0 0 -55.0 98 0.0 -0.5612244897959183
2 0 1 0 6 69.0 8065 -7.439553626782394E-4 0.008555486670799752
3 11 1 0 0 2073.0 992 0.0 2.089717741935484
15 3 -515049078 0 11.0 378 8582 4
0 0 0 0 5 -25.0 1085 -0.004608294930875576 -0.02304147465437788
1 7 0 0 0 1.0 4 0.0 0.25
2 0 1 0 223 -592.0 6601 -0.03378276018785033 -0.08968338130586274
3 11 1 0 0 1799.0 892 0.0 2.016816143497758
15 3 -184442069 1 23.0 779 18586 4
0 0 0 6 0 -60.0 3992 0.001503006012024048 -0.01503006012024048
1 7 0 0 0 158.0 161 0.0 0.9813664596273292
2 0 1 8 0 65.0 13407 5.967032147385695E-4 0.004848213619750876
3 11 1 3 0 2237.0 1026 0.0029239766081871343 2.1803118908382064
15 3 -681940178 0 7.0 608 13422 4
0 0 0 0 4 -7.0 3744 -0.0010683760683760685 -0.0018696581196581197
1 7 0 0 0 -40.0 205 0.0 -0.1951219512195122
2 0 1 0 20 122.0 8375 -0.0023880597014925373 0.014567164179104478
3 11 1 0 10 2031.0 1098 -0.009107468123861567 1.849726775956284
15 3 2055216726 0 13.0 621 14149 4
0 0 0 3 10 9.0 3956 -0.001769464105156724 0.002275025278058645
1 7 0 4 0 38.0 225 0.017777777777777778 0.1688888888888889
2 0 1 3 26 -185.0 8563 -0.0026859745416326053 -0.021604577834870957
3 11 1 21 11 3115.0 1405 0.0071174377224199285 2.2170818505338077
15 3 -1389408690 0 -5.0 393 8489 4
0 0 0 0 2 -36.0 2707 -7.388252678241596E-4 -0.013298854820834873
1 7 0 0 0 7.0 8 0.0 0.875
2 0 1 0 5 -209.0 5339 -9.365049634763064E-4 -0.03914590747330961
3 11 1 0 6 817.0 435 -0.013793103448275862 1.8781609195402298
15 3 1753151684 0 5.0 482 13300 3
0 0 0 0 28 -258.0 3643 -0.0076859730990941535 -0.07082075212736755
1 0 1 0 22 -138.0 8919 -0.0024666442426280973 -0.015472586612848975
2 11 1 0 0 1475.0 738 0.0 1.9986449864498645
15 4 1055306778 1 14.0 697 13583 4
0 0 0 3 12 -91.0 3576 -0.0025167785234899327 -0.025447427293064876
1 7 0 27 0 -102.0 182 0.14835164835164835 -0.5604395604395604
2 0 1 12 10 -7.0 8456 2.3651844843897824E-4 -8.278145695364238E-4
3 11 1 138 28 2838.0 1369 0.08035062089116143 2.073046018991965
15 4 738046101 1 15.0 649 17282 4
0 0 0 17 1 -125.0 3221 0.0049674014281279105 -0.0388078236572493
1 7 0 0 0 122.0 250 0.0 0.488
2 0 1 23 63 -772.0 12530 -0.0031923383878691143 -0.0616121308858739
3 11 1 0 13 2665.0 1281 -0.01014832162373146 2.080405932864949
15 4 2145179745 1 35.0 642 21396 3
0 0 0 0 0 0.0 1040 0.0 0.0
1 0 1 17 0 27.0 18798 9.043515267581658E-4 0.0014363230130864987
2 11 1 60 0 3019.0 1558 0.038510911424903725 1.9377406931964056
15 4 287251940 1 11.0 656 15596 4
0 0 0 18 0 -134.0 3931 0.004578987534978377 -0.03408801831595014
1 7 0 166 0 49.0 545 0.30458715596330277 0.08990825688073395
2 0 1 49 0 -198.0 9811 0.004994394047497706 -0.02018142900825604
3 11 1 263 0 2488.0 1309 0.20091673032849502 1.9006875477463714
15 4 -635036094 1 10.0 834 18565 4
0 0 0 0 16 -52.0 5026 -0.0031834460803820135 -0.010346199761241544
1 7 0 15 0 -28.0 318 0.04716981132075472 -0.0880503144654088
2 0 1 12 118 -285.0 11551 -0.009176694658471127 -0.024673188468530862
3 11 1 174 25 3430.0 1670 0.08922155688622754 2.053892215568862
15 4 -2059960613 0 13.0 670 16071 4
0 0 0 9 28 -72.0 4684 -0.0040563620836891546 -0.015371477369769428
1 7 0 0 0 -46.0 151 0.0 -0.304635761589404
2 0 1 9 36 -114.0 9514 -0.0028379230607525753 -0.011982341812066429
3 11 1 160 6 3528.0 1722 0.08943089430894309 2.048780487804878
15 4 1700247006 1 10.0 725 17592 4
0 0 0 27 2 -95.0 4640 0.005387931034482759 -0.020474137931034482
1 7 0 0 0 -18.0 201 0.0 -0.08955223880597014
2 0 1 28 6 -248.0 11401 0.0019296552933953162 -0.02175247785281993
3 11 1 26 1 2788.0 1350 0.018518518518518517 2.065185185185185
15 4 1952857105 1 26.0 804 18715 4
0 0 0 19 0 -57.0 4368 0.00434981684981685 -0.01304945054945055
1 7 0 1 0 85.0 88 0.011363636363636364 0.9659090909090909
2 0 1 11 0 -308.0 13015 8.451786400307337E-4 -0.023665001920860546
3 11 1 5 0 2709.0 1244 0.0040192926045016075 2.177652733118971
15 4 465727655 1 23.0 588 14770 4
0 0 0 4 1 7.0 3326 9.019843656043296E-4 0.0021046301864101023
1 7 0 40 0 -134.0 282 0.14184397163120568 -0.475177304964539
2 0 1 8 5 -143.0 9559 3.138403598702793E-4 -0.014959723820483314
3 11 1 120 16 3200.0 1603 0.06487835308796007 1.9962570180910792
15 4 1069892364 1 10.0 652 15847 4
0 0 0 22 1 -83.0 3622 0.005797901711761457 -0.022915516289342904
1 7 0 0 0 73.0 344 0.0 0.21220930232558138
2 0 1 34 4 22.0 10505 0.0028557829604950024 0.0020942408376963353
3 11 1 41 1 2675.0 1376 0.029069767441860465 1.9440406976744187
15 4 1327171864 0 -5.0 413 10702 4
0 0 0 0 21 -138.0 2211 -0.009497964721845319 -0.06241519674355495
1 7 0 0 0 -44.0 52 0.0 -0.8461538461538461
2 0 1 0 23 -132.0 7755 -0.0029658284977433914 -0.01702127659574468
3 11 1 0 23 846.0 684 -0.033625730994152045 1.236842105263158
15 4 1186127097 0 5.0 529 11519 4
0 0 0 0 16 -17.0 3236 -0.004944375772558714 -0.005253399258343634
1 7 0 0 0 46.0 65 0.0 0.7076923076923077
2 0 1 0 24 213.0 6957 -0.0034497628288055198 0.030616645105648987
3 11 1 0 14 2706.0 1261 -0.011102299762093577 2.1459159397303726
15 4 597308440 1 18.0 551 12542 4
0 0 0 24 2 -37.0 3145 0.0069952305246422895 -0.011764705882352941
1 7 0 6 0 91.0 322 0.018633540372670808 0.2826086956521739
2 0 1 20 3 40.0 7427 0.0022889457385216103 0.005385754678874377
3 11 1 94 2 3079.0 1648 0.055825242718446605 1.8683252427184467
15 4 1758396882 1 14.0 631 15171 4
0 0 0 5 10 -75.0 3727 -0.0013415615776764154 -0.02012342366514623
1 7 0 86 0 -334.0 381 0.22572178477690288 -0.8766404199475065
2 0 1 70 13 6.0 9540 0.005974842767295598 6.289308176100629E-4
3 11 1 332 27 3414.0 1523 0.20026263952724885 2.241628365068943
15 4 -538930170 0 13.0 652 15049 4
0 0 0 0 22 -69.0 3711 -0.005928321207221773 -0.018593371059013743
1 7 0 0 0 48.0 64 0.0 0.75
2 0 1 0 41 -901.0 9958 -0.004117292629041976 -0.09048001606748343
3 11 1 0 13 2292.0 1316 -0.009878419452887538 1.7416413373860182
15 4 -1191677218 1 26.0 780 18953 4
0 0 0 0 14 -38.0 5577 -0.002510310202617895 -0.006813699121391429
1 7 0 59 0 -111.0 62 0.9516129032258065 -1.7903225806451613
2 0 1 0 14 235.0 11756 -0.0011908812521265737 0.019989792446410342
3 11 1 11 9 3392.0 1558 0.0012836970474967907 2.1771501925545573
15 4 -987698031 1 5.0 556 13041 4
0 0 0 19 0 -96.0 3094 0.006140917905623788 -0.031027795733678087
1 7 0 164 0 -128.0 457 0.3588621444201313 -0.2800875273522976
2 0 1 32 0 178.0 7817 0.004093642062172189 0.022770883970832802
3 11 1 122 0 3391.0 1673 0.07292289300657502 2.0268977884040646
15 4 -1088857498 0 11.0 627 14718 4
0 0 0 0 31 -90.0 4152 -0.007466281310211946 -0.02167630057803468
1 7 0 0 0 -47.0 110 0.0 -0.42727272727272725
2 0 1 0 24 44.0 9177 -0.002615233736515201 0.004794595183611202
3 11 1 0 8 2523.0 1279 -0.006254886630179828 1.9726348709929633
15 4 1644817225 1 4.0 770 17396 4
0 0 0 11 5 -49.0 4670 0.001284796573875803 -0.010492505353319057
1 7 0 4 0 54.0 380 0.010526315789473684 0.14210526315789473
2 0 1 7 6 401.0 10694 9.35103796521414E-5 0.0374976622405087
3 11 1 40 5 2982.0 1652 0.0211864406779661 1.805084745762712
15 4 1720436479 0 23.0 744 17606 4
0 0 0 0 19 -52.0 3857 -0.0049261083743842365 -0.013481980814104226
1 7 0 0 0 -30.0 22 0.0 -1.3636363636363635
2 0 1 0 20 204.0 12368 -0.0016170763260025874 0.016494178525226392
3 11 1 0 6 2978.0 1359 -0.004415011037527594 2.191317144959529
