1 0 -1149427271 0 0.0 1500 4 0 4 0 3 0 3 4 0 4 10 24 0 0
1 0 2016069626 0 0.0 1500 4 0 4 0 3 0 3 5 0 5 10 24 0 0
1 0 1464032888 0 0.0 1500 4 0 4 0 3 0 3 5 0 5 10 22 0 0
1 0 204396301 0 0.0 1500 4 0 4 0 3 0 3 4 0 4 10 23 0 0
1 0 -1440373285 0 0.0 1500 4 0 4 0 3 0 3 4 0 4 10 19 0 0
1 0 -1620548567 0 0.0 1500 4 0 4 0 3 0 3 4 0 4 10 26 0 0
1 0 1650092669 0 0.0 1500 4 0 4 0 3 0 3 4 0 4 10 25 0 0
1 0 -262634351 0 0.0 1500 4 0 4 0 3 0 3 4 0 4 10 23 0 0
1 0 1829393159 0 0.0 1500 4 0 4 0 3 0 3 4 0 4 10 26 0 0
1 0 212842463 0 0.0 1500 4 0 4 0 3 0 3 5 0 5 10 22 0 0
1 0 -2020708857 0 0.0 1500 4 0 4 0 3 0 3 5 0 5 10 23 0 0
1 0 -1658210245 0 0.0 1500 4 0 4 0 3 0 3 4 0 4 10 25 0 0
1 0 -2106346086 0 0.0 1500 4 0 4 0 3 0 3 4 0 4 10 23 0 0
1 0 1115497320 0 0.0 1500 4 0 4 0 3 0 3 3 0 3 10 19 0 0
1 0 758482523 0 0.0 1500 4 0 4 0 3 0 3 5 0 5 10 20 0 0
1 0 -2062885165 0 0.0 1500 4 0 4 0 3 0 3 5 0 5 10 20 0 0
1 0 -1423059496 0 0.0 1500 4 0 4 0 3 0 3 5 0 5 10 22 0 0
1 0 -1246360970 0 0.0 1500 4 0 4 0 3 0 3 6 0 6 10 22 0 0
1 0 -1781964497 0 0.0 1500 4 0 4 0 3 0 3 4 0 4 10 22 0 0
1 0 388323500 0 0.0 1500 4 0 4 0 3 0 3 5 0 5 10 22 0 0
1 1 -909296687 1 5.0 1498 4 0 4 0 4 0 4 13 0 13 12 1498 0 0
1 1 -1059862313 0 0.0 1500 4 0 4 0 4 0 4 10 0 10 11 123 0 0
1 1 1702415436 0 0.0 1500 4 0 4 0 3 0 3 4 0 4 10 26 0 0
1 1 -1415237305 0 0.0 1500 4 0 4 0 3 0 3 3 0 3 10 18 0 0
1 1 -254676582 1 5.0 1494 4 0 4 0 4 0 4 9 0 9 12 1494 0 0
1 1 -758265005 0 0.0 1500 4 0 4 0 3 0 3 5 0 5 10 30 0 0
1 1 937210470 0 0.0 1500 4 0 4 0 3 0 3 3 0 3 10 30 0 0
1 1 1307289340 1 5.0 1499 4 0 4 0 4 0 4 11 0 11 11 1499 0 0
1 1 -80997147 1 5.0 1497 4 0 4 0 4 0 4 11 0 11 12 1497 0 0
1 1 1891257793 1 5.0 1495 4 0 4 0 4 0 4 16 0 16 12 1495 0 0
1 1 -353089730 0 0.0 1500 4 0 4 0 3 0 3 4 0 4 10 18 0 0
1 1 -1689756247 0 0.0 1500 4 0 4 0 3 0 3 3 0 3 10 16 0 0
1 1 -2046073863 0 0.0 1500 4 0 4 0 3 0 3 3 0 3 10 23 0 0
1 1 665638546 0 0.0 1500 4 0 4 0 3 0 3 6 0 6 10 25 0 0
1 1 -831024838 0 0.0 1500 4 0 4 0 3 0 3 11 0 11 10 25 0 0
1 1 -2140840069 0 0.0 1500 4 0 4 0 3 0 3 4 0 4 10 15 0 0
1 1 -1329412125 0 0.0 1500 4 0 4 0 3 0 3 3 0 3 10 18 0 0
1 1 1875884561 0 0.0 1500 4 0 4 0 3 0 3 3 0 3 10 22 0 0
1 1 -1542555737 0 0.0 1500 4 0 4 0 3 0 3 3 0 3 10 18 0 0
1 1 1005344412 0 0.0 1500 4 0 4 0 3 0 3 3 0 3 10 26 0 0
1 2 -831187650 0 0.0 1500 4 0 4 0 3 0 3 4 0 4 10 47 0 0
1 2 505335266 0 0.0 1500 4 0 4 0 3 0 3 8 0 8 10 124 0 0
1 2 413519846 0 0.0 1500 4 0 4 0 3 0 3 5 0 5 10 70 0 0
1 2 1177204659 0 0.0 1500 4 0 4 0 3 0 3 3 0 3 10 26 0 0
1 2 1419407670 0 0.0 1500 4 0 4 0 3 0 3 3 0 3 10 73 0 0
1 2 -351163351 0 0.0 1500 4 0 4 0 3 0 3 6 0 6 10 43 0 0
1 2 -356008634 0 0.0 1500 4 0 4 0 3 0 3 12 0 12 10 34 0 0
1 2 -1289933601 0 0.0 1500 4 0 4 0 3 0 3 10 0 10 10 52 0 0
1 2 -305004436 0 0.0 1500 4 0 4 0 3 0 3 6 0 6 10 23 0 0
1 2 1069185316 0 0.0 1500 4 0 4 0 3 0 3 3 0 3 10 49 0 0
1 2 -1340485913 0 0.0 1500 4 0 4 0 3 0 3 4 0 4 10 116 0 0
1 2 1155166456 0 0.0 1500 4 0 4 0 3 0 3 3 0 3 10 53 0 0
1 2 -866125862 0 0.0 1500 4 0 4 0 3 0 3 3 0 3 10 39 0 0
1 2 -2051591690 0 0.0 1500 4 0 4 0 3 0 3 4 0 4 10 29 0 0
1 2 57831841 0 0.0 1500 4 0 4 0 3 0 3 5 0 5 10 37 0 0
1 2 424934303 0 0.0 1500 4 0 4 0 3 0 3 6 0 6 10 41 0 0
1 2 1509802990 0 0.0 1500 4 0 4 0 3 0 3 3 0 3 10 27 0 0
1 2 -919943196 0 0.0 1500 4 0 4 0 3 0 3 6 0 6 10 56 0 0
1 2 -663674604 0 0.0 1500 4 0 4 0 3 0 3 5 0 5 10 40 0 0
1 2 -1000515357 0 0.0 1500 4 0 4 0 3 0 3 4 0 4 10 82 0 0
1 3 920071559 0 0.0 1500 4 0 4 0 3 0 3 20 0 20 10 67 0 0
1 3 -1849781419 0 0.0 1500 4 0 4 0 3 0 3 207 0 207 10 207 0 0
1 3 -860110085 1 5.0 34 4 0 4 0 4 0 4 12 0 12 11 34 0 0
1 3 1556137312 0 0.0 1500 4 0 4 0 3 0 3 4 0 4 10 117 0 0
1 3 -1708965188 0 0.0 1500 4 0 4 0 3 0 3 10 0 10 10 74 0 0
1 3 -958213862 1 5.0 86 4 0 4 0 4 0 4 14 0 14 12 86 0 0
1 3 1716647810 0 0.0 1500 4 0 4 0 3 0 3 93 0 93 10 93 0 0
1 3 -1287804563 0 0.0 1500 4 0 4 0 3 0 3 120 0 120 10 121 0 0
1 3 1514469423 0 0.0 1500 4 0 4 0 3 0 3 11 0 11 10 56 0 0
1 3 -1481730251 0 0.0 1500 4 0 4 0 3 0 3 17 0 17 10 135 0 0
1 3 -619343058 0 0.0 1500 4 0 4 0 3 0 3 10 0 10 10 200 0 0
1 3 2053146627 1 5.0 36 4 0 4 0 4 0 4 10 0 10 10 36 0 0
1 3 -1817724941 0 0.0 1500 4 0 4 0 3 0 3 7 0 7 10 93 0 0
1 3 -384224027 1 5.0 164 4 0 4 0 4 0 4 164 0 164 11 164 0 0
1 3 -607809022 0 0.0 1500 4 0 4 0 3 0 3 10 0 10 10 148 0 0
1 3 1652756459 1 5.0 419 4 0 4 0 4 0 4 84 0 84 12 419 0 0
1 3 -20323060 0 0.0 1500 4 0 4 0 3 0 3 19 0 19 10 142 0 0
1 3 2116955036 1 5.0 80 4 0 4 0 4 0 4 80 0 80 11 80 0 0
1 3 -893185897 1 5.0 169 4 0 4 0 4 0 4 54 0 54 12 169 0 0
1 3 979050520 0 0.0 1500 4 0 4 0 3 0 3 6 0 6 10 56 0 0
1 4 -387424120 0 0.0 1500 4 0 4 0 3 0 3 3 0 3 10 29 0 0
1 4 -773012427 0 0.0 1500 4 0 4 0 3 0 3 6 0 6 10 24 0 0
1 4 -2002971761 0 0.0 1500 4 0 4 0 3 0 3 4 0 4 10 21 0 0
1 4 -1331495973 1 5.0 1496 4 0 4 0 4 0 4 14 0 14 12 1496 0 0
1 4 144825106 0 0.0 1500 4 0 4 0 3 0 3 3 0 3 10 17 0 0
1 4 1841002303 0 0.0 1500 4 0 4 0 3 0 3 12 0 12 10 24 0 0
1 4 1086963028 0 0.0 1500 4 0 4 0 3 0 3 5 0 5 10 21 0 0
1 4 -351048626 0 0.0 1500 4 0 4 0 3 0 3 4 0 4 10 16 0 0
1 4 -1306994741 0 0.0 1500 4 0 4 0 3 0 3 4 0 4 10 28 0 0
1 4 -206975066 0 0.0 1500 4 0 4 0 3 0 3 7 0 7 10 21 0 0
1 4 -961030135 0 0.0 1500 4 0 4 0 3 0 3 5 0 5 10 22 0 0
1 4 637070982 0 0.0 1500 4 0 4 0 3 0 3 6 0 6 10 21 0 0
1 4 548753601 0 0.0 1500 4 0 4 0 3 0 3 4 0 4 10 19 0 0
1 4 645572586 1 5.0 1498 4 0 4 0 4 0 4 7 0 7 12 1498 0 0
1 4 -62545054 0 0.0 1500 4 0 4 0 3 0 3 3 0 3 10 17 0 0
1 4 -171522711 0 0.0 1500 4 0 4 0 3 0 3 4 0 4 10 20 0 0
1 4 -937322518 0 0.0 1500 4 0 4 0 3 0 3 5 0 5 10 20 0 0
1 4 1776217039 0 0.0 1500 4 0 4 0 3 0 3 4 0 4 10 33 0 0
1 4 1797169340 1 5.0 1497 4 0 4 0 4 0 4 7 0 7 12 1497 0 0
1 4 -1977646464 0 0.0 1500 4 0 4 0 3 0 3 5 0 5 10 15 0 0
