17 0 2140265291 0 11.0 442 9 1 10 16 1 3 4 41 303 303 3 432 11 422
17 0 -37848304 0 11.0 426 9 1 10 3 3 3 6 426 146 426 24 426 11 344
17 0 -2029874546 1 1047.0 1000 9 1 10 16 2 3 5 164 491 491 32 997 40 984
17 0 -481067089 1 48.0 1000 9 1 10 2 2 3 5 472 231 472 25 823 37 945
17 0 1950747218 1 2039.0 1000 9 1 10 2 2 3 5 204 234 234 33 974 31 978
17 0 -1440317928 1 2049.0 1000 9 1 10 1 2 3 5 133 165 165 29 915 39 990
17 0 -432022749 0 30.0 936 9 1 10 0 2 3 5 360 325 360 22 444 28 934
17 0 -1737865315 1 1039.0 1000 9 1 10 2 2 3 5 188 140 188 17 780 37 990
17 0 -1943781536 1 1029.0 1000 9 1 10 0 2 3 5 362 149 362 27 967 27 973
17 0 -1414006854 0 0.0 171 9 1 10 4 3 0 3 171 0 171 14 171 0 0
17 0 397049503 1 1050.0 1000 9 1 10 2 2 3 5 369 242 369 28 982 43 975
17 0 -1649060503 0 50.0 806 9 1 10 1 2 3 5 467 117 467 19 731 42 798
17 0 -318041857 1 1042.0 1000 9 1 10 4 2 3 5 112 341 341 28 898 38 988
17 0 -1966713549 1 1047.0 1000 9 1 10 6 2 3 5 153 350 350 29 969 42 985
17 0 951542668 1 1036.0 1000 9 1 10 0 2 3 5 185 229 229 27 997 32 927
17 0 -1602046174 1 1038.0 1000 9 1 10 0 2 3 5 279 260 279 26 895 34 991
17 0 1521078975 1 21.0 1000 9 1 10 0 2 3 5 146 867 867 15 991 18 979
17 0 -2844323 1 1037.0 1000 9 1 10 11 2 3 5 93 372 372 19 967 32 955
17 0 635884839 1 1050.0 1000 9 1 10 5 2 3 5 75 252 252 27 845 42 991
17 0 133994780 1 1041.0 1000 9 1 10 6 2 3 5 110 94 110 27 990 36 943
17 1 1752676213 0 33.0 702 9 1 10 1 2 3 5 335 159 335 27 687 29 666
17 1 -1710201425 0 51.0 832 9 1 10 6 2 3 5 100 71 100 29 756 44 806
17 1 -1278077495 1 1051.0 1000 9 1 10 0 2 3 5 425 251 425 29 946 44 851
17 1 -1542137956 1 1045.0 1000 9 1 10 1 2 3 5 260 323 323 29 888 41 994
17 1 -1607157204 0 39.0 442 9 1 10 0 1 3 4 78 40 78 3 240 31 438
17 1 1202424330 0 48.0 858 9 1 10 1 2 3 5 398 253 398 22 756 44 852
17 1 -2142679099 1 1051.0 1000 9 1 10 3 2 3 5 339 145 339 20 942 40 999
17 1 -1464196693 1 1049.0 1000 9 1 10 0 2 3 5 240 317 317 27 735 41 968
17 1 -938221193 1 1061.0 1000 9 1 10 5 2 3 5 175 255 255 28 606 49 993
17 1 2077832363 0 42.0 910 9 1 10 2 2 3 5 63 409 409 18 371 37 877
17 1 -1666472695 0 46.0 936 9 1 10 0 2 3 5 142 101 142 31 836 36 880
17 1 1955064718 1 1049.0 1000 9 1 10 1 2 3 5 396 142 396 30 968 41 959
17 1 97892031 0 36.0 780 9 1 10 6 2 3 5 172 197 197 18 643 32 773
17 1 -248598341 1 1065.0 1000 9 1 10 3 2 3 5 151 254 254 27 595 53 991
17 1 885762875 0 56.0 943 9 1 10 8 3 3 6 943 193 943 30 943 52 897
17 1 1533722318 0 34.0 702 9 1 10 0 2 3 5 327 280 327 20 563 28 697
17 1 791297019 0 47.0 806 9 1 10 2 2 3 5 232 380 380 31 708 38 788
17 1 585276869 1 50.0 1000 9 1 10 2 2 3 5 150 243 243 25 957 47 968
17 1 -1087985909 0 12.0 392 9 1 10 1 3 3 6 392 127 392 13 392 11 363
17 1 598783486 0 0.0 42 9 1 10 1 2 0 2 42 0 42 15 42 0 0
17 2 187965441 0 38.0 962 9 1 10 104 2 3 5 416 282 416 18 897 29 945
17 2 -715242886 1 1024.0 1000 9 1 10 8 2 3 5 116 513 513 19 811 17 866
17 2 366403628 0 13.0 546 9 1 10 115 2 3 5 199 252 252 18 440 12 529
17 2 367826579 0 16.0 400 9 1 10 23 3 3 6 400 218 400 19 400 15 386
17 2 1139011322 0 23.0 676 9 1 10 114 2 3 5 213 295 295 12 645 19 630
17 2 -2066356058 0 16.0 650 9 1 10 192 2 3 5 519 405 519 16 614 12 567
17 2 1329137728 0 21.0 910 9 1 10 73 2 3 5 630 182 630 17 891 18 906
17 2 99820895 0 17.0 442 9 1 10 97 1 3 4 112 351 351 3 396 16 419
17 2 2143742014 0 9.0 442 9 1 10 39 1 3 4 264 195 264 2 408 8 440
17 2 533847660 0 1020.0 774 9 1 10 71 3 3 6 774 176 774 33 774 19 774
17 2 -1552832136 0 21.0 702 9 1 10 175 2 3 5 645 152 645 16 645 17 701
17 2 -1371564450 0 6.0 406 9 1 10 301 3 1 4 406 100 406 12 406 5 394
17 2 -1373533656 0 13.0 332 9 1 10 200 2 3 5 332 296 332 3 332 11 296
17 2 1434269892 0 22.0 442 9 1 10 69 1 3 4 171 196 196 3 344 19 426
17 2 842572375 0 11.0 439 9 1 10 57 2 3 5 439 173 439 2 439 10 411
17 2 -67472000 0 23.0 442 9 1 10 9 1 3 4 209 143 209 2 238 20 405
17 2 590706871 0 21.0 442 9 1 10 24 0 3 3 0 146 146 0 0 18 409
17 2 429618380 0 18.0 780 9 1 10 68 2 3 5 504 239 504 17 642 15 715
17 2 -427738966 1 22.0 1000 9 1 10 33 2 3 5 368 249 368 25 859 18 887
17 2 -1996236563 0 1021.0 728 9 1 10 76 2 3 5 146 284 284 8 728 17 698
17 3 -2091473017 0 6.0 143 9 1 10 0 2 3 5 143 120 143 2 143 5 120
17 3 -1111146954 0 6.0 276 9 1 10 0 2 3 5 276 212 276 13 276 6 265
17 3 -136210795 1 1043.0 1000 9 1 10 0 2 3 5 546 171 546 27 953 29 984
17 3 209306570 0 10.0 196 9 1 10 0 2 3 5 196 137 196 3 196 8 187
17 3 -961003679 1 1044.0 1000 9 1 10 5 2 3 5 246 133 246 27 842 35 997
17 3 837167311 0 4.0 222 9 1 10 10 1 3 4 222 143 222 1 222 4 210
17 3 1981784427 0 45.0 660 9 1 10 0 3 3 6 660 140 660 26 660 35 629
17 3 152057208 0 0.0 56 9 1 10 6 1 0 1 56 0 56 1 56 0 0
17 3 777567542 0 26.0 408 9 1 10 1 3 3 6 408 102 408 12 408 24 399
17 3 -1321157432 0 11.0 499 9 1 10 2 3 3 6 499 187 499 21 499 10 492
17 3 1822597552 0 22.0 650 9 1 10 15 2 3 5 402 192 402 16 636 21 628
17 3 1495587277 0 30.0 910 9 1 10 3 2 3 5 703 436 703 19 900 27 812
17 3 1049898399 0 1048.0 930 9 1 10 3 3 3 6 930 203 930 28 930 41 930
17 3 898388007 0 43.0 780 9 1 10 1 2 3 5 324 152 324 24 755 38 769
17 3 1736737198 0 0.0 157 9 1 10 3 1 0 1 157 0 157 1 157 0 0
17 3 -1410891243 0 16.0 260 9 1 10 0 2 3 5 260 118 260 3 260 12 245
17 3 1617331486 0 20.0 442 9 1 10 0 1 3 4 141 277 277 1 141 19 409
17 3 -2095626163 0 30.0 624 9 1 10 0 2 3 5 352 147 352 16 440 28 606
17 3 -1849484907 0 0.0 57 9 1 10 10 1 0 1 57 0 57 1 57 0 0
17 3 773416507 0 1.0 95 9 1 10 2 1 1 2 95 76 95 1 95 1 76
17 4 -1114173299 0 28.0 546 9 1 10 0 2 3 5 118 79 118 20 526 23 513
17 4 -863956070 1 1050.0 1000 9 1 10 0 2 3 5 213 538 538 29 786 46 996
17 4 7805120 1 64.0 1000 9 1 10 0 2 3 5 290 121 290 23 874 49 973
17 4 -339927737 1 44.0 1000 9 1 10 0 2 3 5 358 325 358 19 986 34 992
17 4 1995498446 1 32.0 1000 9 1 10 0 2 3 5 384 566 566 21 812 30 972
17 4 269482506 0 35.0 702 9 1 10 0 2 3 5 614 112 614 12 614 27 628
17 4 -1492617628 0 21.0 546 9 1 10 0 2 3 5 225 305 305 18 470 20 537
17 4 -1358815720 1 1045.0 1000 9 1 10 0 2 3 5 116 191 191 28 981 40 997
17 4 -1376443892 0 20.0 598 9 1 10 0 2 3 5 161 403 403 19 582 17 514
17 4 -2011784919 1 45.0 1000 9 1 10 0 2 3 5 380 722 722 29 978 39 982
17 4 -82269282 1 1039.0 1000 9 1 10 0 2 3 5 306 139 306 25 950 33 980
17 4 293204083 0 8.0 183 9 1 10 0 2 3 5 183 171 183 9 183 8 177
17 4 1789098312 0 26.0 567 9 1 10 0 3 3 6 567 147 567 21 567 25 556
17 4 -1225255942 0 23.0 676 9 1 10 0 2 3 5 182 182 182 18 659 19 639
17 4 -1056102216 0 48.0 858 9 1 10 0 2 3 5 412 152 412 21 741 42 841
17 4 -1020160160 1 1048.0 1000 9 1 10 0 2 3 5 216 289 289 31 947 40 997
17 4 1117143765 0 22.0 520 9 1 10 0 2 3 5 390 151 390 18 390 20 451
17 4 2008847935 0 45.0 754 9 1 10 0 2 3 5 260 61 260 20 665 38 753
17 4 108706896 0 15.0 302 9 1 10 0 3 3 6 302 120 302 17 302 13 233
17 4 -2076551029 0 29.0 598 9 1 10 0 2 2 4 222 101 222 28 565 28 595
