2 0 523551247 0 48.0 261 3 0 3 0 2 0 2 23 0 23 73 241 0 0
2 0 -196190457 1 34.0 691 3 0 3 0 2 0 2 7 0 7 113 691 0 0
2 0 768583551 0 68.0 485 3 0 3 0 2 0 2 143 0 143 110 459 0 0
2 0 76054994 0 50.0 644 3 0 3 0 2 0 2 29 0 29 76 639 0 0
2 0 -2056013231 0 56.0 1500 3 0 3 0 2 0 2 25 0 25 106 683 0 0
2 0 1025326576 0 50.0 411 3 0 3 0 2 0 2 11 0 11 64 399 0 0
2 0 1557823330 0 30.0 1500 3 0 3 0 2 0 2 7 0 7 119 1346 0 0
2 0 -1610677432 0 16.0 1500 3 0 3 0 2 0 2 8 0 8 107 824 0 0
2 0 -544056842 0 24.0 335 3 0 3 0 2 0 2 122 0 122 81 293 0 0
2 0 -1130030097 0 36.0 1500 3 0 3 0 2 0 2 55 0 55 118 1180 0 0
2 0 -1248402651 0 30.0 1500 3 0 3 0 2 0 2 12 0 12 126 1207 0 0
2 0 2006301663 0 36.0 221 3 0 3 0 2 0 2 7 0 7 58 181 0 0
2 0 -795423996 1 44.0 928 3 0 3 0 2 0 2 48 0 48 87 928 0 0
2 0 -1138456526 0 56.0 1500 3 0 3 0 2 0 2 21 0 21 119 1496 0 0
2 0 -1776017024 1 38.0 1462 3 0 3 0 2 0 2 50 0 50 128 1462 0 0
2 0 811937897 0 32.0 689 3 0 3 0 2 0 2 30 0 30 105 620 0 0
2 0 -1022027122 0 58.0 1500 3 0 3 0 2 0 2 13 0 13 119 1159 0 0
2 0 410214463 0 44.0 1500 3 0 3 0 2 0 2 10 0 10 130 1404 0 0
2 0 1510759771 0 30.0 1500 3 0 3 0 2 0 2 11 0 11 121 1335 0 0
2 0 414247681 0 54.0 1500 3 0 3 0 2 0 2 56 0 56 111 860 0 0
2 1 455582105 0 8.0 261 3 0 3 0 2 0 2 17 0 17 36 253 0 0
2 1 1824378358 0 66.0 1500 3 0 3 0 2 0 2 12 0 12 140 870 0 0
2 1 -604639933 0 64.0 1500 3 0 3 0 2 0 2 52 0 52 123 967 0 0
2 1 72003799 0 82.0 451 3 0 3 0 2 0 2 15 0 15 113 451 0 0
2 1 937467908 0 56.0 1500 3 0 3 0 2 0 2 10 0 10 136 1245 0 0
2 1 -310259795 0 36.0 329 3 0 3 0 2 0 2 34 0 34 80 326 0 0
2 1 805386384 0 20.0 376 3 0 3 0 2 0 2 32 0 32 76 374 0 0
2 1 -13783391 0 72.0 1464 3 0 3 0 2 0 2 23 0 23 139 775 0 0
2 1 -1597146454 1 68.0 1073 3 0 3 0 2 0 2 6 0 6 122 1073 0 0
2 1 -1467453856 1 66.0 428 3 0 3 0 2 0 2 64 0 64 108 428 0 0
2 1 1662804358 0 64.0 1500 3 0 3 0 2 0 2 8 0 8 116 1136 0 0
2 1 -1842500673 1 46.0 1443 3 0 3 0 2 0 2 4 0 4 131 1439 0 0
2 1 -329150622 1 36.0 1467 3 0 3 0 2 0 2 16 0 16 127 1467 0 0
2 1 734427996 0 62.0 1500 3 0 3 0 2 0 2 12 0 12 130 828 0 0
2 1 734659679 0 22.0 1500 3 0 3 0 2 0 2 15 0 15 109 1475 0 0
2 1 1520742901 1 26.0 659 3 0 3 0 2 0 2 13 0 13 114 659 0 0
2 1 570173496 0 28.0 1500 3 0 3 0 2 0 2 36 0 36 124 1233 0 0
2 1 1660130597 0 48.0 1500 3 0 3 0 2 0 2 13 0 13 133 1399 0 0
2 1 505221040 0 32.0 418 3 0 3 0 2 0 2 139 0 139 99 405 0 0
2 1 134929732 0 34.0 1500 3 0 3 0 2 0 2 6 0 6 103 1123 0 0
2 2 -755191818 0 40.0 1077 3 0 3 0 2 0 2 32 0 32 65 1021 0 0
2 2 -1543782041 0 24.0 491 3 0 3 0 2 0 2 61 0 61 43 487 0 0
2 2 1501942567 0 62.0 1500 3 0 3 0 2 0 2 42 0 42 125 1486 0 0
2 2 672179002 1 64.0 1333 3 0 3 0 2 0 2 81 0 81 98 1333 0 0
2 2 1609027127 0 34.0 595 3 0 3 0 2 0 2 85 0 85 55 582 0 0
2 2 -1073844729 1 54.0 859 3 0 3 0 2 0 2 55 0 55 93 859 0 0
2 2 -123887953 0 62.0 1500 3 0 3 0 2 0 2 40 0 40 129 1442 0 0
2 2 -1611482890 0 46.0 932 3 0 3 0 2 0 2 14 0 14 88 917 0 0
2 2 -811940172 0 22.0 246 3 0 3 0 2 0 2 13 0 13 43 244 0 0
2 2 -828835077 0 34.0 1500 3 0 3 0 2 0 2 30 0 30 88 1480 0 0
2 2 -1927645617 1 34.0 1464 3 0 3 0 2 0 2 37 0 37 103 1464 0 0
2 2 -520057646 0 14.0 1500 3 0 3 0 2 0 2 26 0 26 87 1388 0 0
2 2 -730680757 0 40.0 1312 3 0 3 0 2 0 2 37 0 37 84 1311 0 0
2 2 1413353894 1 60.0 848 3 0 3 0 2 0 2 7 0 7 97 848 0 0
2 2 -44460109 0 30.0 1500 3 0 3 0 2 0 2 48 0 48 74 1436 0 0
2 2 942625100 1 30.0 793 3 0 3 0 2 0 2 29 0 29 78 793 0 0
2 2 -425538375 0 22.0 1500 3 0 3 0 2 0 2 6 0 6 78 1464 0 0
2 2 551077377 1 22.0 1209 3 0 3 0 2 0 2 32 0 32 103 1209 0 0
2 2 1989623182 0 8.0 211 3 0 3 0 2 0 2 21 0 21 23 192 0 0
2 2 -955174178 1 34.0 857 3 0 3 0 2 0 2 77 0 77 83 857 0 0
2 3 -149416894 1 32.0 774 3 0 3 0 2 0 2 22 0 22 113 774 0 0
2 3 646715281 0 62.0 799 3 0 3 0 2 0 2 7 0 7 125 710 0 0
2 3 -730153239 1 16.0 286 3 0 3 0 2 0 2 16 0 16 54 286 0 0
2 3 -373981320 1 62.0 523 3 0 3 0 2 0 2 10 0 10 106 523 0 0
2 3 1397909522 1 64.0 745 3 0 3 0 2 0 2 35 0 35 121 745 0 0
2 3 952812939 0 52.0 397 3 0 3 0 2 0 2 30 0 30 61 397 0 0
2 3 1281279512 1 44.0 1040 3 0 3 0 2 0 2 15 0 15 121 1040 0 0
2 3 -1926707305 1 24.0 562 3 0 3 0 2 0 2 24 0 24 74 562 0 0
2 3 -1653110914 0 18.0 292 3 0 3 0 2 0 2 13 0 13 54 282 0 0
2 3 1315296390 1 60.0 1061 3 0 3 0 2 0 2 7 0 7 133 933 0 0
2 3 1180761735 1 72.0 873 3 0 3 0 2 0 2 12 0 12 133 873 0 0
2 3 -1055540910 0 18.0 604 3 0 3 0 2 0 2 126 0 126 59 358 0 0
2 3 971107490 1 38.0 619 3 0 3 0 2 0 2 7 0 7 112 619 0 0
2 3 -777456454 1 38.0 1474 3 0 3 0 2 0 2 11 0 11 112 1474 0 0
2 3 1405367602 1 26.0 866 3 0 3 0 2 0 2 29 0 29 115 866 0 0
2 3 993677535 1 74.0 551 3 0 3 0 2 0 2 16 0 16 99 551 0 0
2 3 1272512046 1 28.0 1135 3 0 3 0 2 0 2 27 0 27 123 1135 0 0
2 3 -1552903449 0 10.0 215 3 0 3 0 2 0 2 30 0 30 31 206 0 0
2 3 1753919342 0 56.0 1500 3 0 3 0 2 0 2 15 0 15 135 1440 0 0
2 3 1302308876 1 32.0 343 3 0 3 0 2 0 2 24 0 24 74 343 0 0
2 4 -512334635 0 44.0 1500 3 0 3 0 2 0 2 18 0 18 124 1380 0 0
2 4 1719667977 0 22.0 575 3 0 3 0 2 0 2 6 0 6 76 447 0 0
2 4 -1014147700 1 40.0 1500 3 0 3 0 2 0 2 21 0 21 124 1500 0 0
2 4 210051299 1 38.0 1485 3 0 3 0 2 0 2 7 0 7 124 1485 0 0
2 4 1670529054 0 46.0 1500 3 0 3 0 2 0 2 12 0 12 124 1218 0 0
2 4 1357936962 0 58.0 378 3 0 3 0 2 0 2 12 0 12 105 372 0 0
2 4 1006726304 1 46.0 858 3 0 3 0 2 0 2 15 0 15 121 858 0 0
2 4 1928587169 1 66.0 1225 3 0 3 0 2 0 2 17 0 17 140 1225 0 0
2 4 -11854795 0 58.0 1500 3 0 3 0 2 0 2 9 0 9 126 1213 0 0
2 4 -588841736 1 36.0 938 3 0 3 0 2 0 2 18 0 18 126 938 0 0
2 4 1697820092 0 32.0 287 3 0 3 0 2 0 2 16 0 16 62 287 0 0
2 4 1474594446 1 38.0 405 3 0 3 0 2 0 2 60 0 60 93 405 0 0
2 4 1057726345 0 36.0 678 3 0 3 0 2 0 2 17 0 17 98 677 0 0
2 4 -1653240993 0 44.0 248 3 0 3 0 2 0 2 14 0 14 62 245 0 0
2 4 -1204844356 0 44.0 1500 3 0 3 0 2 0 2 18 0 18 128 1318 0 0
2 4 -1671391475 1 38.0 780 3 0 3 0 2 0 2 6 0 6 116 751 0 0
2 4 -79854808 1 36.0 405 3 0 3 0 2 0 2 30 0 30 95 405 0 0
2 4 2049152572 0 58.0 665 3 0 3 0 2 0 2 14 0 14 116 580 0 0
2 4 945220544 1 62.0 1410 3 0 3 0 2 0 2 11 0 11 135 1410 0 0
2 4 1808848386 0 68.0 1500 3 0 3 0 2 0 2 17 0 17 136 1129 0 0
