10 0 844668034 1 8.0 1185 6 1 7 0 5 1 6 1103 61 1103 59 1182 5 978
10 0 -1669136629 1 15.0 1131 6 1 7 0 4 1 5 1057 37 1057 49 1115 7 912
10 0 -1390891200 1 1.0 1070 6 1 7 0 4 1 5 133 55 133 57 1040 8 953
10 0 -319776369 1 16.0 1371 6 1 7 0 3 1 4 902 21 902 51 902 7 724
10 0 237422931 1 15.0 373 6 1 7 0 4 1 5 116 71 116 38 328 4 312
10 0 -1473108757 1 10.0 799 6 1 7 0 4 1 5 772 16 772 68 792 9 694
10 0 754327262 1 1.0 688 6 1 7 0 5 1 6 335 83 335 39 671 5 587
10 0 -1821107561 1 5.0 1242 6 1 7 0 3 1 4 860 54 860 44 1200 6 883
10 0 -20681858 1 12.0 1052 6 1 7 0 4 1 5 847 154 847 64 1040 6 927
10 0 1497427474 1 1.0 1069 6 1 7 0 5 1 6 534 34 534 78 1042 10 1000
10 0 475350871 1 1.0 879 6 1 7 0 4 1 5 781 97 781 48 867 5 364
10 0 -920038716 0 13.0 1500 6 1 7 0 4 1 5 673 172 673 77 1494 8 1139
10 0 735625239 1 16.0 1423 6 1 7 0 3 1 4 899 413 899 76 1386 10 922
10 0 -419695707 0 14.0 1500 6 1 7 0 1 1 2 11 191 191 54 1326 5 554
10 0 -2119605902 0 6.0 1500 6 1 7 0 3 1 4 1304 58 1304 60 1493 8 1476
10 0 -1048803621 1 8.0 622 6 1 7 0 4 1 5 171 64 171 47 393 6 373
10 0 564445624 0 4.0 1500 6 1 7 0 4 1 5 991 71 991 83 1444 9 843
10 0 1720026216 1 1.0 1240 6 1 7 0 3 1 4 209 111 209 81 1235 7 1156
10 0 -338496802 1 6.0 783 6 1 7 0 4 1 5 689 74 689 46 753 6 677
10 0 970856118 1 12.0 754 6 1 7 0 2 1 3 544 137 544 29 544 5 469
10 1 2115057049 1 6.0 761 6 1 7 0 2 1 3 128 31 128 45 523 3 104
10 1 -1903507292 1 1.0 475 6 1 7 0 5 1 6 217 93 217 53 450 7 456
10 1 -456353758 1 16.0 1412 6 1 7 0 3 1 4 1293 23 1293 41 1293 6 456
10 1 1546459967 1 10.0 473 6 1 7 0 4 1 5 121 16 121 49 462 5 454
10 1 -1609272620 1 10.0 1197 6 1 7 0 3 1 4 190 73 190 44 537 2 112
10 1 -97674603 1 12.0 1346 6 1 7 0 4 1 5 1021 49 1021 63 1285 6 742
10 1 469530523 1 1.0 1053 6 1 7 0 3 1 4 36 45 45 54 1049 3 1010
10 1 -1578757733 1 1.0 1065 6 1 7 0 5 1 6 556 90 556 92 1024 9 843
10 1 365564674 1 16.0 1304 6 1 7 0 2 1 3 1282 36 1282 54 1294 7 1228
10 1 -214221217 0 19.0 1500 6 1 7 0 3 1 4 1237 9 1237 71 1483 9 1247
10 1 -558686280 1 21.0 1129 6 1 7 0 4 1 5 291 27 291 97 1119 9 968
10 1 -2000913202 1 14.0 834 6 1 7 0 5 1 6 220 121 220 72 745 8 673
10 1 327568169 1 18.0 1204 6 1 7 0 3 1 4 1044 267 1044 69 1044 7 590
10 1 -1593891348 1 13.0 615 6 1 7 0 4 1 5 282 5 282 65 564 10 506
10 1 -1929791640 1 17.0 582 6 1 7 0 4 1 5 88 22 88 73 571 7 518
10 1 1620322931 1 1.0 646 6 1 7 0 3 1 4 201 32 201 40 615 7 399
10 1 -1140288129 1 1.0 1224 6 1 7 0 5 1 6 166 4 166 60 731 5 697
10 1 -147983843 1 1.0 1032 6 1 7 0 4 1 5 421 34 421 46 475 2 448
10 1 2099160802 1 17.0 846 6 1 7 0 5 1 6 217 42 217 68 814 9 601
10 1 1153904016 1 9.0 1188 6 1 7 0 4 1 5 172 81 172 96 1140 11 863
10 2 1321934510 0 12.0 1500 6 1 7 1 3 1 4 1221 275 1221 29 1490 8 1473
10 2 -1461204617 0 8.0 1500 6 1 7 1 1 1 2 13 140 140 29 1078 4 785
10 2 926709710 1 1.0 1037 6 1 7 1 4 1 5 789 275 789 40 1009 3 997
10 2 899209767 1 11.0 1000 6 1 7 1 4 1 5 652 208 652 33 970 8 695
10 2 -629827755 1 13.0 1170 6 1 7 1 3 1 4 1162 451 1162 38 1162 7 1156
10 2 2055673206 1 10.0 1135 6 1 7 7 4 1 5 265 166 265 35 1117 2 273
10 2 -904018938 0 -1.0 1500 6 1 7 1 4 1 5 490 481 490 50 1496 3 1451
10 2 -1665031103 0 6.0 1500 6 1 7 1 4 1 5 562 58 562 55 1454 5 419
10 2 829748156 1 7.0 789 6 1 7 2 5 1 6 573 131 573 30 754 4 683
10 2 -1721415100 1 1.0 957 6 1 7 2 4 1 5 761 202 761 45 911 5 835
10 2 -1246108829 1 1.0 976 6 1 7 3 4 1 5 466 220 466 34 906 3 350
10 2 -1383023165 1 6.0 560 6 1 7 1 3 1 4 171 275 275 20 404 2 383
10 2 -1069170092 0 9.0 1500 6 1 7 1 4 1 5 122 112 122 39 1439 2 150
10 2 1023001564 1 2.0 1487 6 1 7 3 4 1 5 171 46 171 41 1426 4 518
10 2 1549114586 0 8.0 1500 6 1 7 1 3 1 4 277 50 277 24 479 3 471
10 2 -88293590 1 8.0 1329 6 1 7 1 1 1 2 15 24 24 24 1228 4 1089
10 2 -1425151997 0 -8.0 1500 6 1 7 1 3 1 4 708 16 708 37 1383 3 709
10 2 -1884952639 1 1.0 1017 6 1 7 1 4 1 5 450 587 587 25 852 2 607
10 2 1600328754 1 13.0 1153 6 1 7 1 5 1 6 526 272 526 36 1138 4 687
10 2 -1222063552 1 20.0 1363 6 1 7 5 2 1 3 1306 249 1306 23 1350 10 1109
10 3 228173619 1 12.0 1337 6 1 7 0 4 1 5 57 51 57 70 1337 8 1223
10 3 -1053999957 1 1.0 731 6 1 7 0 4 1 5 81 51 81 58 697 6 420
10 3 1350467489 1 4.0 621 6 1 7 0 4 1 5 436 47 436 53 611 7 506
10 3 839320638 1 1.0 1199 6 1 7 0 4 1 5 357 93 357 83 1131 8 983
10 3 1369989857 1 24.0 1072 6 1 7 0 5 1 6 661 7 661 77 941 9 681
10 3 -1221077543 0 8.0 1500 6 1 7 0 4 1 5 109 71 109 53 1453 3 226
10 3 -598945731 0 -6.0 1500 6 1 7 0 4 1 5 217 100 217 50 1412 3 327
10 3 -1574096946 0 -16.0 1500 6 1 7 0 5 1 6 221 44 221 81 1386 7 1169
10 3 -1950196768 1 27.0 1321 6 1 7 0 5 1 6 552 98 552 78 1315 10 1163
10 3 1563720908 1 1.0 835 6 1 7 0 4 1 5 109 24 109 42 645 4 473
10 3 929622384 0 8.0 1500 6 1 7 0 3 1 4 113 1132 1132 42 989 1 1132
10 3 -1845539767 1 13.0 629 6 1 7 0 5 1 6 269 92 269 50 590 4 563
10 3 1912361832 1 3.0 1027 6 1 7 0 5 1 6 170 36 170 75 1002 9 677
10 3 817394155 1 12.0 702 6 1 7 0 3 1 4 511 49 511 29 511 5 369
10 3 -46247463 1 6.0 612 6 1 7 0 3 1 4 299 49 299 37 597 5 324
10 3 1550755333 0 7.0 1500 6 1 7 0 5 1 6 147 34 147 42 1357 2 121
10 3 66502134 1 7.0 1105 6 1 7 0 5 1 6 173 91 173 69 1099 5 828
10 3 -1149690660 1 1.0 625 6 1 7 0 5 1 6 408 14 408 45 623 3 318
10 3 -986437720 1 1.0 1260 6 1 7 0 4 1 5 1227 107 1227 85 1257 6 1062
10 3 590670248 1 1.0 1037 6 1 7 0 4 1 5 249 72 249 66 928 7 630
10 4 -1642364005 1 10.0 1155 6 1 7 0 5 1 6 238 121 238 74 1124 8 695
10 4 2039922318 1 2.0 1477 6 1 7 0 3 1 4 103 45 103 42 1471 2 140
10 4 -313146179 0 8.0 1500 6 1 7 0 3 1 4 196 106 196 48 1054 1 106
10 4 -1689171385 1 1.0 1313 6 1 7 0 5 1 6 619 69 619 93 1270 6 1051
10 4 683256191 1 1.0 664 6 1 7 0 4 1 5 318 336 336 52 662 5 440
10 4 -210044147 1 1.0 631 6 1 7 0 4 1 5 197 17 197 61 627 5 599
10 4 -426134864 1 1.0 1202 6 1 7 0 3 1 4 27 18 27 63 1196 4 1167
10 4 1725740249 1 7.0 1151 6 1 7 0 3 1 4 427 121 427 73 1114 6 465
10 4 -1681389445 0 8.0 1500 6 1 7 0 4 1 5 1486 41 1486 54 1495 7 1472
10 4 73492957 1 7.0 965 6 1 7 0 5 1 6 116 85 116 50 951 8 578
10 4 -1359206705 1 1.0 785 6 1 7 0 4 1 5 178 40 178 63 758 7 594
10 4 1719579069 1 1.0 1095 6 1 7 0 4 1 5 897 50 897 84 1087 10 787
10 4 1595175587 1 1.0 987 6 1 7 0 4 1 5 955 76 955 46 965 7 904
10 4 415798603 1 15.0 514 6 1 7 0 3 1 4 484 28 484 35 508 7 490
10 4 -1210738360 0 3.0 1500 6 1 7 0 4 1 5 114 3 114 41 1298 2 112
10 4 899591567 0 4.0 1500 6 1 7 0 4 1 5 524 183 524 47 929 2 501
10 4 734912095 1 1.0 1141 6 1 7 0 5 1 6 410 47 410 59 774 2 196
10 4 2036626607 1 3.0 842 6 1 7 0 3 1 4 463 43 463 48 692 4 481
10 4 -1947251669 1 12.0 1287 6 1 7 0 4 1 5 577 55 577 75 1044 8 731
10 4 -1040664048 0 3.0 1500 6 1 7 0 4 1 5 282 37 282 45 1287 3 336
