8 0 -1581515610 0 0.0 1000 4 0 4 0 2 0 2 3 0 3 53 297 0 0
8 0 975254767 0 0.0 1000 4 0 4 0 2 0 2 5 0 5 64 594 0 0
8 0 2107982520 0 0.0 1000 4 0 4 0 2 0 2 3 0 3 47 733 0 0
8 0 2002190925 0 0.0 1000 4 0 4 0 2 0 2 4 0 4 40 148 0 0
8 0 1149770715 0 0.0 1000 4 0 4 0 2 0 2 3 0 3 55 644 0 0
8 0 -1216631144 0 0.0 1000 4 0 4 0 2 0 2 4 0 4 54 317 0 0
8 0 -435963817 0 0.0 1000 4 0 4 0 2 0 2 4 0 4 61 283 0 0
8 0 -1440479715 0 0.0 1000 4 0 4 0 2 0 2 5 0 5 62 906 0 0
8 0 1489026073 0 0.0 1000 4 0 4 0 2 0 2 4 0 4 54 384 0 0
8 0 680202777 0 0.0 1000 4 0 4 0 2 0 2 5 0 5 52 353 0 0
8 0 -1772000377 0 0.0 1000 4 0 4 0 2 0 2 3 0 3 57 372 0 0
8 0 338477211 0 0.0 1000 4 0 4 0 2 0 2 3 0 3 58 738 0 0
8 0 1739702508 0 0.0 1000 4 0 4 0 2 0 2 3 0 3 59 531 0 0
8 0 -1210761279 0 0.0 1000 4 0 4 0 2 0 2 3 0 3 58 346 0 0
8 0 -1036455785 0 0.0 1000 4 0 4 0 2 0 2 6 0 6 47 285 0 0
8 0 313076371 0 0.0 1000 4 0 4 0 2 0 2 3 0 3 62 349 0 0
8 0 -1265518712 0 0.0 1000 4 0 4 0 2 0 2 3 0 3 47 701 0 0
8 0 -512109948 0 0.0 1000 4 0 4 0 2 0 2 4 0 4 55 310 0 0
8 0 -557976498 0 0.0 1000 4 0 4 0 2 0 2 4 0 4 57 194 0 0
8 0 1506227783 0 0.0 1000 4 0 4 0 2 0 2 3 0 3 46 250 0 0
8 1 2132884901 0 0.0 1000 4 0 4 0 2 0 2 4 0 4 13 468 0 0
8 1 942399990 0 -1.0 994 4 0 4 0 3 0 3 994 0 994 15 994 0 0
8 1 846713119 0 0.0 1000 4 0 4 0 2 0 2 28 0 28 15 1000 0 0
8 1 -9651586 0 0.0 1000 4 0 4 0 2 0 2 3 0 3 14 748 0 0
8 1 205123495 0 -1.0 996 4 0 4 0 3 0 3 996 0 996 15 996 0 0
8 1 -2016166193 0 0.0 1000 4 0 4 0 2 0 2 7 0 7 19 999 0 0
8 1 310753450 0 0.0 1000 4 0 4 0 2 0 2 4 0 4 16 1000 0 0
8 1 -1209634973 0 -1.0 997 4 0 4 0 3 0 3 997 0 997 16 997 0 0
8 1 144408629 0 0.0 1000 4 0 4 0 2 0 2 21 0 21 16 999 0 0
8 1 641478389 0 -1.0 995 4 0 4 0 3 0 3 995 0 995 16 995 0 0
8 1 2086412169 0 -1.0 999 4 0 4 0 3 0 3 999 0 999 15 999 0 0
8 1 -623503817 0 0.0 1000 4 0 4 0 2 0 2 9 0 9 49 998 0 0
8 1 -774675975 0 -1.0 998 4 0 4 0 3 0 3 998 0 998 16 998 0 0
8 1 1830189344 0 -1.0 996 4 0 4 0 3 0 3 996 0 996 17 996 0 0
8 1 -1393521613 0 -1.0 995 4 0 4 0 3 0 3 995 0 995 16 995 0 0
8 1 -1020057726 0 -1.0 998 4 0 4 0 3 0 3 998 0 998 14 998 0 0
8 1 -1115618219 0 -1.0 1000 4 0 4 0 3 0 3 1000 0 1000 16 1000 0 0
8 1 -609901817 0 0.0 1000 4 0 4 0 2 0 2 19 0 19 48 999 0 0
8 1 2121799917 0 0.0 1000 4 0 4 0 2 0 2 12 0 12 17 999 0 0
8 1 -500942828 0 -1.0 995 4 0 4 0 3 0 3 995 0 995 14 995 0 0
8 2 1437968541 0 0.0 1000 4 0 4 0 2 0 2 2 0 2 56 711 0 0
8 2 623117222 0 0.0 1000 4 0 4 0 2 0 2 14 0 14 53 618 0 0
8 2 222083916 0 0.0 1000 4 0 4 0 2 0 2 7 0 7 59 936 0 0
8 2 -1623619321 1 1.0 1000 4 0 4 0 3 0 3 1000 0 1000 60 1000 0 0
8 2 -1749043616 0 0.0 1000 4 0 4 0 2 0 2 8 0 8 55 674 0 0
8 2 -1173624721 0 0.0 1000 4 0 4 0 2 0 2 3 0 3 53 904 0 0
8 2 -585425448 0 0.0 1000 4 0 4 0 2 0 2 4 0 4 54 590 0 0
8 2 -103072114 0 0.0 1000 4 0 4 0 2 0 2 2 0 2 53 504 0 0
8 2 1589067084 0 0.0 1000 4 0 4 0 2 0 2 2 0 2 53 506 0 0
8 2 -896396785 0 -1.0 1000 4 0 4 0 3 0 3 1000 0 1000 64 1000 0 0
8 2 -1472359983 0 0.0 1000 4 0 4 0 2 0 2 11 0 11 68 369 0 0
8 2 -1205168755 0 0.0 1000 4 0 4 0 2 0 2 10 0 10 68 665 0 0
8 2 -42111783 0 0.0 1000 4 0 4 0 2 0 2 2 0 2 60 604 0 0
8 2 -2114595444 0 0.0 1000 4 0 4 0 2 0 2 4 0 4 53 544 0 0
8 2 2068133197 0 0.0 1000 4 0 4 0 2 0 2 8 0 8 54 823 0 0
8 2 4849578 0 0.0 1000 4 0 4 0 2 0 2 10 0 10 63 693 0 0
8 2 -1268136387 0 0.0 1000 4 0 4 0 2 0 2 2 0 2 63 800 0 0
8 2 1519087554 0 0.0 1000 4 0 4 0 2 0 2 2 0 2 55 413 0 0
8 2 869832131 0 0.0 1000 4 0 4 0 2 0 2 3 0 3 65 930 0 0
8 2 -2035472775 0 0.0 1000 4 0 4 0 2 0 2 3 0 3 65 580 0 0
8 3 1903938237 0 -1.0 717 4 0 4 0 3 0 3 717 0 717 47 717 0 0
8 3 1472725766 0 -1.0 170 4 0 4 0 3 0 3 170 0 170 22 170 0 0
8 3 -2089291719 0 -1.0 383 4 0 4 0 3 0 3 383 0 383 55 383 0 0
8 3 -964395744 0 -1.0 58 4 0 4 0 3 0 3 58 0 58 15 58 0 0
8 3 207260390 0 -1.0 57 4 0 4 0 3 0 3 57 0 57 15 57 0 0
8 3 -1142298604 0 -1.0 27 4 0 4 0 3 0 3 27 0 27 12 27 0 0
8 3 -1182720561 0 -1.0 117 4 0 4 0 3 0 3 117 0 117 17 117 0 0
8 3 -1426323535 0 -1.0 470 4 0 4 0 3 0 3 470 0 470 53 470 0 0
8 3 857707994 0 -1.0 110 4 0 4 0 3 0 3 110 0 110 15 110 0 0
8 3 -1715033542 0 -1.0 18 4 0 4 0 3 0 3 18 0 18 10 18 0 0
8 3 361700428 0 -1.0 37 4 0 4 0 3 0 3 37 0 37 9 37 0 0
8 3 570804594 0 -1.0 32 4 0 4 0 3 0 3 32 0 32 9 32 0 0
8 3 1269527042 0 -1.0 35 4 0 4 0 3 0 3 35 0 35 11 35 0 0
8 3 -1446012576 0 -1.0 32 4 0 4 0 3 0 3 32 0 32 11 32 0 0
8 3 1865984704 0 -1.0 187 4 0 4 0 3 0 3 187 0 187 19 187 0 0
8 3 697071069 0 -1.0 130 4 0 4 0 3 0 3 130 0 130 17 130 0 0
8 3 -445516338 0 -1.0 85 4 0 4 0 3 0 3 85 0 85 17 85 0 0
8 3 -435046138 0 -1.0 21 4 0 4 0 3 0 3 21 0 21 10 21 0 0
8 3 805591119 0 -1.0 86 4 0 4 0 3 0 3 86 0 86 10 86 0 0
8 3 -2037929881 0 -1.0 37 4 0 4 0 3 0 3 37 0 37 12 37 0 0
8 4 -54076694 0 -1.0 995 4 0 4 0 3 0 3 995 0 995 72 995 0 0
8 4 1114488445 0 -1.0 992 4 0 4 0 3 0 3 992 0 992 67 992 0 0
8 4 -1752203607 0 0.0 1000 4 0 4 0 2 0 2 2 0 2 50 291 0 0
8 4 1550559396 1 1.0 994 4 0 4 0 3 0 3 994 0 994 54 994 0 0
8 4 -946496813 0 0.0 1000 4 0 4 0 2 0 2 2 0 2 66 240 0 0
8 4 1377108500 0 0.0 1000 4 0 4 0 2 0 2 7 0 7 56 257 0 0
8 4 1782014814 0 -1.0 993 4 0 4 0 3 0 3 993 0 993 60 993 0 0
8 4 189236736 0 0.0 1000 4 0 4 0 2 0 2 8 0 8 58 259 0 0
8 4 -2087822676 0 -1.0 994 4 0 4 0 3 0 3 994 0 994 62 994 0 0
8 4 -1368715797 0 0.0 1000 4 0 4 0 2 0 2 4 0 4 54 639 0 0
8 4 -2116339119 0 0.0 1000 4 0 4 0 2 0 2 3 0 3 60 306 0 0
8 4 82289957 0 -1.0 997 4 0 4 0 3 0 3 997 0 997 55 997 0 0
8 4 976708864 0 -1.0 994 4 0 4 0 3 0 3 994 0 994 62 994 0 0
8 4 -719466709 0 -1.0 994 4 0 4 0 3 0 3 994 0 994 61 994 0 0
8 4 1994596372 0 0.0 1000 4 0 4 0 2 0 2 4 0 4 59 145 0 0
8 4 -1402980530 0 -1.0 997 4 0 4 0 3 0 3 997 0 997 66 997 0 0
8 4 1316139466 0 -1.0 993 4 0 4 0 3 0 3 993 0 993 66 993 0 0
8 4 1498086410 0 -1.0 995 4 0 4 0 3 0 3 995 0 995 69 995 0 0
8 4 1613857467 0 0.0 1000 4 0 4 0 2 0 2 14 0 14 62 187 0 0
8 4 908272916 1 1.0 993 4 0 4 0 3 0 3 993 0 993 62 993 0 0
