6 0 -1009257723 0 -1.0 208 4 0 4 0 2 0 2 208 0 208 40 208 0 0
6 0 190423601 0 0.0 1500 4 0 4 0 1 0 1 2 0 2 144 1266 0 0
6 0 1357091209 0 0.0 1500 4 0 4 0 1 0 1 2 0 2 141 1492 0 0
6 0 118657420 0 0.0 1500 4 0 4 0 1 0 1 1 0 1 101 1413 0 0
6 0 1613801163 0 -1.0 1500 4 0 4 0 2 0 2 1500 0 1500 138 1500 0 0
6 0 -1743132524 0 0.0 1500 4 0 4 0 1 0 1 1 0 1 94 1180 0 0
6 0 -154084836 0 -1.0 1442 4 0 4 0 2 0 2 1442 0 1442 105 1442 0 0
6 0 -2054170227 0 0.0 1500 4 0 4 0 1 0 1 1 0 1 124 1241 0 0
6 0 -668434289 0 0.0 1500 4 0 4 0 1 0 1 2 0 2 98 1493 0 0
6 0 -397448534 0 0.0 1500 4 0 4 0 1 0 1 1 0 1 80 1482 0 0
6 0 -439634443 0 0.0 1500 4 0 4 0 1 0 1 1 0 1 94 1234 0 0
6 0 1454763579 0 -1.0 1154 4 0 4 0 2 0 2 1154 0 1154 104 1154 0 0
6 0 -1417271907 0 -1.0 304 4 0 4 0 2 0 2 304 0 304 70 304 0 0
6 0 -1956658754 0 0.0 1500 4 0 4 0 1 0 1 1 0 1 97 1446 0 0
6 0 -65651655 0 -1.0 1388 4 0 4 0 2 0 2 1388 0 1388 113 1388 0 0
6 0 -1588125009 0 0.0 1500 4 0 4 0 1 0 1 1 0 1 102 1416 0 0
6 0 -284940747 0 0.0 1500 4 0 4 0 1 0 1 1 0 1 87 1252 0 0
6 0 -1152299941 0 0.0 1500 4 0 4 0 1 0 1 2 0 2 130 1431 0 0
6 0 -1603955643 0 0.0 1500 4 0 4 0 1 0 1 2 0 2 126 1446 0 0
6 0 697624693 0 0.0 1500 4 0 4 0 1 0 1 2 0 2 136 1379 0 0
6 1 83477200 0 -1.0 465 4 0 4 0 2 0 2 465 0 465 56 465 0 0
6 1 -1838891026 0 -1.0 63 4 0 4 0 2 0 2 63 0 63 12 63 0 0
6 1 621078472 0 -1.0 296 4 0 4 0 2 0 2 296 0 296 30 296 0 0
6 1 552226601 0 -1.0 238 4 0 4 0 2 0 2 238 0 238 19 238 0 0
6 1 429725034 0 -1.0 147 4 0 4 0 2 0 2 147 0 147 21 147 0 0
6 1 -888508631 0 -1.0 34 4 0 4 0 2 0 2 34 0 34 10 34 0 0
6 1 1509189188 0 -1.0 87 4 0 4 0 2 0 2 87 0 87 16 87 0 0
6 1 1771609407 0 -1.0 471 4 0 4 0 2 0 2 471 0 471 39 471 0 0
6 1 1745144097 0 -1.0 273 4 0 4 0 2 0 2 273 0 273 21 273 0 0
6 1 908680716 0 -1.0 310 4 0 4 0 2 0 2 310 0 310 32 310 0 0
6 1 -1131203005 0 -1.0 192 4 0 4 0 2 0 2 192 0 192 29 192 0 0
6 1 300554262 0 -1.0 125 4 0 4 0 2 0 2 125 0 125 29 125 0 0
6 1 427224121 0 -1.0 504 4 0 4 0 2 0 2 504 0 504 36 504 0 0
6 1 880259075 0 -1.0 282 4 0 4 0 2 0 2 282 0 282 44 282 0 0
6 1 1837441844 0 -1.0 116 4 0 4 0 2 0 2 116 0 116 17 116 0 0
6 1 1397180521 0 -1.0 149 4 0 4 0 2 0 2 149 0 149 18 149 0 0
6 1 -786806755 0 -1.0 738 4 0 4 0 2 0 2 738 0 738 33 738 0 0
6 1 -1899989616 0 -1.0 152 4 0 4 0 2 0 2 152 0 152 27 152 0 0
6 1 2139026092 0 -1.0 340 4 0 4 0 2 0 2 340 0 340 33 340 0 0
6 1 -622552074 0 -1.0 228 4 0 4 0 2 0 2 228 0 228 33 228 0 0
6 2 -1395924801 0 -1.0 207 4 0 4 0 2 0 2 207 0 207 34 207 0 0
6 2 616817213 0 -1.0 630 4 0 4 0 2 0 2 630 0 630 21 630 0 0
6 2 -1173019357 0 -1.0 732 4 0 4 0 2 0 2 732 0 732 58 732 0 0
6 2 751183202 0 -1.0 54 4 0 4 0 2 0 2 54 0 54 7 54 0 0
6 2 -638214321 0 -1.0 426 4 0 4 0 2 0 2 426 0 426 32 426 0 0
6 2 3379891 0 -1.0 219 4 0 4 0 2 0 2 219 0 219 25 219 0 0
6 2 -1447917695 0 -1.0 543 4 0 4 0 2 0 2 543 0 543 58 543 0 0
6 2 -224370305 0 -1.0 270 4 0 4 0 2 0 2 270 0 270 23 270 0 0
6 2 653570085 0 -1.0 357 4 0 4 0 2 0 2 357 0 357 30 357 0 0
6 2 -981632484 0 -1.0 402 4 0 4 0 2 0 2 402 0 402 48 402 0 0
6 2 503445315 0 -1.0 180 4 0 4 0 2 0 2 180 0 180 26 180 0 0
6 2 -1183021577 0 -1.0 624 4 0 4 0 2 0 2 624 0 624 45 624 0 0
6 2 -176965560 0 -1.0 1011 4 0 4 0 2 0 2 1011 0 1011 44 1011 0 0
6 2 712686839 0 -1.0 1008 4 0 4 0 2 0 2 1008 0 1008 70 1008 0 0
6 2 -1649820889 0 -1.0 114 4 0 4 0 2 0 2 114 0 114 17 114 0 0
6 2 872371081 0 -1.0 156 4 0 4 0 2 0 2 156 0 156 22 156 0 0
6 2 -1700922550 0 -1.0 717 4 0 4 0 2 0 2 717 0 717 66 717 0 0
6 2 -1653639953 0 -1.0 852 4 0 4 0 2 0 2 852 0 852 47 852 0 0
6 2 935896306 0 -1.0 24 4 0 4 0 2 0 2 24 0 24 7 24 0 0
6 2 1529333872 0 -1.0 18 4 0 4 0 2 0 2 18 0 18 6 18 0 0
6 3 -1359819989 0 -1.0 279 4 0 4 0 2 0 2 279 0 279 42 279 0 0
6 3 1695228805 0 -1.0 104 4 0 4 0 2 0 2 104 0 104 21 104 0 0
6 3 -668546390 0 -1.0 90 4 0 4 0 2 0 2 90 0 90 14 90 0 0
6 3 1318912133 0 -1.0 49 4 0 4 0 2 0 2 49 0 49 12 49 0 0
6 3 -1328376952 0 -1.0 207 4 0 4 0 2 0 2 207 0 207 31 207 0 0
6 3 1421036893 0 -1.0 324 4 0 4 0 2 0 2 324 0 324 29 324 0 0
6 3 -1685806344 0 -1.0 114 4 0 4 0 2 0 2 114 0 114 24 114 0 0
6 3 1237663065 0 -1.0 166 4 0 4 0 2 0 2 166 0 166 30 166 0 0
6 3 -127407694 0 -1.0 81 4 0 4 0 2 0 2 81 0 81 14 81 0 0
6 3 777193495 0 -1.0 258 4 0 4 0 2 0 2 258 0 258 42 258 0 0
6 3 -891285935 0 -1.0 141 4 0 4 0 2 0 2 141 0 141 18 141 0 0
6 3 460069264 0 -1.0 51 4 0 4 0 2 0 2 51 0 51 12 51 0 0
6 3 1801691106 0 -1.0 63 4 0 4 0 2 0 2 63 0 63 14 63 0 0
6 3 -467106136 0 -1.0 162 4 0 4 0 2 0 2 162 0 162 18 162 0 0
6 3 -1785445039 0 -1.0 68 4 0 4 0 2 0 2 68 0 68 13 68 0 0
6 3 -693250428 0 -1.0 129 4 0 4 0 2 0 2 129 0 129 30 129 0 0
6 3 1278093889 0 -1.0 45 4 0 4 0 2 0 2 45 0 45 10 45 0 0
6 3 817697664 0 -1.0 176 4 0 4 0 2 0 2 176 0 176 28 176 0 0
6 3 656450513 0 -1.0 57 4 0 4 0 2 0 2 57 0 57 11 57 0 0
6 3 -1090149586 0 -1.0 117 4 0 4 0 2 0 2 117 0 117 25 117 0 0
6 4 -1110701975 0 -1.0 408 4 0 4 0 2 0 2 408 0 408 35 408 0 0
6 4 -561574753 0 -1.0 48 4 0 4 0 2 0 2 48 0 48 9 48 0 0
6 4 -343036153 0 -1.0 186 4 0 4 0 2 0 2 186 0 186 31 186 0 0
6 4 1305947428 0 -1.0 182 4 0 4 0 2 0 2 182 0 182 33 182 0 0
6 4 920946085 0 -1.0 66 4 0 4 0 2 0 2 66 0 66 11 66 0 0
6 4 1156258309 0 -1.0 126 4 0 4 0 2 0 2 126 0 126 27 126 0 0
6 4 -1085518266 0 -1.0 510 4 0 4 0 2 0 2 510 0 510 69 510 0 0
6 4 -689624943 0 -1.0 168 4 0 4 0 2 0 2 168 0 168 32 168 0 0
6 4 -1798138099 0 -1.0 777 4 0 4 0 2 0 2 777 0 777 98 777 0 0
6 4 2003650596 0 -1.0 729 4 0 4 0 2 0 2 729 0 729 103 729 0 0
6 4 1500092323 0 -1.0 360 4 0 4 0 2 0 2 360 0 360 59 360 0 0
6 4 -1374224549 0 -1.0 201 4 0 4 0 2 0 2 201 0 201 31 201 0 0
6 4 386265598 0 -1.0 126 4 0 4 0 2 0 2 126 0 126 25 126 0 0
6 4 618511303 0 -1.0 99 4 0 4 0 2 0 2 99 0 99 18 99 0 0
6 4 1336914166 0 -1.0 636 4 0 4 0 2 0 2 636 0 636 89 636 0 0
6 4 -297487718 0 -1.0 339 4 0 4 0 2 0 2 339 0 339 63 339 0 0
6 4 -1522172825 0 -1.0 672 4 0 4 0 2 0 2 672 0 672 86 672 0 0
6 4 1820426848 0 -1.0 325 4 0 4 0 2 0 2 325 0 325 48 325 0 0
6 4 1507837451 0 -1.0 150 4 0 4 0 2 0 2 150 0 150 28 150 0 0
6 4 1463920540 0 -1.0 570 4 0 4 0 2 0 2 570 0 570 53 570 0 0
