11 0 101192226 1 20.0 1000 6 0 6 0 6 0 6 289 0 289 89 849 0 0
11 0 -1667240570 1 1.0 1000 6 0 6 0 6 0 6 380 0 380 84 983 0 0
11 0 -1344412463 1 1.0 1000 6 0 6 0 6 0 6 872 0 872 54 872 0 0
11 0 1080679374 1 1.0 1000 6 0 6 0 6 0 6 782 0 782 96 877 0 0
11 0 401421027 1 1.0 1000 6 0 6 0 6 0 6 310 0 310 41 780 0 0
11 0 1898895542 1 1.0 1000 6 0 6 0 6 0 6 175 0 175 95 1000 0 0
11 0 861289676 1 1.0 1000 6 0 6 0 6 0 6 801 0 801 86 955 0 0
11 0 -550505881 1 1.0 1000 6 0 6 0 5 0 5 98 0 98 64 909 0 0
11 0 -690371448 1 1.0 1000 6 0 6 0 5 0 5 74 0 74 64 490 0 0
11 0 -448253926 1 1.0 1000 6 0 6 0 5 0 5 64 0 64 67 985 0 0
11 0 -2123759911 1 1.0 1000 6 0 6 0 6 0 6 333 0 333 89 880 0 0
11 0 71258197 1 1.0 1000 6 0 6 0 5 0 5 96 0 96 72 1000 0 0
11 0 -28382527 1 1.0 1000 6 0 6 0 6 0 6 840 0 840 75 966 0 0
11 0 1231181578 1 1.0 1000 6 0 6 0 5 0 5 63 0 63 65 754 0 0
11 0 2051657517 1 1.0 1000 6 0 6 0 6 0 6 657 0 657 111 1000 0 0
11 0 -1749620527 1 1.0 1000 6 0 6 0 5 0 5 60 0 60 65 820 0 0
11 0 383638686 1 1.0 1000 6 0 6 0 5 0 5 74 0 74 66 753 0 0
11 0 1318243032 1 1.0 1000 6 0 6 0 5 0 5 34 0 34 64 592 0 0
11 0 -829378008 1 1.0 1000 6 0 6 0 4 0 4 24 0 24 66 908 0 0
11 0 2010593128 1 1.0 1000 6 0 6 0 4 0 4 40 0 40 71 757 0 0
11 1 743297832 1 1.0 1000 6 0 6 0 5 0 5 28 0 28 33 178 0 0
11 1 -1028664099 1 1.0 1000 6 0 6 0 5 0 5 38 0 38 38 999 0 0
11 1 -1384158070 1 1.0 1000 6 0 6 0 5 0 5 24 0 24 32 849 0 0
11 1 1812438058 1 1.0 1000 6 0 6 0 5 0 5 53 0 53 31 999 0 0
11 1 114489956 1 1.0 1000 6 0 6 0 5 0 5 158 0 158 43 556 0 0
11 1 2001143896 1 1.0 1000 6 0 6 0 5 0 5 66 0 66 34 749 0 0
11 1 -630209425 0 -25.0 532 6 0 6 0 4 0 4 6 0 6 39 532 0 0
11 1 -443871024 1 1.0 1000 6 0 6 0 5 0 5 64 0 64 37 997 0 0
11 1 -571257814 1 1.0 1000 6 0 6 0 5 0 5 64 0 64 47 999 0 0
11 1 47365908 1 1.0 1000 6 0 6 0 5 0 5 40 0 40 30 122 0 0
11 1 40575209 1 1.0 1000 6 0 6 0 5 0 5 39 0 39 35 391 0 0
11 1 -46540946 1 1.0 1000 6 0 6 0 5 0 5 95 0 95 38 539 0 0
11 1 149208270 1 1.0 1000 6 0 6 0 5 0 5 16 0 16 35 409 0 0
11 1 526207895 1 1.0 1000 6 0 6 0 5 0 5 48 0 48 36 999 0 0
11 1 230867626 1 1.0 1000 6 0 6 0 5 0 5 50 0 50 33 601 0 0
11 1 -441308971 1 1.0 1000 6 0 6 0 4 0 4 27 0 27 40 768 0 0
11 1 -2056507461 1 1.0 1000 6 0 6 0 5 0 5 22 0 22 29 605 0 0
11 1 1449949018 1 1.0 1000 6 0 6 0 5 0 5 23 0 23 31 661 0 0
11 1 742203312 1 1.0 1000 6 0 6 0 5 0 5 34 0 34 30 222 0 0
11 1 -495879440 1 1.0 1000 6 0 6 0 5 0 5 38 0 38 36 997 0 0
11 2 -1438293023 1 1.0 1000 6 0 6 0 4 0 4 12 0 12 75 999 0 0
11 2 462137791 1 1.0 1000 6 0 6 0 4 0 4 37 0 37 73 957 0 0
11 2 224456580 1 1.0 1000 6 0 6 0 5 0 5 477 0 477 62 978 0 0
11 2 235273367 1 1.0 1000 6 0 6 0 6 0 6 479 0 479 63 820 0 0
11 2 -344966510 1 1.0 1000 6 0 6 0 4 0 4 89 0 89 64 983 0 0
11 2 -305908097 1 1.0 1000 6 0 6 0 6 0 6 231 0 231 65 981 0 0
11 2 1909847633 1 1.0 1000 6 0 6 0 5 0 5 371 0 371 53 934 0 0
11 2 49069587 1 1.0 1000 6 0 6 0 5 0 5 74 0 74 52 1000 0 0
11 2 417895069 1 1.0 1000 6 0 6 0 5 0 5 385 0 385 62 932 0 0
11 2 -865270113 1 1.0 1000 6 0 6 0 5 0 5 1000 0 1000 52 1000 0 0
11 2 -1699527148 1 1.0 1000 6 0 6 0 4 0 4 61 0 61 75 998 0 0
11 2 1514725535 1 1.0 1000 6 0 6 0 6 0 6 741 0 741 49 991 0 0
11 2 -1251759900 1 1.0 1000 6 0 6 0 5 0 5 889 0 889 91 958 0 0
11 2 1183077722 1 1.0 1000 6 0 6 0 4 0 4 36 0 36 71 999 0 0
11 2 2107861268 1 1.0 1000 6 0 6 0 5 0 5 66 0 66 59 813 0 0
11 2 32061143 1 1.0 1000 6 0 6 0 4 0 4 37 0 37 45 922 0 0
11 2 -1822287810 1 1.0 1000 6 0 6 0 6 0 6 231 0 231 59 757 0 0
11 2 -1508940803 1 1.0 1000 6 0 6 0 6 0 6 472 0 472 67 1000 0 0
11 2 -501934698 1 1.0 1000 6 0 6 0 5 0 5 762 0 762 98 934 0 0
11 2 -2040017274 1 1.0 1000 6 0 6 0 4 0 4 51 0 51 70 998 0 0
11 3 -1394168144 0 -25.0 307 6 0 6 0 5 0 5 176 0 176 45 289 0 0
11 3 -1444279678 0 -25.0 172 6 0 6 0 5 0 5 69 0 69 34 172 0 0
11 3 843941650 0 -30.0 217 6 0 6 0 5 0 5 50 0 50 38 217 0 0
11 3 -1744809244 0 -25.0 95 6 0 6 0 5 0 5 36 0 36 27 95 0 0
11 3 -883554647 0 -25.0 384 6 0 6 0 5 0 5 384 0 384 51 384 0 0
11 3 -671952031 0 -25.0 193 6 0 6 0 4 0 4 27 0 27 36 193 0 0
11 3 -1704650245 0 -25.0 269 6 0 6 0 5 0 5 23 0 23 36 269 0 0
11 3 -915100685 0 -25.0 134 6 0 6 0 5 0 5 134 0 134 34 134 0 0
11 3 -1016518111 0 -25.0 82 6 0 6 0 5 0 5 24 0 24 23 82 0 0
11 3 1948267679 0 -25.0 143 6 0 6 0 5 0 5 69 0 69 26 142 0 0
11 3 -272907539 0 -25.0 125 6 0 6 0 5 0 5 66 0 66 29 125 0 0
11 3 1115115777 0 -25.0 212 6 0 6 0 4 0 4 19 0 19 40 212 0 0
11 3 -1878269039 0 -25.0 171 6 0 6 0 5 0 5 110 0 110 37 163 0 0
11 3 1455771895 0 -25.0 195 6 0 6 0 5 0 5 122 0 122 41 195 0 0
11 3 -541176330 0 -25.0 247 6 0 6 0 5 0 5 76 0 76 37 247 0 0
11 3 -1943100078 0 -25.0 256 6 0 6 0 5 0 5 46 0 46 39 256 0 0
11 3 -1440435080 0 -25.0 172 6 0 6 0 5 0 5 36 0 36 34 172 0 0
11 3 1663785224 0 -25.0 193 6 0 6 0 5 0 5 79 0 79 31 193 0 0
11 3 -367968563 0 -25.0 133 6 0 6 0 5 0 5 27 0 27 35 133 0 0
11 3 1796960487 0 -25.0 155 6 0 6 0 5 0 5 26 0 26 39 155 0 0
11 4 -24536660 1 1.0 1000 6 0 6 0 6 0 6 310 0 310 74 611 0 0
11 4 -2001741655 0 -25.0 351 6 0 6 0 5 0 5 44 0 44 57 351 0 0
11 4 1718571510 0 -15.0 671 6 0 6 0 6 0 6 356 0 356 99 671 0 0
11 4 2104265691 1 1.0 1000 6 0 6 0 6 0 6 476 0 476 108 806 0 0
11 4 546830148 1 1.0 1000 6 0 6 0 5 0 5 55 0 55 62 422 0 0
11 4 -2134032382 1 1.0 1000 6 0 6 0 6 0 6 664 0 664 104 903 0 0
11 4 -1046971624 1 1.0 1000 6 0 6 0 6 0 6 970 0 970 85 970 0 0
11 4 40811877 1 1.0 1000 6 0 6 0 6 0 6 143 0 143 111 694 0 0
11 4 -610713373 1 1.0 1000 6 0 6 0 6 0 6 640 0 640 123 995 0 0
11 4 -477650296 1 1.0 1000 6 0 6 0 5 0 5 68 0 68 95 999 0 0
11 4 88649705 1 1.0 1000 6 0 6 0 5 0 5 56 0 56 73 701 0 0
11 4 763691805 1 1.0 1000 6 0 6 0 5 0 5 112 0 112 66 586 0 0
11 4 1821403133 1 1.0 1000 6 0 6 0 6 0 6 93 0 93 83 777 0 0
11 4 2144126672 1 1.0 1000 6 0 6 0 6 0 6 684 0 684 74 879 0 0
11 4 113956073 1 1.0 1000 6 0 6 0 6 0 6 284 0 284 77 894 0 0
11 4 558480078 1 1.0 1000 6 0 6 0 6 0 6 319 0 319 102 809 0 0
11 4 1182203864 1 1.0 1000 6 0 6 0 5 0 5 54 0 54 66 999 0 0
11 4 -1449429705 1 1.0 1000 6 0 6 0 6 0 6 173 0 173 104 895 0 0
11 4 342902053 1 1.0 1000 6 0 6 0 5 0 5 630 0 630 76 901 0 0
11 4 2109519320 1 1.0 1000 6 0 6 0 5 0 5 221 0 221 107 803 0 0
