12 0 2032928284 1 1.0 1175 6 1 7 0 1 1 2 2 4 4 109 1137 121 1160
12 0 -1233245201 1 1.0 1050 6 1 7 0 1 1 2 1 3 3 107 995 121 997
12 0 1364891890 1 1.0 1050 6 1 7 0 1 1 2 2 4 4 80 521 87 523
12 0 -945425508 1 1.0 1000 6 1 7 0 1 1 2 2 5 5 94 987 104 992
12 0 -1637284468 1 1.0 1280 6 1 7 0 1 1 2 2 4 4 105 1251 111 1257
12 0 -178075844 1 1.0 1050 6 1 7 0 1 1 2 2 5 5 100 952 112 954
12 0 -74898381 1 1.0 990 6 1 7 0 1 1 2 2 4 4 104 790 114 792
12 0 -650380702 1 1.0 1455 6 1 7 0 1 1 2 2 4 4 106 1420 118 1422
12 0 1522020258 1 1.0 1050 6 1 7 0 1 1 2 2 4 4 86 835 98 837
12 0 -406941892 1 1.0 1010 6 1 7 0 1 1 2 2 6 6 100 944 111 1002
12 0 1666445432 1 1.0 1000 6 1 7 0 1 1 2 1 3 3 110 825 121 887
12 0 1242292117 1 1.0 1050 6 1 7 0 1 1 2 2 4 4 113 962 121 964
12 0 522187023 0 -112.0 1500 6 1 7 0 1 1 2 2 4 4 86 1053 94 1056
12 0 -579163261 1 1.0 1020 6 1 7 0 1 1 2 2 6 6 99 1007 110 1009
12 0 1031123089 1 1.0 1050 6 1 7 0 1 1 2 2 4 4 107 813 117 815
12 0 950043629 1 1.0 1320 6 1 7 0 1 1 2 2 4 4 106 1285 114 1287
12 0 -569215491 1 1.0 1360 6 1 7 0 1 1 2 2 4 4 103 1349 117 1350
12 0 -1209589514 1 1.0 1140 6 1 7 0 1 1 2 2 4 4 108 1106 115 1108
12 0 1892514019 1 1.0 1050 6 1 7 0 1 1 2 2 4 4 103 1015 113 1017
12 0 -1906486638 1 1.0 1000 6 1 7 0 1 1 2 2 5 5 87 717 98 775
12 1 311887391 1 1.0 1055 6 1 7 0 1 1 2 2 4 4 90 1053 105 1054
12 1 -430240376 0 -106.0 1500 6 1 7 0 1 1 2 2 3 3 92 1093 112 1094
12 1 1438951129 0 -126.0 1492 6 1 7 0 2 1 3 1492 4 1492 97 1492 113 1137
12 1 -267367147 0 -120.0 1500 6 1 7 0 1 1 2 2 3 3 85 1062 108 1063
12 1 -664550058 1 1.0 1050 6 1 7 0 1 1 2 3 4 4 91 919 114 1031
12 1 -693929156 1 1.0 1050 6 1 7 0 1 1 2 1 2 2 90 1049 111 1014
12 1 922442663 0 -75.0 1500 6 1 7 0 1 1 2 1 4 4 80 1106 101 1107
12 1 -1027798899 0 -90.0 1500 6 1 7 0 1 1 2 1 2 2 64 1018 74 1019
12 1 884450235 0 -106.0 1500 6 1 7 0 1 1 2 3 4 4 91 1497 110 1498
12 1 1468753074 0 -84.0 1496 6 1 7 0 2 1 3 1496 2 1496 73 1496 91 924
12 1 -2053335060 0 -112.0 1500 6 1 7 0 1 1 2 2 3 3 90 1374 112 1375
12 1 732495893 0 -112.0 1500 6 1 7 0 1 1 2 4 2 4 81 795 104 860
12 1 926757452 1 1.0 1015 6 1 7 0 1 1 2 2 3 3 85 901 110 906
12 1 1129667177 1 1.0 1100 6 1 7 0 1 1 2 1 2 2 84 598 104 1063
12 1 1888621737 1 1.0 1130 6 1 7 0 1 1 2 6 8 8 93 1122 114 1126
12 1 -869645982 0 -101.0 1500 6 1 7 0 1 1 2 1 2 2 79 740 103 741
12 1 832761889 0 -84.0 1500 6 1 7 0 1 1 2 7 10 10 74 649 94 655
12 1 -921734080 1 1.0 1085 6 1 7 0 1 1 2 2 3 3 89 1083 107 1084
12 1 -1077222793 0 -113.0 1496 6 1 7 0 2 1 3 1496 4 1496 92 1496 110 1393
12 1 -1202409574 0 -113.0 1492 6 1 7 0 2 1 3 1492 4 1492 86 1492 112 1430
12 2 1358468022 0 -61.0 1500 6 1 7 0 1 1 2 2 3 3 52 1438 61 1439
12 2 497060488 0 -54.0 1500 6 1 7 0 1 1 2 37 7 37 41 1305 56 1306
12 2 1660949178 0 -80.0 1500 6 1 7 0 1 1 2 2 3 3 60 1479 74 1497
12 2 836408130 0 -79.0 1500 6 1 7 0 1 1 2 14 15 15 59 1471 73 1472
12 2 1026610650 0 -45.0 1500 6 1 7 0 1 1 2 13 3 13 57 1234 67 1235
12 2 -1129126557 0 -47.0 1500 6 1 7 0 1 1 2 4 5 5 37 1409 41 1410
12 2 925071712 0 -54.0 1500 6 1 7 0 1 1 2 5 6 6 55 1479 70 1480
12 2 1878532073 0 -64.0 1500 6 1 7 0 1 1 2 8 9 9 47 1485 58 1486
12 2 -660330844 0 -36.0 1500 6 1 7 0 1 1 2 2 3 3 30 1101 36 1102
12 2 -1051962668 0 -58.0 1500 6 1 7 0 1 1 2 5 6 6 43 1496 60 1497
12 2 1650524910 1 1.0 1230 6 1 7 0 1 1 2 2 3 3 55 1191 75 1192
12 2 -926082682 0 -58.0 1500 6 1 7 0 1 1 2 5 6 6 43 1429 50 1446
12 2 1650387920 0 -54.0 1500 6 1 7 0 1 1 2 2 3 3 51 1087 60 1088
12 2 755241594 0 -78.0 1500 6 1 7 0 1 1 2 2 3 3 62 1444 74 1445
12 2 375388369 0 -73.0 1500 6 1 7 0 1 1 2 22 4 22 57 1489 71 1490
12 2 -912513979 0 -41.0 1500 6 1 7 0 1 1 2 2 3 3 27 1238 33 1239
12 2 -20346074 0 -56.0 1500 6 1 7 0 1 1 2 2 3 3 47 1477 52 1478
12 2 1705773498 0 -50.0 1500 6 1 7 0 1 1 2 5 6 6 37 1100 44 1101
12 2 1092552379 0 -32.0 1500 6 1 7 0 1 1 2 2 3 3 27 963 32 964
12 2 -1131945116 1 1.0 1050 6 1 7 0 1 1 2 5 6 6 53 1031 71 1032
12 3 -2138444616 0 -114.0 1500 6 1 7 0 1 1 2 7 3 7 93 1439 104 1448
12 3 1697261407 0 -49.0 603 6 1 7 0 2 1 3 603 3 603 52 603 62 593
12 3 -1230415088 0 -10.0 78 6 1 7 0 2 1 3 78 14 78 6 78 5 54
12 3 1144735944 0 -110.0 1500 6 1 7 0 1 1 2 4 6 6 87 1399 108 1467
12 3 260889068 0 -26.0 167 6 1 7 0 2 1 3 167 1 167 17 167 21 163
12 3 1766089138 0 -51.0 369 6 1 7 0 2 1 3 369 3 369 33 369 44 361
12 3 -735895739 0 -58.0 1237 6 1 7 0 2 1 3 1237 10 1237 48 1237 51 1230
12 3 -1103355692 0 -59.0 645 6 1 7 0 2 1 3 645 2 645 53 645 54 641
12 3 1345081548 0 -99.0 1500 6 1 7 0 1 1 2 7 3 7 76 1488 93 1427
12 3 -389715819 0 -117.0 1174 6 1 7 0 2 1 3 1174 1 1174 86 1174 104 1169
12 3 -763192189 0 -86.0 1500 6 1 7 0 1 1 2 8 1 8 72 1458 82 1462
12 3 -657764861 0 -81.0 1500 6 1 7 0 1 1 2 1 2 2 65 1022 81 1023
12 3 631024183 0 -33.0 266 6 1 7 0 2 1 3 266 8 266 27 266 28 258
12 3 -746081853 0 -63.0 607 6 1 7 0 2 1 3 607 3 607 52 607 64 556
12 3 2136890976 0 -62.0 584 6 1 7 0 2 1 3 584 5 584 51 584 63 571
12 3 721159856 0 -94.0 793 6 1 7 0 2 1 3 793 6 793 64 793 87 790
12 3 1148613889 0 -101.0 1446 6 1 7 0 2 1 3 1446 7 1446 84 1446 86 1439
12 3 85518169 0 -84.0 1010 6 1 7 0 2 1 3 1010 3 1010 79 1010 89 972
12 3 1633689628 0 -99.0 1500 6 1 7 0 1 1 2 1 6 6 78 1353 97 1354
12 3 582294251 1 1.0 1440 6 1 7 0 1 1 2 4 1 4 87 1393 107 1399
12 4 -1394403356 0 -111.0 1500 6 1 7 0 1 1 2 1 3 3 90 1466 105 1487
12 4 -33024726 0 -73.0 1500 6 1 7 0 1 1 2 3 1 3 59 1064 71 1065
12 4 1527402879 0 -65.0 1500 6 1 7 0 1 1 2 3 4 4 80 1234 91 1235
12 4 -1635095831 0 -88.0 1500 6 1 7 0 1 1 2 5 1 5 69 1431 82 1432
12 4 -667113784 0 -84.0 1500 6 1 7 0 1 1 2 6 15 15 102 1498 110 1499
12 4 -925488054 0 -122.0 1492 6 1 7 0 2 1 3 1492 3 1492 108 1492 115 1462
12 4 567411341 0 -114.0 1493 6 1 7 0 2 1 3 1493 7 1493 105 1493 119 1419
12 4 -1686092570 1 1.0 1360 6 1 7 0 1 1 2 1 6 6 88 1340 94 1358
12 4 1417381451 0 -96.0 1495 6 1 7 0 2 1 3 1495 6 1495 79 1495 89 1285
12 4 1298403726 1 1.0 1060 6 1 7 0 1 1 2 19 8 19 83 945 88 946
12 4 1876395295 0 -81.0 1500 6 1 7 0 1 1 2 3 1 3 68 1109 85 1111
12 4 -743362954 1 1.0 1050 6 1 7 0 1 1 2 2 5 5 97 993 108 1017
12 4 -1032149370 0 -121.0 1500 6 1 7 0 1 1 2 1 9 9 97 1328 113 1339
12 4 518283695 1 1.0 1050 6 1 7 0 1 1 2 2 4 4 73 1047 87 1048
12 4 444578253 1 1.0 1050 6 1 7 0 1 1 2 12 4 12 87 1019 99 1024
12 4 -598492626 1 1.0 1365 6 1 7 0 1 1 2 1 6 6 90 1364 101 1361
12 4 -85603547 0 -94.0 1495 6 1 7 0 2 1 3 1495 3 1495 70 1495 83 870
12 4 1534036194 0 -105.0 1499 6 1 7 0 2 1 3 1499 2 1499 103 1499 102 1424
12 4 1926290475 0 -103.0 1500 6 1 7 0 1 1 2 2 3 3 96 1320 111 1323
12 4 1554105086 0 -101.0 1500 6 1 7 0 1 1 2 1 2 2 93 1003 97 1004
