16 0 -1886577285 0 0.0 353 10 0 10 0 3 0 3 353 0 353 12 353 0 0
16 0 315207428 0 0.0 67 10 0 10 0 2 0 2 67 0 67 7 67 0 0
16 0 -1030753345 0 0.0 131 10 0 10 0 3 0 3 131 0 131 14 131 0 0
16 0 2100044062 0 0.0 551 10 0 10 0 3 0 3 551 0 551 23 551 0 0
16 0 509130904 0 1.0 317 10 0 10 0 3 0 3 317 0 317 13 317 0 0
16 0 -1841787080 0 0.0 401 10 0 10 0 3 0 3 401 0 401 14 401 0 0
16 0 -246769866 0 1.0 407 10 0 10 0 3 0 3 407 0 407 14 407 0 0
16 0 -188353768 0 0.0 317 10 0 10 0 2 0 2 317 0 317 11 317 0 0
16 0 -1866190785 0 0.0 245 10 0 10 0 3 0 3 245 0 245 13 245 0 0
16 0 -1172387982 0 1.0 689 10 0 10 0 4 0 4 689 0 689 25 689 0 0
16 0 492182642 0 0.0 311 10 0 10 0 2 0 2 311 0 311 7 311 0 0
16 0 1546413000 0 0.0 179 10 0 10 0 2 0 2 179 0 179 8 179 0 0
16 0 1678679247 0 0.0 689 10 0 10 0 3 0 3 689 0 689 24 689 0 0
16 0 7333753 0 0.0 95 10 0 10 0 2 0 2 95 0 95 4 95 0 0
16 0 -5104703 0 0.0 437 10 0 10 0 3 0 3 437 0 437 15 437 0 0
16 0 -309733634 0 0.0 287 10 0 10 0 2 0 2 287 0 287 10 287 0 0
16 0 835260160 0 1.0 599 10 0 10 0 4 0 4 599 0 599 24 599 0 0
16 0 1702125548 0 0.0 467 10 0 10 0 2 0 2 467 0 467 14 467 0 0
16 0 -1340470413 0 0.0 828 10 0 10 0 5 0 5 827 0 827 43 827 0 0
16 0 -1623217885 0 0.0 587 10 0 10 0 3 0 3 587 0 587 15 587 0 0
16 1 -852297250 0 2.0 860 10 0 10 0 4 0 4 860 0 860 31 860 0 0
16 1 -1890912508 0 2.0 1493 10 0 10 0 4 0 4 1493 0 1493 31 1493 0 0
16 1 709523523 0 0.0 580 10 0 10 0 3 0 3 580 0 580 15 580 0 0
16 1 1402074404 0 1.0 39 10 0 10 0 3 0 3 39 0 39 11 39 0 0
16 1 729407247 0 1.0 375 10 0 10 0 3 0 3 375 0 375 14 375 0 0
16 1 1907591134 0 0.0 178 10 0 10 0 3 0 3 178 0 178 13 178 0 0
16 1 -180113745 0 0.0 423 10 0 10 0 3 0 3 423 0 423 19 423 0 0
16 1 -1904661421 0 1.0 374 10 0 10 0 3 0 3 374 0 374 16 374 0 0
16 1 1746672689 0 1.0 406 10 0 10 0 3 0 3 406 0 406 12 406 0 0
16 1 1291865226 0 2.0 735 10 0 10 0 4 0 4 735 0 735 28 735 0 0
16 1 1755811461 0 0.0 156 10 0 10 0 2 0 2 156 0 156 9 156 0 0
16 1 682001186 0 0.0 91 10 0 10 0 2 0 2 91 0 91 11 91 0 0
16 1 1158546071 0 1.0 280 10 0 10 0 3 0 3 280 0 280 12 280 0 0
16 1 -1791222904 0 0.0 172 10 0 10 0 2 0 2 172 0 172 11 172 0 0
16 1 -1465549667 0 1.0 205 10 0 10 0 4 0 4 205 0 205 20 205 0 0
16 1 345933105 0 1.0 823 10 1 11 802 4 0 4 823 0 823 30 823 0 0
16 1 -1588994754 0 0.0 460 10 0 10 0 2 0 2 460 0 460 11 460 0 0
16 1 -53984416 0 1.0 1055 10 0 10 0 3 0 3 1055 0 1055 12 1055 0 0
16 1 -703471367 0 0.0 135 10 0 10 0 3 0 3 135 0 135 13 135 0 0
16 1 -434663857 0 1.0 407 10 0 10 0 3 0 3 407 0 407 17 407 0 0
16 2 192927420 0 0.0 491 10 0 10 0 2 0 2 491 0 491 10 491 0 0
16 2 318457321 0 0.0 173 10 0 10 0 3 0 3 173 0 173 11 173 0 0
16 2 36858325 0 0.0 449 10 0 10 0 2 0 2 449 0 449 10 449 0 0
16 2 379548078 0 0.0 497 10 0 10 0 2 0 2 497 0 497 8 497 0 0
16 2 -1780521396 0 0.0 315 10 0 10 0 2 0 2 315 0 315 7 315 0 0
16 2 1052710818 0 1.0 1500 10 0 10 0 2 0 2 112 0 112 10 113 0 0
16 2 1658837784 0 0.0 305 10 0 10 0 2 0 2 305 0 305 8 305 0 0
16 2 1101700293 0 0.0 233 10 0 10 0 2 0 2 233 0 233 8 233 0 0
16 2 1557409153 0 0.0 347 10 0 10 0 2 0 2 347 0 347 7 347 0 0
16 2 365277900 0 0.0 401 10 0 10 0 2 0 2 401 0 401 5 401 0 0
16 2 -1242387562 0 0.0 299 10 0 10 0 2 0 2 299 0 299 9 299 0 0
16 2 752745234 0 1.0 365 10 0 10 0 3 0 3 365 0 365 11 365 0 0
16 2 -1031377850 0 0.0 335 10 0 10 0 2 0 2 335 0 335 7 335 0 0
16 2 -1451669616 0 0.0 591 10 0 10 0 2 0 2 591 0 591 9 591 0 0
16 2 -151630543 0 0.0 563 10 0 10 0 2 0 2 563 0 563 10 563 0 0
16 2 -1442864615 0 1.0 245 10 0 10 0 3 0 3 245 0 245 9 245 0 0
16 2 -1617279136 0 0.0 185 10 0 10 0 2 0 2 185 0 185 10 185 0 0
16 2 -332206480 0 1.0 533 10 0 10 0 3 0 3 533 0 533 18 533 0 0
16 2 -681384245 0 0.0 269 10 0 10 0 2 0 2 269 0 269 9 269 0 0
16 2 581172190 0 0.0 383 10 0 10 0 2 0 2 383 0 383 9 383 0 0
16 3 -961843231 0 0.0 286 10 0 10 0 2 0 2 286 0 286 9 286 0 0
16 3 2001253549 0 1.0 456 10 0 10 0 5 0 5 455 0 455 25 455 0 0
16 3 592512031 0 0.0 197 10 0 10 0 3 0 3 197 0 197 13 197 0 0
16 3 -1782465498 0 0.0 149 10 0 10 0 3 0 3 149 0 149 10 149 0 0
16 3 -1590965190 0 0.0 467 10 0 10 0 3 0 3 467 0 467 14 467 0 0
16 3 -1486741867 0 0.0 155 10 0 10 0 3 0 3 155 0 155 12 155 0 0
16 3 -49722208 0 0.0 402 10 0 10 0 3 0 3 402 0 402 15 402 0 0
16 3 1665174622 0 0.0 323 10 0 10 0 3 0 3 323 0 323 19 323 0 0
16 3 1745820241 0 1.0 239 10 0 10 0 3 0 3 239 0 239 12 239 0 0
16 3 85309935 0 0.0 215 10 0 10 0 3 0 3 215 0 215 12 215 0 0
16 3 -2027445701 0 0.0 227 10 0 10 0 2 0 2 227 0 227 10 227 0 0
16 3 1750754543 0 0.0 245 10 0 10 0 3 0 3 245 0 245 14 245 0 0
16 3 1203227918 0 0.0 173 10 0 10 0 3 0 3 173 0 173 10 173 0 0
16 3 394463019 0 0.0 191 10 0 10 0 3 0 3 191 0 191 12 191 0 0
16 3 468683228 0 1.0 1337 10 0 10 0 3 0 3 1337 0 1337 13 1337 0 0
16 3 -1374802932 0 0.0 247 10 0 10 0 3 0 3 247 0 247 16 247 0 0
16 3 564575018 0 0.0 461 10 0 10 0 3 0 3 461 0 461 17 461 0 0
16 3 1764448388 0 0.0 353 10 0 10 0 3 0 3 353 0 353 18 353 0 0
16 3 159983173 0 0.0 227 10 0 10 0 3 0 3 227 0 227 17 227 0 0
16 3 138450146 0 0.0 269 10 0 10 0 3 0 3 269 0 269 15 269 0 0
16 4 211437444 0 0.0 394 10 0 10 0 2 0 2 394 0 394 8 394 0 0
16 4 -1897497778 0 0.0 197 10 0 10 0 3 0 3 197 0 197 16 197 0 0
16 4 548781003 0 0.0 379 10 0 10 0 3 0 3 379 0 379 16 379 0 0
16 4 -2090680744 0 1.0 137 10 0 10 0 3 0 3 137 0 137 13 137 0 0
16 4 -318782214 0 0.0 520 10 0 10 0 3 0 3 520 0 520 20 520 0 0
16 4 -1908079696 0 0.0 450 10 0 10 0 3 0 3 450 0 450 17 450 0 0
16 4 -215471944 0 0.0 363 10 0 10 0 3 0 3 363 0 363 13 363 0 0
16 4 -1605225296 0 1.0 1493 10 0 10 0 3 0 3 1493 0 1493 12 1493 0 0
16 4 1252084477 0 1.0 143 10 0 10 0 3 0 3 143 0 143 13 143 0 0
16 4 -175834613 0 0.0 436 10 0 10 0 2 0 2 436 0 436 12 436 0 0
16 4 -973279791 0 0.0 343 10 0 10 0 2 0 2 343 0 343 9 343 0 0
16 4 -775010774 0 0.0 383 10 0 10 0 2 0 2 383 0 383 14 383 0 0
16 4 -724002504 0 0.0 319 10 0 10 0 3 0 3 319 0 319 14 319 0 0
16 4 -1520308273 0 0.0 405 10 0 10 0 3 0 3 405 0 405 17 405 0 0
16 4 -2036066329 0 0.0 431 10 0 10 0 3 0 3 431 0 431 19 431 0 0
16 4 -3784302 0 1.0 403 10 0 10 0 3 0 3 403 0 403 17 403 0 0
16 4 -1786397156 0 0.0 314 10 0 10 0 2 0 2 314 0 314 11 314 0 0
16 4 1635580738 0 0.0 171 10 0 10 0 3 0 3 171 0 171 11 171 0 0
16 4 1817211387 0 12.0 1123 10 1 11 197 6 2 8 1123 792 1123 44 1123 6 971
16 4 395790659 0 0.0 173 10 0 10 0 3 0 3 173 0 173 12 173 0 0
