5 0 807961716 0 -8.0 1411 8 1 9 156 4 2 6 184 286 286 103 1383 20 1313
5 0 2108084497 0 6.0 1500 8 1 9 74 4 2 6 162 658 658 110 1330 19 1342
5 0 511503929 0 -10.0 1166 8 1 9 76 4 2 6 179 410 410 114 1138 16 1074
5 0 1392129160 0 -2.0 1500 8 1 9 82 4 2 6 143 489 489 102 1470 23 1383
5 0 47820324 0 -10.0 970 8 1 9 56 4 2 6 193 368 368 127 875 13 949
5 0 -750900818 0 -4.0 1159 8 1 9 109 4 2 6 178 595 595 100 1053 19 1101
5 0 1779526516 0 1.0 1500 8 1 9 55 4 2 6 108 290 290 107 1182 20 1311
5 0 -467245894 0 -6.0 1500 8 1 9 110 4 2 6 151 400 400 110 1435 18 1476
5 0 -1691355914 0 -9.0 938 8 1 9 87 4 2 6 102 438 438 111 879 16 832
5 0 -940716294 0 -10.0 1198 8 1 9 79 3 2 5 88 629 629 76 902 13 1174
5 0 -1617496928 0 -8.0 1265 8 1 9 129 4 2 6 401 822 822 106 1140 32 1251
5 0 -2042252973 0 -10.0 895 8 1 9 80 4 2 6 165 342 342 103 895 16 880
5 0 -821878192 0 -2.0 1500 8 1 9 88 4 2 6 237 286 286 111 1321 21 1378
5 0 -2068460967 0 -5.0 1436 8 1 9 118 4 2 6 212 396 396 114 1353 21 1358
5 0 -1317172306 0 -2.0 1500 8 1 9 44 4 2 6 130 261 261 94 1467 24 1446
5 0 1868034337 0 5.0 1500 8 1 9 135 4 2 6 190 642 642 104 1184 21 1182
5 0 -1948039225 0 -11.0 1036 8 1 9 140 4 2 6 283 474 474 113 883 15 1024
5 0 652228195 0 -2.0 1500 8 1 9 62 4 2 6 108 375 375 102 1349 19 1442
5 0 -696790984 0 -6.0 1420 8 1 9 42 4 2 6 93 500 500 111 543 22 1338
5 0 -872420125 0 0.0 1500 8 1 9 129 4 2 6 153 208 208 106 1278 26 1414
5 1 -958214170 0 10.0 1500 8 1 9 90 4 2 6 197 778 778 126 1195 21 1418
5 1 -503522504 1 6.0 1500 8 1 9 70 4 2 6 165 514 514 109 1313 25 1461
5 1 -1840179575 0 0.0 1500 8 1 9 54 4 2 6 96 343 343 121 1467 30 1481
5 1 2063046146 0 2.0 1500 8 1 9 56 4 2 6 137 244 244 116 1476 24 1479
5 1 -1622839342 0 2.0 1494 8 1 9 62 5 2 7 1494 209 1494 119 1494 28 1444
5 1 -844234436 0 1.0 1500 8 1 9 46 3 2 5 65 637 637 93 1120 28 1468
5 1 -145869440 0 -5.0 1138 8 1 9 90 5 2 7 1138 406 1138 116 1138 18 1110
5 1 584049153 0 0.0 51 8 0 8 0 3 0 3 51 0 51 9 51 0 0
5 1 1710678889 0 6.0 646 8 1 9 78 5 2 7 646 457 646 97 646 12 644
5 1 -1243807048 0 10.0 1500 8 1 9 41 4 2 6 550 153 550 104 1467 29 1426
5 1 1663251019 0 3.0 1500 8 1 9 88 4 2 6 103 247 247 126 1482 21 1379
5 1 -303489724 0 -7.0 956 8 1 9 106 4 2 6 346 506 506 95 654 15 784
5 1 -124120444 0 7.0 1494 8 1 9 86 5 2 7 1494 356 1494 115 1494 25 1416
5 1 973552842 0 6.0 1500 8 1 9 49 4 2 6 230 178 230 111 1473 24 1285
5 1 1111587890 0 2.0 1500 8 1 9 64 4 2 6 109 450 450 128 1250 27 1476
5 1 371657720 0 1.0 1500 8 1 9 45 4 2 6 92 914 914 126 1326 23 1489
5 1 -222590534 0 2.0 1498 8 1 9 55 5 2 7 1498 273 1498 127 1498 26 1294
5 1 -1803592890 0 3.0 1500 8 1 9 114 4 2 6 332 176 332 109 1383 31 1342
5 1 1966722777 0 17.0 1500 8 1 9 42 4 2 6 96 203 203 121 1403 21 945
5 1 659933691 0 9.0 1500 8 1 9 48 4 2 6 103 557 557 116 1442 23 1476
5 2 1762365562 0 -1.0 1500 8 1 9 193 3 2 5 192 369 369 59 1212 22 1462
5 2 1497619616 0 3.0 1500 8 1 9 114 4 2 6 352 199 352 92 1477 15 1127
5 2 -838827864 0 -14.0 871 8 1 9 105 4 2 6 390 561 561 47 791 15 870
5 2 -1104316483 0 -7.0 1373 8 1 9 114 3 2 5 113 294 294 53 1369 18 1334
5 2 -356908377 0 -6.0 1170 8 1 9 112 4 2 6 1040 273 1040 76 1134 23 1053
5 2 -1376532723 0 -7.0 1144 8 1 9 131 4 2 6 565 494 565 72 1118 19 953
5 2 -1522460478 0 -3.0 1500 8 1 9 118 4 2 6 343 461 461 89 1388 23 1338
5 2 2117859749 0 -11.0 1094 8 1 9 96 3 2 5 116 167 167 57 961 15 1031
5 2 1763547087 0 -7.0 1313 8 1 9 112 3 2 5 232 658 658 89 1310 18 1164
5 2 101379985 0 -13.0 1062 8 1 9 151 3 2 5 150 469 469 43 1053 9 1061
5 2 213664788 0 -1.0 1500 8 1 9 117 4 2 6 728 465 728 94 1314 24 1471
5 2 -1887271633 0 -10.0 1152 8 1 9 181 4 2 6 481 245 481 57 1150 17 1114
5 2 -2068558427 0 -5.0 1500 8 1 9 128 4 2 6 1305 134 1305 84 1443 21 1406
5 2 1749471814 0 -8.0 921 8 1 9 103 3 2 5 102 566 566 39 784 13 887
5 2 194201600 0 0.0 1500 8 1 9 102 4 2 6 739 394 739 90 1446 24 1454
5 2 2041561527 0 -8.0 1170 8 1 9 119 3 2 5 190 586 586 44 742 10 883
5 2 97425038 0 -12.0 1171 8 1 9 167 3 2 5 166 320 320 59 854 16 889
5 2 -1770684369 0 -13.0 1011 8 1 9 178 3 2 5 177 480 480 38 942 13 947
5 2 -1540717076 0 -12.0 989 8 1 9 141 3 2 5 140 724 724 47 958 9 939
5 2 -1488406596 0 -10.0 1077 8 1 9 321 3 2 5 320 475 475 47 1036 15 1063
5 3 305210467 0 5.0 522 8 1 9 117 4 2 6 522 175 522 45 522 8 408
5 3 -1433596067 0 0.0 1022 8 1 9 123 5 2 7 1022 344 1022 110 1022 21 1020
5 3 1957234114 0 0.0 633 8 1 9 101 5 2 7 633 247 633 65 633 6 461
5 3 1740666754 0 -2.0 1320 8 1 9 101 4 2 6 169 366 366 102 1046 18 1032
5 3 -504873088 0 2.0 760 8 1 9 70 5 2 7 760 573 760 82 760 12 690
5 3 1526417513 0 -8.0 849 8 1 9 89 5 2 7 849 352 849 103 849 10 760
5 3 -1477378494 0 0.0 578 8 1 9 117 5 2 7 578 296 578 64 578 6 452
5 3 5858972 0 -3.0 695 8 1 9 64 5 2 7 695 242 695 85 695 7 690
5 3 -236755893 0 2.0 476 8 1 9 90 4 2 6 476 332 476 61 476 6 461
5 3 2022736060 0 1.0 508 8 1 9 219 4 2 6 508 311 508 58 508 7 454
5 3 -139494526 0 0.0 1176 8 1 9 58 5 2 7 1176 284 1176 92 1176 21 1114
5 3 127345655 0 -1.0 438 8 1 9 55 4 2 6 438 306 438 52 438 4 370
5 3 1851022282 0 0.0 655 8 1 9 44 5 2 7 655 139 655 50 655 8 567
5 3 1217955439 0 0.0 795 8 1 9 153 4 2 6 795 205 795 62 795 13 754
5 3 2045971528 0 -6.0 748 8 1 9 107 5 2 7 748 423 748 68 748 9 706
5 3 1159093016 0 -1.0 642 8 1 9 94 4 2 6 642 260 642 78 642 8 555
5 3 -1259919322 0 0.0 53 8 0 8 0 3 0 3 53 0 53 8 53 0 0
5 3 -1064604594 0 11.0 926 8 1 9 61 5 2 7 926 189 926 91 926 18 844
5 3 728843443 0 1.0 406 8 1 9 61 5 1 6 406 278 406 52 406 2 338
5 3 1412458257 0 1.0 476 8 1 9 62 5 2 7 476 257 476 65 476 2 257
5 4 -763386652 0 3.0 1500 8 1 9 85 4 2 6 1454 196 1454 93 1497 26 1467
5 4 1768611324 0 2.0 1500 8 1 9 66 4 2 6 121 415 415 108 1492 27 1474
5 4 -2097243945 0 7.0 1500 8 1 9 73 3 2 5 90 264 264 87 1343 27 1340
5 4 621792770 0 2.0 1500 8 1 9 105 4 2 6 194 393 393 121 1266 31 1239
5 4 732869887 0 5.0 1500 8 1 9 63 4 2 6 1214 205 1214 124 1488 23 1393
5 4 -422606839 0 1.0 1500 8 1 9 82 4 2 6 594 331 594 116 1411 28 1417
5 4 804094683 0 -2.0 1306 8 1 9 48 4 2 6 213 309 309 126 881 21 1227
5 4 -729793681 0 -1.0 1500 8 1 9 133 4 2 6 297 397 397 109 1461 26 1463
5 4 1837261599 0 5.0 1500 8 1 9 127 4 2 6 464 623 623 97 1431 25 1336
5 4 -1408417973 0 -6.0 1493 8 1 9 43 5 2 7 1493 286 1493 124 1493 26 1313
5 4 227133693 0 1.0 1314 8 1 9 91 4 2 6 352 288 352 112 1257 34 1279
5 4 -730529751 0 4.0 1500 8 1 9 95 4 2 6 225 471 471 110 1497 32 1470
5 4 -1377258821 0 -1.0 1500 8 1 9 87 4 2 6 132 285 285 119 1477 31 1494
5 4 -189444106 0 5.0 1500 8 1 9 74 4 2 6 228 541 541 121 1447 27 1464
5 4 -396004343 0 4.0 1500 8 1 9 88 4 2 6 256 117 256 115 1192 31 1433
5 4 1141579596 0 -2.0 1407 8 1 9 57 4 2 6 130 239 239 121 1296 26 1379
5 4 -297608564 0 -9.0 1116 8 1 9 97 4 2 6 287 221 287 106 1067 23 1110
5 4 1371177173 0 1.0 1500 8 1 9 103 4 2 6 460 137 460 113 1343 20 1450
5 4 1381923778 0 1.0 1500 8 1 9 55 4 2 6 132 249 249 100 1483 26 1378
5 4 2066218778 0 -5.0 825 8 1 9 96 5 2 7 825 243 825 95 825 16 799
