3 0 56844253 0 -1.0 79 7 0 7 70 1 0 1 0 0 0 25 74 0 0
3 0 -240445129 0 -1.0 79 7 0 7 70 1 0 1 0 0 0 24 72 0 0
3 0 1569379510 0 -1.0 79 7 0 7 70 1 0 1 0 0 0 24 72 0 0
3 0 1171715130 0 -1.0 79 7 0 7 69 1 0 1 0 0 0 25 73 0 0
3 0 -2146040470 0 -1.0 79 7 0 7 69 1 0 1 0 0 0 26 77 0 0
3 0 -1305409287 0 -1.0 79 7 0 7 70 1 0 1 0 0 0 24 75 0 0
3 0 144822580 0 -1.0 79 7 0 7 69 1 0 1 0 0 0 24 73 0 0
3 0 -882155844 0 -1.0 79 7 0 7 68 1 0 1 0 0 0 26 75 0 0
3 0 4297072 0 -1.0 79 7 0 7 70 1 0 1 0 0 0 25 75 0 0
3 0 -200996422 0 -1.0 79 7 0 7 69 1 0 1 0 0 0 24 71 0 0
3 0 641910735 0 -1.0 79 7 0 7 69 1 0 1 0 0 0 24 72 0 0
3 0 -384471281 0 -1.0 79 7 0 7 68 1 0 1 0 0 0 24 72 0 0
3 0 1608896587 0 -1.0 79 7 0 7 69 1 0 1 0 0 0 23 71 0 0
3 0 -31812231 0 -1.0 79 7 0 7 66 1 0 1 0 0 0 22 73 0 0
3 0 -1546895852 0 -1.0 79 7 0 7 70 1 0 1 0 0 0 25 74 0 0
3 0 1042186728 0 -1.0 79 7 0 7 68 1 0 1 0 0 0 26 77 0 0
3 0 1690549712 0 -1.0 79 7 0 7 68 1 0 1 0 0 0 25 73 0 0
3 0 -1379304976 0 -1.0 79 7 0 7 69 1 0 1 0 0 0 25 74 0 0
3 0 1866069130 0 -1.0 79 7 0 7 66 1 0 1 0 0 0 24 71 0 0
3 0 1335367341 0 -1.0 79 7 0 7 68 1 0 1 0 0 0 26 74 0 0
3 1 219098803 0 -1.0 79 7 0 7 70 1 0 1 2 0 2 25 78 0 0
3 1 -655120549 0 -1.0 79 7 0 7 70 1 0 1 1 0 1 19 78 0 0
3 1 185440263 0 -1.0 79 7 0 7 70 1 0 1 0 0 0 27 78 0 0
3 1 -2084763401 0 -1.0 79 7 0 7 70 1 0 1 0 0 0 17 71 0 0
3 1 -2063394050 0 -1.0 79 7 0 7 70 1 0 1 0 0 0 32 77 0 0
3 1 2105576761 0 -1.0 79 7 0 7 70 1 0 1 0 0 0 25 77 0 0
3 1 863690336 0 -1.0 79 7 0 7 70 1 0 1 1 0 1 28 77 0 0
3 1 -993705640 0 -1.0 79 7 0 7 70 1 0 1 1 0 1 16 55 0 0
3 1 -1413378146 0 -1.0 79 7 0 7 70 1 0 1 0 0 0 21 78 0 0
3 1 218081692 0 -1.0 79 7 0 7 70 1 0 1 1 0 1 22 78 0 0
3 1 -604995178 0 -1.0 79 7 0 7 70 1 0 1 0 0 0 15 78 0 0
3 1 -97805713 0 -1.0 79 7 0 7 70 1 0 1 0 0 0 24 78 0 0
3 1 -1028041233 0 -1.0 79 7 0 7 70 1 0 1 1 0 1 25 78 0 0
3 1 -1723967733 0 -1.0 79 7 0 7 70 1 0 1 0 0 0 26 78 0 0
3 1 1349830975 0 -1.0 79 7 0 7 70 1 0 1 0 0 0 28 78 0 0
3 1 678866463 0 -1.0 79 7 0 7 70 1 0 1 1 0 1 24 78 0 0
3 1 770857811 0 -1.0 79 7 0 7 70 1 0 1 0 0 0 23 78 0 0
3 1 1640465309 0 -1.0 79 7 0 7 70 1 0 1 2 0 2 24 77 0 0
3 1 -273352831 0 -1.0 79 7 0 7 70 1 0 1 2 0 2 16 78 0 0
3 1 -1030865172 0 -1.0 79 7 0 7 70 1 0 1 0 0 0 28 78 0 0
3 2 1987980263 0 -1.0 79 7 0 7 79 1 0 1 0 0 0 11 70 0 0
3 2 652503506 0 -1.0 79 7 0 7 79 1 0 1 0 0 0 7 73 0 0
3 2 -114149422 0 -1.0 79 7 0 7 79 1 0 1 0 0 0 11 67 0 0
3 2 -1298918154 0 -1.0 79 7 0 7 79 1 0 1 0 0 0 11 64 0 0
3 2 -362024002 0 -1.0 79 7 0 7 79 1 0 1 0 0 0 4 23 0 0
3 2 -2004639983 0 -1.0 79 7 0 7 79 1 0 1 0 0 0 12 65 0 0
3 2 1635909220 0 -1.0 79 7 0 7 79 1 0 1 0 0 0 7 38 0 0
3 2 1938188289 0 -1.0 79 7 0 7 79 1 0 1 0 0 0 11 52 0 0
3 2 -676683101 0 -1.0 79 7 0 7 79 1 0 1 0 0 0 9 60 0 0
3 2 -837169875 0 -1.0 79 7 0 7 79 1 0 1 0 0 0 7 73 0 0
3 2 645967543 0 -1.0 79 7 0 7 79 1 0 1 0 0 0 11 62 0 0
3 2 -817558960 0 -1.0 79 7 0 7 79 1 0 1 0 0 0 10 70 0 0
3 2 1475937328 0 -1.0 79 7 0 7 79 1 0 1 0 0 0 12 70 0 0
3 2 -383413221 0 -1.0 79 7 0 7 79 1 0 1 0 0 0 10 69 0 0
3 2 744922024 0 -1.0 79 7 0 7 79 1 0 1 0 0 0 5 40 0 0
3 2 556972371 0 -1.0 79 7 0 7 79 1 0 1 0 0 0 6 29 0 0
3 2 705761002 0 -1.0 79 7 0 7 79 1 0 1 0 0 0 9 59 0 0
3 2 -299974465 0 -1.0 79 7 0 7 79 1 0 1 0 0 0 9 78 0 0
3 2 -96038580 0 -1.0 79 7 0 7 79 1 0 1 0 0 0 9 64 0 0
3 2 365076774 0 -1.0 79 7 0 7 79 1 0 1 0 0 0 8 46 0 0
3 3 -304444055 0 -1.0 79 7 0 7 70 1 0 1 3 0 3 14 66 0 0
3 3 -1083038391 0 -1.0 79 7 0 7 70 1 0 1 4 0 4 10 44 0 0
3 3 -758871125 0 -1.0 79 7 0 7 70 1 0 1 1 0 1 12 60 0 0
3 3 497102986 0 -1.0 79 7 0 7 70 1 0 1 0 0 0 17 71 0 0
3 3 -1333376900 0 -1.0 79 7 0 7 70 1 0 1 5 0 5 15 75 0 0
3 3 -386055338 0 -1.0 79 7 0 7 70 1 0 1 0 0 0 15 77 0 0
3 3 -1637530240 0 -1.0 79 7 0 7 70 1 0 1 1 0 1 13 79 0 0
3 3 1400482971 0 -1.0 79 7 0 7 70 1 0 1 1 0 1 14 74 0 0
3 3 1194987194 0 -1.0 79 7 0 7 70 1 0 1 0 0 0 18 73 0 0
3 3 -1896209212 0 -1.0 79 7 0 7 70 1 0 1 11 0 11 9 63 0 0
3 3 1286037895 0 -1.0 79 7 0 7 70 1 0 1 0 0 0 15 74 0 0
3 3 1450083938 0 -1.0 79 7 0 7 70 1 0 1 1 0 1 12 75 0 0
3 3 412658882 0 -1.0 79 7 0 7 70 1 0 1 1 0 1 17 72 0 0
3 3 795459534 0 -1.0 79 7 0 7 70 1 0 1 5 0 5 15 73 0 0
3 3 -445019156 0 -1.0 79 7 0 7 70 1 0 1 0 0 0 15 73 0 0
3 3 724342310 0 -1.0 79 7 0 7 70 1 0 1 0 0 0 13 72 0 0
3 3 1031746232 0 -1.0 79 7 0 7 70 1 0 1 2 0 2 13 67 0 0
3 3 1750845744 0 -1.0 79 7 0 7 70 1 0 1 2 0 2 13 61 0 0
3 3 -187139231 0 -1.0 79 7 0 7 70 1 0 1 0 0 0 16 62 0 0
3 3 976547055 0 -1.0 79 7 0 7 70 1 0 1 1 0 1 19 73 0 0
3 4 -752927589 0 -1.0 79 7 0 7 70 1 0 1 1 0 1 14 76 0 0
3 4 -1155770044 0 -1.0 79 7 0 7 70 1 0 1 2 0 2 11 78 0 0
3 4 1828884600 0 -1.0 79 7 0 7 70 1 0 1 0 0 0 10 74 0 0
3 4 1283897963 0 -1.0 79 7 0 7 70 1 0 1 2 0 2 16 78 0 0
3 4 -695792954 0 -1.0 79 7 0 7 70 1 0 1 2 0 2 19 77 0 0
3 4 960233275 0 -1.0 79 7 0 7 70 1 0 1 2 0 2 18 78 0 0
3 4 -1671185325 0 -1.0 79 7 0 7 70 1 0 1 5 0 5 16 78 0 0
3 4 1149448466 0 -1.0 79 7 0 7 70 1 0 1 0 0 0 12 77 0 0
3 4 2064258641 0 -1.0 79 7 0 7 70 1 0 1 0 0 0 15 77 0 0
3 4 997158051 0 -1.0 79 7 0 7 70 1 0 1 4 0 4 15 77 0 0
3 4 504920283 0 -1.0 79 7 0 7 70 1 0 1 1 0 1 15 66 0 0
3 4 1202240911 0 -1.0 79 7 0 7 70 1 0 1 0 0 0 17 76 0 0
3 4 1585143765 0 -1.0 79 7 0 7 70 1 0 1 0 0 0 16 78 0 0
3 4 -2126442255 0 -1.0 79 7 0 7 70 1 0 1 6 0 6 13 78 0 0
3 4 -1332051848 0 -1.0 79 7 0 7 70 1 0 1 0 0 0 13 79 0 0
3 4 178093320 0 -1.0 79 7 0 7 70 1 0 1 5 0 5 12 72 0 0
3 4 297254516 0 -1.0 79 7 0 7 70 1 0 1 0 0 0 17 78 0 0
3 4 -623478660 0 -1.0 79 7 0 7 70 1 0 1 0 0 0 11 75 0 0
3 4 -1350970743 0 -1.0 79 7 0 7 70 1 0 1 2 0 2 12 76 0 0
3 4 -637108852 0 -1.0 79 7 0 7 70 1 0 1 0 0 0 15 78 0 0
