9 0 2077790663 0 0.0 285 4 0 4 0 2 0 2 4 0 4 69 233 0 0
9 0 287288543 0 0.0 285 4 0 4 0 2 0 2 3 0 3 72 258 0 0
9 0 -1083601030 0 0.0 285 4 0 4 0 2 0 2 3 0 3 68 238 0 0
9 0 -1762731985 0 0.0 285 4 0 4 0 2 0 2 5 0 5 74 262 0 0
9 0 517381524 0 0.0 285 4 0 4 0 3 0 3 56 0 56 77 275 0 0
9 0 1151877599 0 0.0 285 4 0 4 0 2 0 2 3 0 3 67 238 0 0
9 0 -555654656 0 0.0 285 4 0 4 0 2 0 2 4 0 4 71 260 0 0
9 0 -938168230 0 0.0 285 4 0 4 0 2 0 2 4 0 4 71 246 0 0
9 0 2045509270 0 0.0 285 4 0 4 0 3 0 3 68 0 68 76 266 0 0
9 0 2093835925 0 0.0 285 4 0 4 0 2 0 2 4 0 4 65 222 0 0
9 0 -616373431 0 0.0 285 4 0 4 0 2 0 2 3 0 3 65 231 0 0
9 0 -513696049 0 0.0 285 4 0 4 0 2 0 2 4 0 4 73 254 0 0
9 0 28278833 0 0.0 285 4 0 4 0 3 0 3 62 0 62 78 262 0 0
9 0 1356001244 0 0.0 285 4 0 4 0 3 0 3 58 0 58 74 239 0 0
9 0 1258598356 0 0.0 285 4 0 4 0 2 0 2 5 0 5 68 249 0 0
9 0 -38367835 0 0.0 285 4 0 4 0 2 0 2 4 0 4 70 253 0 0
9 0 -225712766 0 0.0 285 4 0 4 0 2 0 2 4 0 4 72 239 0 0
9 0 -1883516658 0 0.0 285 4 0 4 0 3 0 3 67 0 67 78 279 0 0
9 0 -848616809 0 0.0 285 4 0 4 0 2 0 2 4 0 4 67 238 0 0
9 0 -2033968655 0 0.0 285 4 0 4 0 3 0 3 64 0 64 78 265 0 0
9 1 871747959 0 0.0 285 4 0 4 0 3 0 3 34 0 34 38 282 0 0
9 1 -36546721 0 0.0 285 4 0 4 0 2 0 2 3 0 3 56 168 0 0
9 1 -2072287649 0 0.0 510 4 0 4 0 3 0 3 40 0 40 33 122 0 0
9 1 -282041944 0 0.0 285 4 0 4 0 2 0 2 2 0 2 51 272 0 0
9 1 -1340674360 0 0.0 285 4 0 4 0 2 0 2 3 0 3 58 191 0 0
9 1 1128299127 0 0.0 285 4 0 4 0 2 0 2 3 0 3 49 148 0 0
9 1 -2038205502 0 0.0 510 4 0 4 0 3 0 3 211 0 211 70 398 0 0
9 1 -1304787326 0 0.0 510 4 0 4 0 3 0 3 259 0 259 71 365 0 0
9 1 909700109 0 0.0 285 4 0 4 0 3 0 3 51 0 51 61 233 0 0
9 1 -2034262149 0 0.0 285 4 0 4 0 3 0 3 48 0 48 45 254 0 0
9 1 1607349266 0 0.0 285 4 0 4 0 3 0 3 62 0 62 31 98 0 0
9 1 64999289 0 0.0 285 4 0 4 0 3 0 3 38 0 38 61 248 0 0
9 1 341890865 0 0.0 285 4 0 4 0 2 0 2 7 0 7 56 268 0 0
9 1 1319777636 0 0.0 285 4 0 4 0 2 0 2 4 0 4 61 211 0 0
9 1 1110438317 0 0.0 285 4 0 4 0 3 0 3 33 0 33 62 218 0 0
9 1 1236939825 0 0.0 285 4 0 4 0 3 0 3 43 0 43 72 281 0 0
9 1 -901306970 0 0.0 510 4 0 4 0 3 0 3 209 0 209 52 259 0 0
9 1 -780388659 0 0.0 285 4 0 4 0 3 0 3 42 0 42 67 283 0 0
9 1 -2004822393 0 0.0 285 4 0 4 0 3 0 3 38 0 38 62 275 0 0
9 1 -1473354047 0 0.0 285 4 0 4 0 3 0 3 35 0 35 65 224 0 0
9 2 1137286285 0 0.0 285 4 0 4 0 2 0 2 3 0 3 23 237 0 0
9 2 -542793582 0 0.0 285 4 0 4 0 2 0 2 2 0 2 21 215 0 0
9 2 2020009815 0 0.0 285 4 0 4 0 2 0 2 4 0 4 10 44 0 0
9 2 1525687825 0 0.0 285 4 0 4 0 2 0 2 2 0 2 17 145 0 0
9 2 689406303 0 0.0 510 4 0 4 0 3 0 3 246 0 246 39 462 0 0
9 2 -1229091429 0 0.0 285 4 0 4 0 2 0 2 3 0 3 17 264 0 0
9 2 122999669 0 0.0 285 4 0 4 0 2 0 2 2 0 2 13 277 0 0
9 2 -1262889908 0 0.0 285 4 0 4 0 2 0 2 2 0 2 7 159 0 0
9 2 -863601533 0 0.0 285 4 0 4 0 2 0 2 2 0 2 13 264 0 0
9 2 87279264 0 0.0 285 4 0 4 0 2 0 2 5 0 5 13 261 0 0
9 2 -409817709 0 0.0 285 4 0 4 0 2 0 2 2 0 2 9 271 0 0
9 2 -2147055344 0 0.0 285 4 0 4 0 2 0 2 3 0 3 28 278 0 0
9 2 -1139428015 0 0.0 285 4 0 4 0 2 0 2 3 0 3 19 278 0 0
9 2 1311760386 0 0.0 285 4 0 4 0 2 0 2 2 0 2 32 267 0 0
9 2 -1208441965 0 0.0 285 4 0 4 0 2 0 2 3 0 3 22 212 0 0
9 2 -1998868241 0 0.0 285 4 0 4 0 2 0 2 5 0 5 22 216 0 0
9 2 -2039801846 0 0.0 285 4 0 4 0 2 0 2 2 0 2 15 226 0 0
9 2 296067967 0 0.0 285 4 0 4 0 2 0 2 3 0 3 12 279 0 0
9 2 26849262 0 0.0 285 4 0 4 0 2 0 2 2 0 2 16 279 0 0
9 2 -1717021816 0 0.0 285 4 0 4 0 2 0 2 3 0 3 21 272 0 0
9 3 -1145623871 0 0.0 285 4 0 4 0 3 0 3 72 0 72 68 254 0 0
9 3 1132479801 0 0.0 285 4 0 4 0 2 0 2 3 0 3 57 282 0 0
9 3 -998924446 0 0.0 285 4 0 4 0 2 0 2 4 0 4 59 214 0 0
9 3 2026314614 0 0.0 285 4 0 4 0 3 0 3 48 0 48 51 228 0 0
9 3 -961882804 1 100.0 275 4 0 4 0 4 0 4 275 0 275 67 275 0 0
9 3 434545405 1 100.0 241 4 0 4 0 3 0 3 241 0 241 61 241 0 0
9 3 1005419328 0 0.0 285 4 0 4 0 2 0 2 4 0 4 42 283 0 0
9 3 -232840518 1 100.0 225 4 0 4 0 4 0 4 225 0 225 66 225 0 0
9 3 1875462199 0 0.0 285 4 0 4 0 3 0 3 61 0 61 66 284 0 0
9 3 105341878 0 0.0 510 4 0 4 0 3 0 3 103 0 103 37 198 0 0
9 3 1748920770 1 100.0 189 4 0 4 0 4 0 4 189 0 189 57 189 0 0
9 3 -2050586989 0 0.0 285 4 0 4 0 3 0 3 46 0 46 68 255 0 0
9 3 332680128 0 0.0 285 4 0 4 0 3 0 3 74 0 74 50 214 0 0
9 3 1816661062 1 100.0 256 4 0 4 0 4 0 4 256 0 256 69 256 0 0
9 3 -594530378 0 0.0 285 4 0 4 0 3 0 3 65 0 65 61 275 0 0
9 3 -499157023 1 100.0 233 4 0 4 0 4 0 4 233 0 233 67 233 0 0
9 3 477807390 0 0.0 285 4 0 4 0 2 0 2 5 0 5 45 208 0 0
9 3 -1322822506 0 0.0 285 4 0 4 0 3 0 3 67 0 67 51 212 0 0
9 3 -489438960 1 100.0 225 4 0 4 0 4 0 4 225 0 225 63 225 0 0
9 3 -2056648617 1 100.0 265 4 0 4 0 4 0 4 265 0 265 69 265 0 0
9 4 1528463505 0 0.0 285 4 0 4 0 2 0 2 4 0 4 62 284 0 0
9 4 -344811473 0 0.0 285 4 0 4 0 2 0 2 2 0 2 59 248 0 0
9 4 -477965962 0 0.0 285 4 0 4 0 3 0 3 74 0 74 66 259 0 0
9 4 -1891083415 0 0.0 285 4 0 4 0 3 0 3 36 0 36 69 278 0 0
9 4 -69142487 0 0.0 285 4 0 4 0 3 0 3 56 0 56 50 282 0 0
9 4 -1644591580 0 0.0 285 4 0 4 0 3 0 3 55 0 55 67 275 0 0
9 4 560576833 0 0.0 285 4 0 4 0 3 0 3 40 0 40 72 259 0 0
9 4 -25526550 0 0.0 510 4 0 4 0 3 0 3 40 0 40 73 399 0 0
9 4 738830100 0 0.0 285 4 0 4 0 2 0 2 3 0 3 59 212 0 0
9 4 -445115594 0 0.0 285 4 0 4 0 3 0 3 35 0 35 66 220 0 0
9 4 589146551 0 0.0 285 4 0 4 0 3 0 3 45 0 45 69 273 0 0
9 4 -1350110701 0 0.0 285 4 0 4 0 3 0 3 45 0 45 67 233 0 0
9 4 183592613 0 0.0 285 4 0 4 0 3 0 3 52 0 52 67 281 0 0
9 4 -1749837411 0 40.0 1185 4 0 4 0 3 0 3 256 0 256 48 1077 0 0
9 4 1509176084 0 0.0 285 4 0 4 0 3 0 3 71 0 71 55 284 0 0
9 4 -48757900 0 0.0 285 4 0 4 0 3 0 3 57 0 57 64 246 0 0
9 4 1227393183 0 0.0 285 4 0 4 0 3 0 3 44 0 44 66 267 0 0
9 4 -1752093963 0 0.0 285 4 0 4 0 2 0 2 3 0 3 62 232 0 0
9 4 2073000359 0 0.0 285 4 0 4 0 3 0 3 57 0 57 64 222 0 0
9 4 -1710368948 0 0.0 285 4 0 4 0 2 0 2 5 0 5 59 221 0 0
