14 0 722356121 0 0.0 1500 7 0 7 7 5 0 5 6 0 6 23 53 0 0
14 0 1296690735 0 0.0 1500 7 0 7 6 5 0 5 5 0 5 24 57 0 0
14 0 -170421688 0 0.0 1500 7 0 7 12 5 0 5 7 0 7 23 56 0 0
14 0 -1320022735 0 0.0 1500 7 0 7 25 5 0 5 23 0 23 23 60 0 0
14 0 -1709433099 0 0.0 1500 7 0 7 8 5 0 5 6 0 6 23 68 0 0
14 0 -254313910 0 0.0 1500 7 0 7 36 5 0 5 5 0 5 23 57 0 0
14 0 -1505799835 0 0.0 1500 7 0 7 6 5 0 5 5 0 5 23 61 0 0
14 0 -1250709890 0 0.0 1500 7 0 7 8 5 0 5 6 0 6 24 65 0 0
14 0 181814205 0 0.0 1500 7 0 7 11 5 0 5 14 0 14 24 66 0 0
14 0 -1154831718 0 0.0 1500 7 0 7 7 5 0 5 5 0 5 23 55 0 0
14 0 482230474 0 0.0 1500 7 0 7 7 5 0 5 5 0 5 23 54 0 0
14 0 -1800406307 0 0.0 1500 7 0 7 7 5 0 5 5 0 5 23 50 0 0
14 0 -1773736461 0 0.0 1500 7 0 7 8 5 0 5 6 0 6 23 58 0 0
14 0 -1291638309 0 0.0 1500 7 0 7 12 5 0 5 6 0 6 23 52 0 0
14 0 -1024558125 0 0.0 1500 7 0 7 6 5 0 5 5 0 5 23 57 0 0
14 0 1380257863 0 0.0 1500 7 0 7 5 5 0 5 5 0 5 23 57 0 0
14 0 1406296657 0 0.0 1500 7 0 7 12 5 0 5 10 0 10 24 59 0 0
14 0 -492802841 0 0.0 1500 6 0 6 0 5 0 5 8 0 8 23 54 0 0
14 0 920539947 0 0.0 1500 7 0 7 6 5 0 5 5 0 5 24 54 0 0
14 0 -1607089979 0 0.0 1500 7 0 7 9 5 0 5 7 0 7 23 53 0 0
14 1 1725415749 0 0.0 1500 7 0 7 1 5 0 5 10 0 10 23 78 0 0
14 1 2131008365 0 0.0 1500 7 0 7 0 5 0 5 36 0 36 23 58 0 0
14 1 -373709986 0 0.0 1500 7 0 7 2 5 0 5 80 0 80 23 104 0 0
14 1 967258824 0 0.0 1500 7 0 7 1 5 0 5 19 0 19 23 64 0 0
14 1 -1798364938 0 0.0 1500 7 0 7 3 5 0 5 5 0 5 23 63 0 0
14 1 -462097825 0 0.0 1500 7 0 7 6 5 0 5 19 0 19 23 52 0 0
14 1 -981272663 0 0.0 1500 7 0 7 2 5 0 5 7 0 7 23 62 0 0
14 1 708751804 0 0.0 1500 7 0 7 0 5 0 5 5 0 5 23 160 0 0
14 1 -2043003459 0 0.0 1500 7 0 7 1 5 0 5 10 0 10 23 48 0 0
14 1 -225159817 0 0.0 1500 7 0 7 1 5 0 5 40 0 40 23 72 0 0
14 1 1777991246 0 0.0 1500 7 0 7 3 5 0 5 19 0 19 23 69 0 0
14 1 -1949614053 0 0.0 1500 7 0 7 0 5 0 5 31 0 31 23 56 0 0
14 1 939667626 0 0.0 1500 7 0 7 1 5 0 5 7 0 7 23 52 0 0
14 1 172373798 0 0.0 1500 7 0 7 0 5 0 5 28 0 28 23 63 0 0
14 1 773688693 0 0.0 1500 7 0 7 0 5 0 5 64 0 64 23 85 0 0
14 1 250598275 0 0.0 1500 7 0 7 1 5 0 5 19 0 19 23 63 0 0
14 1 -2087655167 0 0.0 1500 7 0 7 0 5 0 5 5 0 5 23 443 0 0
14 1 182494895 0 0.0 1500 7 0 7 1 5 0 5 31 0 31 23 1191 0 0
14 1 -333013983 0 0.0 1500 7 0 7 2 5 0 5 41 0 41 23 69 0 0
14 1 82762775 0 0.0 1500 7 0 7 1 5 0 5 78 0 78 23 106 0 0
14 2 270430040 0 0.0 1500 7 0 7 14 5 0 5 10 0 10 24 812 0 0
14 2 -1365431049 0 0.0 1500 7 0 7 169 5 0 5 5 0 5 24 187 0 0
14 2 -156067743 0 0.0 1500 7 0 7 41 5 0 5 5 0 5 24 406 0 0
14 2 -1217169329 0 0.0 1500 6 0 6 0 5 0 5 45 0 45 23 100 0 0
14 2 -1910513173 0 0.0 1500 7 0 7 81 5 0 5 41 0 41 24 258 0 0
14 2 -350246967 0 0.0 1500 7 0 7 30 5 0 5 49 0 49 24 109 0 0
14 2 888071886 0 0.0 1500 7 0 7 115 5 0 5 47 0 47 24 803 0 0
14 2 -585460088 0 0.0 1500 7 0 7 11 5 0 5 32 0 32 24 172 0 0
14 2 -1728419073 0 0.0 1500 7 0 7 165 5 0 5 35 0 35 24 416 0 0
14 2 -441111634 0 0.0 1500 6 0 6 0 5 0 5 9 0 9 23 109 0 0
14 2 2096491390 0 0.0 1500 6 0 6 0 5 0 5 6 0 6 23 83 0 0
14 2 214822747 0 0.0 1500 7 0 7 150 5 0 5 33 0 33 24 450 0 0
14 2 -1589162112 0 0.0 1500 7 0 7 102 5 0 5 28 0 28 24 274 0 0
14 2 890136822 0 0.0 1500 7 0 7 34 5 0 5 17 0 17 24 245 0 0
14 2 -562991398 0 0.0 1500 7 0 7 53 5 0 5 12 0 12 24 182 0 0
14 2 34891135 0 0.0 1500 6 0 6 0 5 0 5 5 0 5 23 116 0 0
14 2 -974052371 0 0.0 1500 6 0 6 0 5 0 5 29 0 29 23 237 0 0
14 2 -1223383796 0 0.0 1500 7 0 7 42 5 0 5 39 0 39 24 512 0 0
14 2 393495169 0 0.0 1500 6 0 6 0 5 0 5 5 0 5 23 203 0 0
14 2 1895281736 0 0.0 1500 7 0 7 64 5 0 5 15 0 15 24 90 0 0
14 3 -1539236687 0 0.0 1500 7 0 7 8 5 0 5 26 0 26 23 320 0 0
14 3 -2006929881 0 0.0 1500 7 0 7 2 5 0 5 9 0 9 23 295 0 0
14 3 346385351 0 0.0 1500 7 0 7 4 5 0 5 54 0 54 23 491 0 0
14 3 -147990708 1 1.0 54 7 0 7 1 5 0 5 54 0 54 12 54 0 0
14 3 -2103831790 1 1.0 251 7 0 7 0 5 0 5 56 0 56 21 207 0 0
14 3 1116653649 0 0.0 1500 7 0 7 1 5 0 5 100 0 100 23 628 0 0
14 3 1205780797 0 0.0 1500 7 0 7 3 5 0 5 179 0 179 23 258 0 0
14 3 -2071060978 0 0.0 1500 7 0 7 3 5 0 5 112 0 112 23 284 0 0
14 3 1586448221 0 0.0 1500 7 0 7 3 5 0 5 88 0 88 23 326 0 0
14 3 1266163921 0 0.0 1500 7 0 7 14 5 0 5 44 0 44 24 471 0 0
14 3 -919633533 1 1.0 121 7 0 7 2 5 0 5 117 0 117 13 117 0 0
14 3 566568146 1 1.0 274 7 0 7 2 5 0 5 102 0 102 21 273 0 0
14 3 467695893 0 0.0 1500 7 0 7 2 5 0 5 118 0 118 24 344 0 0
14 3 2012706177 1 1.0 44 7 0 7 1 5 0 5 44 0 44 12 44 0 0
14 3 -2037173713 1 1.0 62 7 0 7 3 5 0 5 34 0 34 14 57 0 0
14 3 -432770566 0 0.0 1500 7 0 7 3 5 0 5 49 0 49 23 335 0 0
14 3 -1304544476 1 1.0 119 7 0 7 10 5 0 5 119 0 119 17 119 0 0
14 3 -1011095014 0 0.0 1500 7 0 7 2 5 0 5 199 0 199 24 352 0 0
14 3 -1826312472 0 0.0 1500 7 0 7 0 5 0 5 38 0 38 23 390 0 0
14 3 2002467174 0 0.0 1500 7 0 7 7 5 0 5 91 0 91 23 304 0 0
14 4 -1227260619 0 0.0 1500 7 0 7 0 5 0 5 11 0 11 23 66 0 0
14 4 1832298007 0 0.0 1500 7 0 7 0 5 0 5 12 0 12 23 78 0 0
14 4 2113483600 0 0.0 1500 7 0 7 0 5 0 5 7 0 7 23 62 0 0
14 4 -184706106 0 0.0 1500 7 0 7 0 5 0 5 10 0 10 24 69 0 0
14 4 599394331 0 0.0 1500 7 0 7 0 5 0 5 9 0 9 24 65 0 0
14 4 893807059 0 0.0 1500 7 0 7 0 5 0 5 5 0 5 23 58 0 0
14 4 283459594 0 0.0 1500 7 0 7 0 5 0 5 13 0 13 23 57 0 0
14 4 1252978697 0 0.0 1500 7 0 7 0 5 0 5 11 0 11 23 53 0 0
14 4 720470727 0 0.0 1500 7 0 7 0 5 0 5 7 0 7 23 47 0 0
14 4 1106055871 0 0.0 1500 7 0 7 0 5 0 5 13 0 13 23 57 0 0
14 4 -1647946650 0 0.0 1500 7 0 7 0 5 0 5 7 0 7 23 47 0 0
14 4 -112540460 0 0.0 1500 7 0 7 0 5 0 5 7 0 7 23 50 0 0
14 4 -1772357313 0 0.0 1500 7 0 7 0 5 0 5 17 0 17 23 62 0 0
14 4 793792104 0 0.0 1500 7 0 7 0 5 0 5 15 0 15 23 77 0 0
14 4 -988278655 0 0.0 1500 7 0 7 0 5 0 5 8 0 8 23 78 0 0
14 4 25716628 0 0.0 1500 7 0 7 0 5 0 5 9 0 9 23 61 0 0
14 4 -1236702083 0 0.0 1500 7 0 7 0 5 0 5 19 0 19 23 68 0 0
14 4 1503579601 0 0.0 1500 7 0 7 0 5 0 5 17 0 17 23 77 0 0
14 4 460873404 0 0.0 1500 7 0 7 0 5 0 5 5 0 5 23 45 0 0
14 4 1963776049 0 0.0 1500 7 0 7 0 5 0 5 8 0 8 23 68 0 0
