13 0 2140820848 0 -1.0 209 4 1 5 0 0 1 1 0 42 42 0 0 1 42
13 0 -1884057721 0 -1.0 110 4 1 5 0 0 1 1 0 42 42 0 0 1 42
13 0 -780604337 0 -3.0 110 4 1 5 0 1 0 1 27 0 27 5 84 0 0
13 0 -1868591513 0 -1.0 275 4 1 5 0 1 1 2 11 96 96 12 265 1 96
13 0 1495288256 0 -1.0 275 4 1 5 0 1 1 2 40 105 105 5 243 1 105
13 0 337114345 1 2.0 110 4 1 5 0 1 1 2 97 40 97 1 97 2 90
13 0 -967183377 0 -1.0 209 4 1 5 0 1 1 2 22 59 59 4 90 1 59
13 0 -395434004 0 -1.0 209 4 1 5 0 0 1 1 0 18 18 0 0 1 18
13 0 842910229 0 -1.0 209 4 1 5 0 1 1 2 17 79 79 4 47 1 79
13 0 -496161297 1 2.0 161 4 1 5 0 1 1 2 21 99 99 6 141 2 161
13 0 913899482 0 -1.0 209 4 1 5 0 0 1 1 0 55 55 0 0 1 55
13 0 -147330794 0 -3.0 110 4 1 5 0 1 0 1 28 0 28 5 71 0 0
13 0 1411743802 0 -1.0 209 4 1 5 0 1 1 2 95 89 95 4 142 1 89
13 0 2125351481 0 -1.0 209 4 1 5 0 1 1 2 155 23 155 4 187 1 23
13 0 -974901502 0 -1.0 209 4 1 5 0 0 1 1 0 54 54 0 0 1 54
13 0 419941339 0 -1.0 209 4 1 5 0 1 1 2 27 88 88 7 129 1 88
13 0 -902595484 0 -1.0 209 4 1 5 0 0 1 1 0 43 43 0 0 1 43
13 0 495078 0 -3.0 110 4 1 5 0 1 0 1 58 0 58 3 84 0 0
13 0 -1868482305 0 -1.0 275 4 1 5 0 1 1 2 27 69 69 9 216 1 69
13 0 -1732753344 0 -1.0 209 4 1 5 0 1 1 2 134 29 134 9 206 1 29
13 1 -930853265 0 -3.0 110 4 1 5 0 1 0 1 30 0 30 8 96 0 0
13 1 1023648020 0 -1.0 275 4 1 5 0 1 1 2 23 91 91 18 263 1 91
13 1 -1824405122 0 -1.0 209 4 1 5 0 1 1 2 182 55 182 2 194 1 55
13 1 -1691115990 1 2.0 209 4 1 5 0 1 1 2 104 18 104 9 183 2 94
13 1 -1642013592 0 -1.0 275 4 1 5 0 1 1 2 15 93 93 21 272 1 93
13 1 -724140452 1 5.0 208 4 1 5 0 1 1 2 111 23 111 6 206 3 208
13 1 -1169386779 1 5.0 110 4 1 5 0 1 1 2 70 21 70 3 91 3 55
13 1 -1113771632 0 -1.0 209 4 1 5 0 1 1 2 81 16 81 13 184 1 16
13 1 707332225 0 -3.0 110 4 1 5 0 1 0 1 21 0 21 10 98 0 0
13 1 1406642446 1 2.0 209 4 1 5 0 1 1 2 117 22 117 3 134 2 27
13 1 -1717960047 0 -1.0 209 4 1 5 0 0 1 1 0 19 19 0 0 1 19
13 1 -140730387 1 2.0 110 4 1 5 0 0 1 1 0 70 70 0 0 2 77
13 1 -1037294621 1 2.0 209 4 1 5 0 1 1 2 98 53 98 8 164 2 95
13 1 559901573 0 -1.0 209 4 1 5 0 0 1 1 0 55 55 0 0 1 55
13 1 1493063233 0 -1.0 275 4 1 5 0 1 1 2 37 77 77 10 226 1 77
13 1 364640942 0 -3.0 110 4 1 5 0 1 0 1 13 0 13 11 101 0 0
13 1 -2088700291 1 2.0 209 4 1 5 0 0 1 1 0 46 46 0 0 2 86
13 1 1224131168 1 5.0 205 4 1 5 0 1 1 2 15 55 55 6 166 3 205
13 1 1363107129 1 2.0 209 4 1 5 0 1 1 2 94 33 94 10 203 2 45
13 1 -1945490045 1 2.0 110 4 1 5 0 1 1 2 68 29 68 5 101 2 44
13 2 -1543887155 0 -1.0 275 4 1 5 0 1 1 2 180 99 180 3 226 1 99
13 2 1463606921 1 2.0 110 4 1 5 0 0 1 1 0 66 66 0 0 2 93
13 2 704901204 0 -1.0 209 4 1 5 0 0 1 1 0 78 78 0 0 1 78
13 2 248917345 0 -3.0 110 4 1 5 0 0 0 0 0 0 0 0 0 0 0
13 2 -299661406 0 -1.0 209 4 1 5 0 0 1 1 0 39 39 0 0 1 39
13 2 -412983500 0 -1.0 275 4 1 5 0 1 1 2 257 72 257 2 270 1 72
13 2 -1208608731 0 -1.0 209 4 1 5 0 1 1 2 198 44 198 2 205 1 44
13 2 -1498991561 0 -3.0 110 4 1 5 0 0 0 0 0 0 0 0 0 0 0
13 2 865363655 0 -1.0 209 4 1 5 0 1 1 2 121 33 121 2 129 1 33
13 2 -368918072 0 -1.0 110 4 1 5 0 0 1 1 0 78 78 0 0 1 78
13 2 1769535626 0 -1.0 209 4 1 5 0 0 1 1 0 56 56 0 0 1 56
13 2 1964962135 0 -3.0 110 4 1 5 0 1 0 1 84 0 84 1 84 0 0
13 2 986280932 0 -1.0 209 4 1 5 0 0 1 1 0 45 45 0 0 1 45
13 2 1090785368 0 -1.0 209 4 1 5 0 0 1 1 0 17 17 0 0 1 17
13 2 947179915 0 -3.0 110 4 1 5 0 1 0 1 14 0 14 4 57 0 0
13 2 -1085081944 0 -1.0 209 4 1 5 0 0 1 1 0 41 41 0 0 1 41
13 2 -35596087 0 -1.0 209 4 1 5 0 1 1 2 166 44 166 3 201 1 44
13 2 -1877659636 0 -1.0 209 4 1 5 0 0 1 1 0 56 56 0 0 1 56
13 2 1294825238 0 -3.0 110 4 1 5 0 1 0 1 49 0 49 1 49 0 0
13 2 692685929 0 -3.0 110 4 1 5 0 0 0 0 0 0 0 0 0 0 0
13 3 441154135 0 -1.0 132 4 1 5 0 1 1 2 38 99 99 6 117 1 99
13 3 -434619345 0 -1.0 209 4 1 5 0 0 1 1 0 55 55 0 0 1 55
13 3 -1800964689 0 -3.0 110 4 1 5 0 1 0 1 17 0 17 7 102 0 0
13 3 -1952252443 1 2.0 110 4 1 5 0 0 1 1 0 45 45 0 0 2 86
13 3 -2008068605 0 -3.0 110 4 1 5 0 1 0 1 49 0 49 4 83 0 0
13 3 775993638 0 -1.0 209 4 1 5 0 1 1 2 24 101 101 13 201 1 101
13 3 -805499262 0 -1.0 275 4 1 5 0 1 1 2 39 107 107 10 271 1 107
13 3 -1508687556 0 -1.0 209 4 1 5 0 1 1 2 55 88 88 6 193 1 88
13 3 1602342232 0 -1.0 209 4 1 5 0 0 1 1 0 21 21 0 0 1 21
13 3 1495812380 0 -1.0 209 4 1 5 0 0 1 1 0 19 19 0 0 1 19
13 3 -1120705485 0 -1.0 209 4 1 5 0 0 1 1 0 55 55 0 0 1 55
13 3 -719870271 0 -1.0 209 4 1 5 0 1 1 2 195 46 195 1 195 1 46
13 3 -938836179 0 -3.0 110 4 1 5 0 1 0 1 18 0 18 6 79 0 0
13 3 813584998 0 -1.0 132 4 1 5 0 1 1 2 16 99 99 6 115 1 99
13 3 1215318165 1 2.0 139 4 1 5 0 1 1 2 82 62 82 5 133 2 139
13 3 -1010983589 0 -1.0 209 4 1 5 0 1 1 2 182 21 182 1 182 1 21
13 3 -974333013 0 -1.0 209 4 1 5 0 1 1 2 177 44 177 3 198 1 44
13 3 1757702979 1 2.0 110 4 1 5 0 1 1 2 22 88 88 4 78 2 94
13 3 687017913 0 -1.0 209 4 1 5 0 0 1 1 0 52 52 0 0 1 52
13 3 410143720 0 -1.0 209 4 1 5 0 0 1 1 0 14 14 0 0 1 14
13 4 -2116668245 0 -1.0 209 4 1 5 0 0 1 1 0 37 37 0 0 1 37
13 4 1718839120 1 2.0 209 4 1 5 0 0 1 1 0 22 22 0 0 2 107
13 4 2016315643 0 -1.0 209 4 1 5 0 1 1 2 112 68 112 8 200 1 68
13 4 -1121248700 1 2.0 126 4 1 5 0 1 1 2 53 108 108 7 115 1 108
13 4 -828331286 0 -1.0 275 4 1 5 0 1 1 2 24 99 99 18 239 1 99
13 4 -1250970774 0 -1.0 275 4 1 5 0 1 1 2 86 58 86 14 272 1 58
13 4 -2025879873 1 5.0 110 4 1 5 0 1 1 2 59 32 59 3 89 3 51
13 4 625791764 1 2.0 110 4 1 5 0 1 1 2 18 88 88 6 106 2 96
13 4 -1828532097 1 5.0 202 4 1 5 0 1 1 2 121 34 121 8 197 3 202
13 4 241091627 1 2.0 204 4 1 5 0 1 1 2 54 99 99 5 170 2 204
13 4 -1813488556 1 2.0 110 4 1 5 0 1 1 2 39 89 89 6 86 2 92
13 4 1488081617 0 -1.0 209 4 1 5 0 1 1 2 198 33 198 2 202 1 33
13 4 1882385605 0 -3.0 110 4 1 5 0 1 0 1 7 0 7 9 104 0 0
13 4 -1138897024 0 -1.0 110 4 1 5 0 1 1 2 72 65 72 4 98 1 65
13 4 1440289440 0 -3.0 110 4 1 5 0 0 0 0 0 0 0 0 0 0 0
13 4 -490360803 0 -1.0 132 4 1 5 0 1 1 2 61 99 99 5 121 1 99
13 4 1322555873 0 -1.0 209 4 1 5 0 0 1 1 0 22 22 0 0 1 22
13 4 174676906 1 2.0 209 4 1 5 0 1 1 2 107 13 107 8 207 2 30
13 4 557781096 0 -1.0 209 4 1 5 0 0 1 1 0 52 52 0 0 1 52
13 4 1336606352 0 -1.0 209 4 1 5 0 1 1 2 173 38 173 5 207 1 38
