7 0 -472144977 0 7.0 1500 8 1 9 183 5 3 8 1315 189 1315 193 1491 422 1497
7 0 430678511 0 10.0 1500 8 1 9 81 5 3 8 1190 1289 1289 188 1493 380 1500
7 0 1246035125 0 14.0 1500 7 1 8 195 4 3 7 240 195 240 199 1442 424 1482
7 0 -1216572194 0 19.0 1500 8 1 9 275 5 3 8 274 275 275 213 1495 444 1496
7 0 -1520489370 0 6.0 1287 8 1 9 126 6 3 9 1287 126 1287 173 1287 388 1272
7 0 -1784166682 0 18.0 1500 8 1 9 622 5 3 8 625 96 625 198 1492 423 1495
7 0 -924359335 0 13.0 1500 8 1 9 116 4 3 7 114 116 116 183 1489 401 1499
7 0 -319733288 0 16.0 1500 8 1 9 206 5 3 8 1171 400 1171 224 1489 437 1496
7 0 -979875328 0 13.0 1500 8 1 9 55 5 3 8 667 70 667 170 1399 399 1487
7 0 1132137295 0 13.0 1500 7 1 8 241 4 3 7 241 242 242 179 1388 391 1471
7 0 -641028304 0 13.0 1500 8 1 9 126 4 3 7 529 531 531 176 1455 390 1483
7 0 -24473277 0 18.0 1500 8 1 9 40 5 3 8 43 45 45 243 1428 463 1460
7 0 336295519 0 14.0 1500 8 1 9 154 5 3 8 395 154 395 221 1487 470 1496
7 0 1172467586 0 12.0 1500 8 1 9 117 4 3 7 177 119 177 212 1487 450 1496
7 0 935173944 0 17.0 1500 8 1 9 113 4 3 7 118 120 120 178 1415 375 1493
7 0 -396212153 0 10.0 1500 8 1 9 470 4 3 7 739 472 739 207 1434 456 1496
7 0 2000969258 0 14.0 1500 7 1 8 219 4 3 7 234 236 236 205 1495 430 1496
7 0 340604741 0 17.0 1500 7 1 8 447 4 3 7 450 453 453 240 1469 491 1497
7 0 915160583 0 15.0 1500 8 1 9 66 5 3 8 1424 71 1424 210 1424 440 1493
7 0 1928290703 0 15.0 1500 8 1 9 449 5 3 8 455 457 457 258 1494 484 1496
7 1 858131609 0 10.0 915 8 1 9 166 6 3 9 915 187 915 103 915 267 893
7 1 1187714734 0 13.0 1499 8 1 9 94 6 3 9 1499 268 1499 140 1499 363 1495
7 1 -1962514079 0 14.0 1496 8 1 9 120 5 3 8 1496 141 1496 114 1496 346 1491
7 1 -415294179 0 11.0 1232 8 1 9 242 6 3 9 1232 309 1232 99 1232 330 1221
7 1 1107762391 0 22.0 1500 8 1 9 154 5 3 8 340 244 340 114 1496 369 1498
7 1 -2099051657 0 16.0 1500 8 1 9 188 4 3 7 720 331 720 110 1481 366 1498
7 1 1736530283 0 13.0 1500 8 1 9 44 5 3 8 51 386 386 127 1376 374 1472
7 1 -1783603117 0 18.0 1500 8 1 9 124 5 3 8 126 452 452 137 1497 387 1499
7 1 2030716276 0 30.0 1500 8 1 9 140 5 3 8 142 143 143 142 1490 387 1499
7 1 1410641673 0 28.0 1500 8 1 9 139 4 3 7 550 619 619 122 1496 400 1498
7 1 1122115371 0 12.0 1500 8 1 9 124 4 3 7 912 127 912 127 1470 404 1498
7 1 -2090560500 0 3.0 222 7 1 8 0 5 2 7 222 8 222 23 222 57 211
7 1 -2103767479 0 8.0 882 8 1 9 61 6 3 9 882 228 882 88 882 228 871
7 1 -442942761 0 14.0 1500 8 1 9 86 5 3 8 87 108 108 127 1498 391 1499
7 1 -1506041406 0 8.0 355 8 1 9 302 5 3 8 355 353 355 46 355 98 354
7 1 -1472159595 0 18.0 1500 8 1 9 111 3 3 6 113 129 129 113 1440 364 1464
7 1 1534369613 0 17.0 1500 8 1 9 98 5 3 8 189 334 334 118 1496 386 1498
7 1 -629304446 0 11.0 1495 8 1 9 126 5 3 8 1495 293 1495 131 1495 431 1488
7 1 -985493407 0 17.0 1500 8 1 9 173 5 3 8 229 242 242 133 1499 372 1497
7 1 24056212 0 13.0 1500 8 1 9 260 5 3 8 348 330 348 161 1496 405 1498
7 2 1493920968 0 7.0 1500 6 1 7 1 3 2 5 16 5 16 143 1489 247 1485
7 2 1384952827 0 2.0 1500 6 1 7 1 3 2 5 768 4 768 105 1448 227 1450
7 2 -1004707346 0 6.0 197 7 1 8 195 4 3 7 197 195 197 27 197 59 196
7 2 -499106974 0 0.0 675 6 1 7 1 4 2 6 675 4 675 155 675 208 643
7 2 586216027 0 5.0 211 6 1 7 1 4 2 6 211 4 211 42 211 66 210
7 2 -207715436 0 11.0 1491 7 1 8 785 5 3 8 1491 785 1491 154 1491 299 1490
7 2 -2085982633 0 6.0 1500 7 1 8 620 4 3 7 636 620 636 148 1456 308 1486
7 2 -1587289940 0 5.0 226 8 1 9 224 4 3 7 226 224 226 30 226 52 225
7 2 -1154227536 0 3.0 1500 6 1 7 1 3 2 5 558 5 558 92 1453 184 1455
7 2 1030522011 0 -1.0 319 6 1 7 1 3 2 5 319 4 319 58 319 78 282
7 2 -1221655567 0 4.0 1500 7 1 8 812 4 3 7 893 812 893 186 1418 299 1454
7 2 465982712 0 0.0 1007 6 1 7 1 4 2 6 1007 4 1007 104 1007 185 982
7 2 1899179765 0 5.0 939 8 1 9 555 5 3 8 939 555 939 100 939 154 925
7 2 1463844566 0 11.0 1500 6 1 7 1 3 2 5 13 6 13 172 1380 269 1484
7 2 438562686 0 6.0 960 6 1 7 1 4 2 6 960 4 960 57 960 158 889
7 2 225349985 0 2.0 775 6 1 7 1 4 2 6 775 6 775 126 775 181 755
7 2 276130766 0 1.0 283 6 1 7 1 4 2 6 283 4 283 110 283 111 254
7 2 1718222247 0 -1.0 175 6 1 7 1 3 2 5 175 4 175 77 175 78 174
7 2 1877048201 0 10.0 881 7 1 8 879 4 3 7 881 879 881 74 881 142 880
7 2 -1891040685 0 11.0 1500 8 1 9 448 4 3 7 628 448 628 112 1461 314 1487
7 3 2038036379 0 4.0 643 8 1 9 451 6 3 9 643 462 643 42 643 118 642
7 3 958458127 0 10.0 1247 8 1 9 317 6 3 9 1247 321 1247 81 1247 251 1241
7 3 -588205490 0 14.0 1500 8 1 9 184 4 3 7 187 200 200 99 1492 299 1491
7 3 -464035520 0 6.0 83 8 1 9 66 6 2 8 83 8 83 14 83 19 79
7 3 1920701789 0 8.0 715 8 1 9 236 6 3 9 715 264 715 46 715 136 713
7 3 270797042 0 10.0 491 8 1 9 259 3 3 6 491 266 491 33 491 107 487
7 3 -466221412 0 3.0 410 8 1 9 298 6 3 9 410 409 410 38 410 75 409
7 3 1682285722 0 11.0 1500 8 1 9 340 5 3 8 347 351 351 94 1494 307 1496
7 3 -879807671 0 13.0 1215 8 1 9 175 5 3 8 1215 177 1215 78 1215 244 1214
7 3 1146496969 0 0.0 71 7 1 8 18 5 2 7 71 9 71 9 71 11 64
7 3 6139113 0 19.0 1500 8 1 9 433 4 3 7 436 437 437 85 1473 321 1494
7 3 -1351612784 0 11.0 1500 8 1 9 153 5 3 8 156 439 439 73 1475 248 1493
7 3 313182037 0 4.0 164 8 1 9 149 6 3 9 164 163 164 17 164 40 163
7 3 1756618865 0 5.0 1127 8 1 9 177 6 3 9 1127 243 1127 61 1127 196 1111
7 3 1318687926 0 5.0 400 8 1 9 380 5 3 8 400 398 400 24 400 71 398
7 3 781775027 0 2.0 387 8 1 9 203 6 3 9 387 314 387 27 387 67 384
7 3 -930171651 0 6.0 228 8 1 9 209 5 3 8 228 226 228 21 228 54 227
7 3 -1225757887 0 20.0 1106 8 1 9 641 6 3 9 1106 661 1106 92 1106 202 1104
7 3 1741117379 0 3.0 1199 8 1 9 238 6 3 9 1199 330 1199 75 1199 244 1197
7 3 -143606326 0 5.0 583 8 1 9 65 6 3 9 583 161 583 53 583 124 575
7 4 1561989810 0 14.0 1500 8 1 9 194 5 3 8 241 244 244 99 1499 291 1500
7 4 465472591 0 4.0 345 7 1 8 0 5 2 7 345 5 345 32 345 62 338
7 4 584924183 0 5.0 635 8 1 9 132 6 3 9 635 136 635 43 635 128 622
7 4 -1455560110 0 14.0 1500 8 1 9 223 5 3 8 332 333 333 100 1499 272 1500
7 4 20582159 0 16.0 848 8 1 9 56 6 3 9 848 63 848 66 848 160 823
7 4 499741764 0 19.0 1499 8 1 9 132 6 3 9 1499 145 1499 100 1499 286 1452
7 4 -303456588 0 9.0 1499 8 1 9 166 6 3 9 1499 190 1499 94 1499 271 1496
7 4 2060181236 0 13.0 1500 8 1 9 264 4 3 7 272 273 273 73 1498 302 1499
7 4 -361758062 0 13.0 1494 8 1 9 143 6 3 9 1494 212 1494 107 1494 303 1477
7 4 856942339 0 17.0 1500 8 1 9 358 5 3 8 410 414 414 92 1490 297 1495
7 4 -842323380 0 22.0 1500 8 1 9 338 5 3 8 372 373 373 120 1497 287 1499
7 4 -258218780 0 13.0 1500 8 1 9 169 4 3 7 173 268 268 86 1483 276 1497
7 4 379452362 0 13.0 1500 8 1 9 205 5 3 8 586 206 586 76 1498 274 1500
7 4 -171013684 0 8.0 584 8 1 9 87 6 3 9 584 582 584 37 584 100 583
7 4 -723462582 0 11.0 1500 8 1 9 113 5 3 8 151 117 151 82 1498 255 1499
7 4 8252666 0 14.0 1500 8 1 9 282 5 3 8 291 292 292 96 1490 300 1498
7 4 917613987 0 12.0 1500 8 1 9 185 3 3 6 186 285 285 82 1491 306 1498
7 4 1976036033 0 14.0 1500 8 1 9 368 5 3 8 910 433 910 100 1486 296 1499
7 4 1849863339 0 15.0 1500 8 1 9 261 5 3 8 271 280 280 87 1499 301 1497
7 4 -1140912840 0 7.0 1499 8 1 9 172 5 3 8 1499 468 1499 67 1499 242 1498
