0 0 2034852028 1 73.0 679 3 1 4 1 0 2 2 0 74 74 0 0 47 679
0 0 -680887899 1 69.0 623 3 1 4 0 0 2 2 0 65 65 0 0 44 623
0 0 -1352996215 1 67.0 637 3 1 4 0 0 2 2 0 116 116 0 0 44 637
0 0 524998817 0 70.0 951 3 1 4 1 1 2 3 951 67 951 1 951 50 844
0 0 -1847035236 0 74.0 999 3 1 4 4 1 2 3 999 41 999 1 999 51 862
0 0 1172431255 0 72.0 935 3 1 4 0 1 2 3 935 98 935 1 935 50 673
0 0 152490994 0 64.0 1095 3 1 4 1 1 2 3 1095 117 1095 1 1095 40 687
0 0 396978494 0 76.0 919 3 1 4 0 1 2 3 919 68 919 1 919 52 623
0 0 -1422992810 0 72.0 999 3 1 4 1 1 2 3 999 35 999 1 999 53 649
0 0 -1991248823 0 59.0 1079 3 1 4 0 1 2 3 1079 142 1079 1 1079 38 756
0 0 411998218 1 58.0 802 3 1 4 0 0 2 2 0 127 127 0 0 33 802
0 0 -2105550776 0 78.0 1014 3 1 4 0 1 2 3 1014 144 1014 1 1014 59 842
0 0 -593833171 0 73.0 934 3 1 4 0 1 2 3 934 48 934 1 934 51 660
0 0 2107858505 0 66.0 839 3 1 4 2 1 2 3 839 164 839 1 839 41 426
0 0 -1029116550 1 68.0 822 3 1 4 2 0 2 2 0 98 98 0 0 42 822
0 0 -251002516 1 76.0 825 3 1 4 0 0 2 2 0 112 112 0 0 54 825
0 0 1231769145 0 71.0 998 3 1 4 0 1 2 3 998 117 998 1 998 52 743
0 0 2076629335 0 69.0 1095 3 1 4 0 1 2 3 1095 51 1095 1 1095 47 943
0 0 -1479562899 0 65.0 1063 3 1 4 0 1 2 3 1063 92 1063 1 1063 44 584
0 0 1265829602 1 61.0 665 3 1 4 1 0 2 2 0 125 125 0 0 38 665
0 1 913930573 0 74.0 895 3 1 4 0 1 2 3 895 102 895 1 895 54 506
0 1 2082065529 0 74.0 1087 3 1 4 1 1 2 3 1087 120 1087 1 1087 55 515
0 1 592330579 0 76.0 1052 3 1 4 2 1 2 3 1052 113 1052 1 1052 53 468
0 1 -1892132903 0 80.0 1080 3 1 4 0 1 2 3 1080 73 1080 1 1080 59 735
0 1 554862690 0 77.0 1024 3 1 4 0 1 2 3 1024 120 1024 1 1024 54 499
0 1 -960906957 0 75.0 998 3 1 4 5 1 2 3 998 79 998 1 998 55 524
0 1 767012697 0 81.0 1002 3 1 4 1 1 2 3 1002 70 1002 1 1002 60 456
0 1 1551986949 0 73.0 1041 3 1 4 3 1 2 3 1041 113 1041 1 1041 54 478
0 1 -250020150 0 78.0 1057 3 1 4 0 1 2 3 1057 122 1057 1 1057 57 396
0 1 -502858964 0 82.0 1072 3 1 4 0 1 2 3 1072 110 1072 1 1072 64 493
0 1 -1791049003 1 80.0 984 3 1 4 1 0 2 2 0 72 72 0 0 59 984
0 1 -1009479406 1 72.0 721 3 1 4 0 0 2 2 0 72 72 0 0 50 721
0 1 -1807141421 0 80.0 1071 3 1 4 0 1 2 3 1071 145 1071 1 1071 62 598
0 1 -766485640 0 81.0 1089 3 1 4 2 1 2 3 1089 181 1089 1 1089 63 457
0 1 -752366496 0 74.0 971 3 1 4 3 1 2 3 971 126 971 1 971 53 625
0 1 -693096723 0 77.0 1054 3 1 4 0 1 2 3 1054 100 1054 1 1054 56 581
0 1 465212630 0 80.0 1088 3 1 4 0 1 2 3 1088 88 1088 1 1088 57 501
0 1 185880364 1 84.0 733 3 1 4 0 0 2 2 0 198 198 0 0 63 733
0 1 1092305270 0 68.0 1067 3 1 4 6 1 2 3 1067 134 1067 1 1067 47 419
0 1 -260123593 1 79.0 1089 3 1 4 1 0 2 2 0 136 136 0 0 58 1089
0 2 -278365047 0 57.0 807 3 1 4 29 1 2 3 807 41 807 1 807 32 797
0 2 1407907639 1 67.0 789 3 1 4 44 0 2 2 0 35 35 0 0 42 789
0 2 1493158353 0 71.0 1015 3 1 4 30 1 2 3 1015 54 1015 1 1015 52 726
0 2 -1482445761 1 67.0 645 3 1 4 35 0 2 2 0 138 138 0 0 45 645
0 2 1544945271 0 56.0 839 3 1 4 120 1 2 3 839 124 839 1 839 35 793
0 2 -77412188 0 57.0 855 3 1 4 10 1 2 3 855 117 855 1 855 39 743
0 2 -1301091729 0 54.0 1031 3 1 4 12 1 2 3 1031 64 1031 1 1031 32 875
0 2 -258316980 0 66.0 951 3 1 4 93 1 2 3 951 42 951 1 951 45 951
0 2 -34978457 0 63.0 855 3 1 4 54 1 2 3 855 82 855 1 855 44 779
0 2 1821501789 1 65.0 630 3 1 4 48 0 2 2 0 66 66 0 0 40 630
0 2 1830921846 1 61.0 880 3 1 4 21 0 2 2 0 91 91 0 0 34 880
0 2 -720743127 1 58.0 612 3 1 4 37 0 2 2 0 91 91 0 0 33 612
0 2 1513054940 0 62.0 839 3 1 4 48 1 2 3 839 98 839 1 839 39 697
0 2 413292200 1 69.0 815 3 1 4 20 0 2 2 0 94 94 0 0 46 815
0 2 -430365322 1 63.0 783 3 1 4 42 0 2 2 0 161 161 0 0 41 783
0 2 97798157 1 65.0 704 3 1 4 9 0 2 2 0 54 54 0 0 43 704
0 2 -885256456 1 69.0 713 3 1 4 35 0 2 2 0 85 85 0 0 45 713
0 2 1502806679 1 59.0 712 3 1 4 13 0 2 2 0 54 54 0 0 35 712
0 2 1090662627 0 66.0 823 3 1 4 50 1 2 3 823 210 823 1 823 46 810
0 2 833255920 1 66.0 621 3 1 4 19 0 2 2 0 191 191 0 0 42 609
0 3 -201722345 0 51.0 363 3 1 4 3 1 2 3 363 93 363 1 363 39 323
0 3 -1065753865 1 73.0 740 3 1 4 1 0 2 2 0 99 99 0 0 51 740
0 3 996126724 0 64.0 736 3 1 4 0 1 2 3 736 102 736 1 736 45 608
0 3 -309575047 1 67.0 837 3 1 4 0 0 2 2 0 80 80 0 0 41 837
0 3 1189944631 0 62.0 689 3 1 4 2 1 2 3 689 90 689 1 689 44 617
0 3 -1667789462 1 63.0 636 3 1 4 0 0 2 2 0 135 135 0 0 38 636
0 3 -1614437746 1 69.0 912 3 1 4 0 0 2 2 0 61 61 0 0 46 912
0 3 -1582900935 1 60.0 800 3 1 4 0 0 2 2 0 113 113 0 0 37 800
0 3 2113364421 0 56.0 486 3 1 4 5 1 2 3 486 58 486 1 486 38 449
0 3 -1709155074 0 63.0 912 3 1 4 1 1 2 3 912 115 912 1 912 41 733
0 3 1911432866 1 61.0 754 3 1 4 0 0 2 2 0 121 121 0 0 36 754
0 3 -860649605 0 59.0 730 3 1 4 2 1 2 3 730 63 730 1 730 42 611
0 3 -161006585 0 13.0 107 3 1 4 0 1 2 3 107 89 107 1 107 13 96
0 3 -686015995 0 61.0 667 3 1 4 0 1 2 3 667 82 667 1 667 40 622
0 3 1713827227 0 68.0 858 3 1 4 0 1 2 3 858 70 858 1 858 47 741
0 3 -1383509675 0 25.0 219 3 1 4 3 1 2 3 219 38 219 1 219 20 205
0 3 -714889376 0 62.0 942 3 1 4 3 1 2 3 942 56 942 1 942 38 881
0 3 1069565729 0 30.0 260 3 1 4 1 1 2 3 260 134 260 1 260 24 252
0 3 -97995290 0 64.0 1038 3 1 4 0 1 2 3 1038 41 1038 1 1038 41 784
0 3 -931168415 0 19.0 191 3 1 4 0 1 2 3 191 90 191 1 191 16 155
0 4 -1391219180 0 74.0 1087 3 1 4 0 1 2 3 1087 117 1087 1 1087 53 501
0 4 877611500 0 78.0 1086 3 1 4 0 1 2 3 1086 142 1086 1 1086 59 511
0 4 -1871930128 1 80.0 1092 3 1 4 0 0 2 2 0 162 162 0 0 60 1092
0 4 -511456334 0 73.0 1007 3 1 4 0 1 2 3 1007 118 1007 1 1007 55 606
0 4 183818078 0 76.0 911 3 1 4 0 1 2 3 911 109 911 1 911 53 509
0 4 989412198 0 76.0 1071 3 1 4 0 1 2 3 1071 80 1071 1 1071 58 871
0 4 1087245414 0 75.0 1022 3 1 4 0 1 2 3 1022 85 1022 1 1022 55 884
0 4 -758421629 0 68.0 1041 3 1 4 0 1 2 3 1041 101 1041 1 1041 48 524
0 4 852672325 0 75.0 1088 3 1 4 0 1 2 3 1088 138 1088 1 1088 57 507
0 4 -1841023169 0 73.0 1089 3 1 4 0 1 2 3 1089 71 1089 1 1089 53 501
0 4 1828785264 0 76.0 1038 3 1 4 0 1 2 3 1038 145 1038 1 1038 58 554
0 4 -1224339388 1 79.0 1009 3 1 4 0 0 2 2 0 113 113 0 0 57 1009
0 4 -356855623 0 78.0 1088 3 1 4 0 1 2 3 1088 76 1088 1 1088 59 518
0 4 1807967755 0 75.0 1086 3 1 4 0 1 2 3 1086 81 1086 1 1086 55 488
0 4 -513995818 0 76.0 1086 3 1 4 0 1 2 3 1086 177 1086 1 1086 57 462
0 4 -954253853 0 77.0 1025 3 1 4 0 1 2 3 1025 159 1025 1 1025 58 521
0 4 -17684712 0 73.0 1086 3 1 4 0 1 2 3 1086 74 1086 1 1086 54 464
0 4 -1790042227 0 77.0 1071 3 1 4 0 1 2 3 1071 122 1071 1 1071 57 489
0 4 1131483470 1 78.0 1057 3 1 4 0 0 2 2 0 152 152 0 0 57 1057
0 4 943790218 0 77.0 1086 3 1 4 0 1 2 3 1086 70 1086 1 1086 58 611
