15 0 -394565253 0 -1.0 375 5 1 6 205 1 2 3 13 69 69 15 350 33 375
15 0 740475443 1 30.0 650 5 1 6 229 1 2 3 8 191 191 17 557 61 609
15 0 2015121381 0 19.0 500 5 1 6 309 1 2 3 23 139 139 14 492 38 486
15 0 1180269808 0 17.0 614 5 1 6 213 2 2 4 354 230 354 16 542 49 603
15 0 -1857468205 0 -11.0 337 5 1 6 206 1 2 3 13 171 171 18 337 27 307
15 0 -1437164459 0 5.0 346 5 1 6 229 1 2 3 25 203 203 13 338 32 339
15 0 -1656990048 0 9.0 434 5 1 6 204 1 2 3 5 162 162 15 423 42 434
15 0 -688422981 0 21.0 743 5 1 6 233 2 2 4 327 98 327 15 697 66 722
15 0 -2874427 0 9.0 306 5 1 6 213 1 2 3 15 174 174 15 245 37 303
15 0 -1305961449 0 -3.0 504 5 1 6 196 2 2 4 312 134 312 27 480 51 487
15 0 -651705468 0 21.0 636 5 1 6 230 1 2 3 5 23 23 15 601 55 630
15 0 1005816534 0 21.0 627 5 1 6 212 1 2 3 8 156 156 21 553 56 578
15 0 880318933 0 15.0 485 5 1 6 254 1 2 3 63 139 139 11 308 45 466
15 0 997242899 1 30.0 716 5 1 6 483 1 2 3 105 137 137 16 707 55 709
15 0 1594281333 0 -7.0 312 5 1 6 199 1 2 3 11 29 29 14 266 27 268
15 0 426987193 1 30.0 761 5 1 6 202 1 2 3 9 45 45 18 726 64 758
15 0 456155423 0 9.0 315 5 1 6 206 1 2 3 8 134 134 9 279 29 301
15 0 464933624 0 13.0 618 5 1 6 234 2 2 4 473 179 473 21 581 49 583
15 0 416037737 1 27.0 650 5 1 6 198 2 2 4 445 81 445 17 561 43 650
15 0 234869459 0 17.0 686 5 1 6 233 2 2 4 452 133 452 16 593 53 682
15 1 -332646531 0 1.0 310 5 1 6 199 1 2 3 15 106 106 19 288 31 300
15 1 1779552897 0 9.0 466 5 1 6 215 1 2 3 14 42 42 27 421 46 425
15 1 907296556 1 30.0 591 5 1 6 225 1 2 3 72 193 193 17 545 52 591
15 1 -1324272797 0 23.0 661 5 1 6 236 2 2 4 400 28 400 19 558 52 644
15 1 -151434744 0 23.0 550 5 1 6 191 1 2 3 16 120 120 24 461 49 463
15 1 1030158390 1 30.0 647 5 1 6 215 1 2 3 32 65 65 20 645 58 644
15 1 1340110186 0 11.0 362 5 1 6 240 1 2 3 49 105 105 9 359 48 361
15 1 -2104861663 0 7.0 390 5 1 6 223 1 2 3 20 103 103 15 389 36 383
15 1 971571958 0 3.0 350 5 1 6 191 1 2 3 28 101 101 20 343 38 344
15 1 1461779271 0 21.0 433 5 1 6 237 1 2 3 73 139 139 10 249 46 423
15 1 -948062215 0 19.0 576 5 1 6 240 1 2 3 11 153 153 15 534 55 531
15 1 1412846940 0 -3.0 297 5 1 6 228 1 2 3 31 110 110 18 278 32 293
15 1 1827693582 0 25.0 873 5 1 6 280 1 2 3 9 58 58 45 837 77 863
15 1 2103456627 0 17.0 603 5 1 6 191 2 2 4 200 81 200 22 488 55 600
15 1 -669969983 1 29.0 526 5 1 6 199 2 2 4 245 143 245 26 483 64 522
15 1 -1136554512 0 11.0 330 5 1 6 217 1 2 3 16 111 111 18 302 35 327
15 1 -1501025008 0 1.0 296 5 1 6 207 1 2 3 14 159 159 16 291 34 295
15 1 -339827290 0 7.0 387 5 1 6 202 1 2 3 34 95 95 21 380 46 382
15 1 -1680333792 0 27.0 670 5 1 6 255 1 2 3 16 50 50 25 648 66 650
15 1 1034984366 0 21.0 514 5 1 6 199 1 2 3 36 158 158 14 219 54 491
15 2 856889180 0 9.0 382 5 1 6 216 1 2 3 19 151 151 3 378 34 380
15 2 -803456193 0 11.0 422 5 1 6 256 1 2 3 278 78 278 3 336 36 375
15 2 -229666553 0 23.0 548 5 1 6 289 1 2 3 50 25 50 6 536 47 537
15 2 -1991858104 0 5.0 299 5 1 6 240 1 2 3 11 96 96 7 130 28 279
15 2 -781888234 0 1.0 404 5 1 6 240 2 2 4 293 215 293 6 325 29 399
15 2 -1590745379 0 1.0 428 5 1 6 216 2 2 4 219 44 219 5 222 34 424
15 2 1166082027 0 7.0 344 5 1 6 255 1 2 3 13 206 206 3 60 26 306
15 2 92669755 0 17.0 475 5 1 6 240 2 2 4 275 163 275 6 280 39 454
15 2 -1667646692 0 21.0 454 5 1 6 213 1 2 3 104 88 104 2 119 39 425
15 2 -1984857358 0 25.0 947 5 1 6 360 1 2 3 138 16 138 5 811 58 907
15 2 -1023835967 0 -7.0 312 5 1 6 236 1 2 3 67 214 214 5 184 27 312
15 2 -956218799 1 26.0 783 5 1 6 232 2 2 4 397 20 397 13 687 47 783
15 2 -1297485660 0 17.0 512 5 1 6 200 2 2 4 344 152 344 8 489 47 490
15 2 -1630583709 0 -5.0 303 5 1 6 200 1 2 3 32 84 84 4 259 22 300
15 2 1506627743 0 13.0 441 5 1 6 206 1 2 3 4 24 24 5 432 42 439
15 2 -1488754910 0 7.0 460 5 1 6 282 1 2 3 59 222 222 8 436 39 448
15 2 -1996578841 1 14.0 665 5 1 6 200 2 2 4 202 219 219 12 500 45 655
15 2 76297179 1 26.0 641 5 1 6 232 2 2 4 505 48 505 8 537 46 572
15 2 1869685813 1 30.0 701 5 1 6 352 1 2 3 366 67 366 2 413 53 701
15 2 324393967 0 17.0 392 5 1 6 288 1 2 3 258 63 258 2 295 35 390
15 3 1352695205 0 11.0 452 5 1 6 199 1 2 3 8 163 163 18 443 39 449
15 3 -324859188 0 5.0 431 5 1 6 207 1 2 3 72 26 72 11 396 41 397
15 3 -1254535187 1 18.0 634 5 1 6 279 2 2 4 497 88 497 20 613 46 620
15 3 -499203035 0 11.0 504 5 1 6 207 2 2 4 363 179 363 14 456 42 487
15 3 934960731 0 7.0 452 5 1 6 279 1 2 3 9 153 153 14 440 36 451
15 3 80909179 1 22.0 786 5 1 6 239 2 2 4 472 85 472 19 785 60 785
15 3 1827201430 0 13.0 492 5 1 6 221 1 2 3 127 72 127 11 471 47 489
15 3 1631807877 0 5.0 423 5 1 6 223 1 2 3 9 114 114 14 363 35 410
15 3 -778285246 0 13.0 417 5 1 6 223 2 2 4 240 120 240 9 321 37 413
15 3 146083739 1 26.0 767 5 1 6 207 2 2 4 326 115 326 16 496 59 732
15 3 -1106869862 0 13.0 582 5 1 6 207 1 2 3 17 122 122 18 528 53 539
15 3 -544200395 0 11.0 512 5 1 6 303 1 2 3 17 203 203 17 346 45 503
15 3 932887716 0 15.0 411 5 1 6 220 1 2 3 198 98 198 7 407 43 409
15 3 2112094241 0 19.0 573 5 1 6 223 1 2 3 23 84 84 16 434 52 568
15 3 -1856122126 0 7.0 554 5 1 6 191 1 2 3 30 88 88 13 370 42 432
15 3 -241696355 0 7.0 422 5 1 6 223 1 2 3 26 129 129 13 407 36 416
15 3 -1610905864 1 26.0 670 5 1 6 239 2 2 4 463 166 463 18 463 53 645
15 3 1071413730 0 23.0 554 5 1 6 218 1 2 3 16 130 130 7 553 56 548
15 3 504114983 0 25.0 556 5 1 6 271 1 2 3 43 116 116 16 553 52 549
15 3 91196192 0 3.0 396 5 1 6 231 1 2 3 20 63 63 12 384 31 390
15 4 792475197 0 23.0 454 5 1 6 207 1 2 3 4 192 192 12 452 54 454
15 4 -531012594 0 5.0 392 5 1 6 223 1 2 3 14 17 17 19 271 37 327
15 4 -555141561 0 3.0 386 5 1 6 199 1 2 3 203 77 203 10 376 44 384
15 4 643580579 0 15.0 438 5 1 6 199 1 2 3 47 183 183 15 424 47 436
15 4 926663013 1 26.0 724 5 1 6 217 2 2 4 494 99 494 18 722 65 720
15 4 -1115732405 0 3.0 504 5 1 6 295 1 2 3 46 72 72 15 407 41 406
15 4 651236358 0 11.0 411 5 1 6 239 1 2 3 10 82 82 9 352 46 394
15 4 -1807111521 0 -9.0 336 5 1 6 202 1 2 3 35 14 35 12 225 25 313
15 4 -1159585851 0 -11.0 266 5 1 6 191 1 2 3 8 28 28 16 265 25 264
15 4 1011500026 1 26.0 728 5 1 6 239 2 2 4 422 139 422 12 422 57 728
15 4 -1695444041 0 19.0 506 5 1 6 223 1 2 3 65 96 96 12 501 51 504
15 4 -800293631 1 33.0 764 5 1 6 245 2 2 4 448 42 448 28 754 55 758
15 4 1972958624 1 24.0 601 5 1 6 231 2 2 4 424 201 424 24 597 46 598
15 4 1388464451 1 12.0 694 5 1 6 191 2 2 4 287 142 287 17 470 53 694
15 4 -80199753 0 -5.0 248 5 1 6 191 1 2 3 7 169 169 16 247 28 241
15 4 17690391 1 23.0 501 5 1 6 191 2 2 4 330 164 330 19 498 51 487
15 4 1097217101 0 -7.0 352 5 1 6 199 1 2 3 6 203 203 19 345 32 348
15 4 -61832661 1 29.0 793 5 1 6 231 2 2 4 455 78 455 23 786 68 768
15 4 -1509314228 1 23.0 731 5 1 6 231 2 2 4 262 18 262 18 730 56 720
15 4 -1644732005 0 15.0 492 5 1 6 215 1 2 3 60 93 93 15 489 42 490
