4 0 513193675 0 3.0 645 4 0 4 555 3 0 3 645 0 645 80 645 0 0
4 0 -1460369987 0 1.0 690 4 0 4 254 3 0 3 690 0 690 89 690 0 0
4 0 826644485 0 5.0 1500 4 0 4 391 2 0 2 392 0 392 110 954 0 0
4 0 844825129 0 1.0 562 4 0 4 240 3 0 3 562 0 562 89 562 0 0
4 0 822729098 0 0.0 707 4 0 4 224 3 0 3 707 0 707 97 707 0 0
4 0 1115221443 0 0.0 1318 4 0 4 249 3 0 3 1318 0 1318 85 1318 0 0
4 0 -1295570636 0 0.0 1256 4 0 4 179 3 0 3 1256 0 1256 80 1256 0 0
4 0 636086976 0 1.0 1420 4 0 4 203 3 0 3 1420 0 1420 107 1420 0 0
4 0 -1016979253 0 1.0 523 4 0 4 235 3 0 3 523 0 523 85 523 0 0
4 0 -1460880654 0 2.0 1395 4 0 4 303 3 0 3 1395 0 1395 93 1395 0 0
4 0 -1310974755 1 5.0 951 4 0 4 132 2 0 2 136 0 136 101 929 0 0
4 0 -963305495 0 0.0 369 4 0 4 263 3 0 3 369 0 369 75 369 0 0
4 0 1051022357 0 1.0 661 4 0 4 397 3 0 3 661 0 661 86 661 0 0
4 0 1239352056 0 4.0 1500 4 0 4 599 2 0 2 604 0 604 109 624 0 0
4 0 1745118926 0 1.0 872 4 0 4 156 3 0 3 872 0 872 86 872 0 0
4 0 -1876991682 0 2.0 344 4 0 4 227 3 0 3 344 0 344 61 344 0 0
4 0 79928549 0 2.0 1092 4 0 4 141 3 0 3 1092 0 1092 90 1092 0 0
4 0 -472033009 0 4.0 1009 4 0 4 426 3 0 3 1009 0 1009 110 1009 0 0
4 0 -693632059 0 0.0 939 4 0 4 727 3 0 3 939 0 939 89 939 0 0
4 0 -198626799 0 1.0 296 4 0 4 70 3 0 3 296 0 296 39 296 0 0
4 1 -1419341459 0 1.0 488 4 0 4 192 3 0 3 488 0 488 96 488 0 0
4 1 -488633649 0 2.0 731 4 0 4 106 3 0 3 731 0 731 104 731 0 0
4 1 -101529472 0 1.0 298 4 0 4 166 3 0 3 298 0 298 68 298 0 0
4 1 1919483987 0 0.0 1236 4 0 4 228 3 0 3 1236 0 1236 97 1236 0 0
4 1 -656495240 0 2.0 1169 4 0 4 230 3 0 3 1169 0 1169 93 1169 0 0
4 1 717997355 0 3.0 685 4 0 4 92 3 0 3 685 0 685 106 685 0 0
4 1 235375876 0 0.0 524 4 0 4 108 3 0 3 524 0 524 91 524 0 0
4 1 -711969116 0 1.0 256 4 0 4 213 3 0 3 256 0 256 59 256 0 0
4 1 -624187776 0 2.0 386 4 0 4 91 3 0 3 386 0 386 84 386 0 0
4 1 1616865358 0 0.0 519 4 0 4 472 3 0 3 519 0 519 71 519 0 0
4 1 101408534 0 3.0 1280 4 0 4 132 3 0 3 1280 0 1280 107 1280 0 0
4 1 -272442025 0 1.0 668 4 0 4 33 3 0 3 668 0 668 107 668 0 0
4 1 1051432918 0 1.0 971 4 0 4 107 3 0 3 971 0 971 104 971 0 0
4 1 -1892757149 0 1.0 491 4 0 4 149 3 0 3 491 0 491 65 491 0 0
4 1 -1392669800 0 2.0 322 4 0 4 96 3 0 3 322 0 322 67 322 0 0
4 1 -1845003036 0 3.0 1500 4 0 4 202 2 0 2 464 0 464 107 621 0 0
4 1 -1942075678 0 2.0 1100 4 0 4 258 3 0 3 1100 0 1100 100 1100 0 0
4 1 206098109 0 0.0 56 4 0 4 52 3 0 3 56 0 56 18 56 0 0
4 1 1372900666 1 6.0 551 4 0 4 75 2 0 2 17 0 17 107 532 0 0
4 1 1357759243 0 1.0 1279 4 0 4 185 3 0 3 1279 0 1279 92 1279 0 0
4 2 2105470723 0 1.0 766 4 0 4 660 3 0 3 766 0 766 65 766 0 0
4 2 1357618571 0 1.0 1259 4 0 4 1237 3 0 3 1259 0 1259 86 1259 0 0
4 2 190542202 0 0.0 1500 2 0 2 0 1 0 1 3 0 3 58 1497 0 0
4 2 -1230782036 0 2.0 1500 4 0 4 161 2 0 2 155 0 155 88 1445 0 0
4 2 1758477646 0 1.0 1500 3 0 3 1053 2 0 2 1053 0 1053 59 1363 0 0
4 2 365842344 0 1.0 476 4 0 4 471 3 0 3 476 0 476 47 476 0 0
4 2 -511997278 0 0.0 607 4 0 4 606 3 0 3 607 0 607 50 607 0 0
4 2 -1008888342 0 1.0 1500 3 0 3 1237 2 0 2 1237 0 1237 86 1264 0 0
4 2 1801765598 0 0.0 1500 2 0 2 0 1 0 1 1 0 1 81 1408 0 0
4 2 -543665600 0 0.0 1168 4 0 4 1149 3 0 3 1168 0 1168 86 1168 0 0
4 2 1489117957 0 0.0 814 4 0 4 786 3 0 3 814 0 814 63 814 0 0
4 2 -1922380261 0 0.0 937 4 0 4 761 3 0 3 937 0 937 65 937 0 0
4 2 1269635271 0 1.0 1500 3 0 3 229 2 0 2 500 0 500 58 1339 0 0
4 2 -311733717 0 4.0 1500 4 0 4 1105 2 0 2 1104 0 1104 79 1338 0 0
4 2 -1263524457 0 1.0 706 4 0 4 685 3 0 3 706 0 706 72 706 0 0
4 2 1713520158 0 1.0 1342 4 0 4 1244 3 0 3 1342 0 1342 78 1342 0 0
4 2 -872253143 0 2.0 491 4 0 4 490 3 0 3 491 0 491 48 491 0 0
4 2 -393032712 0 0.0 67 4 0 4 55 3 0 3 67 0 67 15 67 0 0
4 2 1228272151 0 1.0 1500 3 0 3 54 2 0 2 54 0 54 75 1399 0 0
4 2 -1529782052 0 0.0 481 4 0 4 466 3 0 3 481 0 481 67 481 0 0
4 3 1877750541 0 0.0 468 4 0 4 306 3 0 3 468 0 468 70 468 0 0
4 3 1503360828 0 2.0 284 4 0 4 278 3 0 3 284 0 284 50 284 0 0
4 3 -2096479188 0 4.0 657 4 0 4 457 3 0 3 657 0 657 93 657 0 0
4 3 -598113983 0 1.0 385 4 0 4 94 3 0 3 385 0 385 80 385 0 0
4 3 -1678572535 0 1.0 584 4 0 4 318 3 0 3 584 0 584 98 584 0 0
4 3 1971252791 0 1.0 404 4 0 4 223 3 0 3 404 0 404 74 404 0 0
4 3 -122589628 0 2.0 623 4 0 4 293 3 0 3 623 0 623 95 623 0 0
4 3 -241136463 0 3.0 176 4 0 4 123 3 0 3 176 0 176 42 176 0 0
4 3 -1201331865 0 0.0 194 4 0 4 68 3 0 3 194 0 194 43 194 0 0
4 3 1209301484 0 1.0 796 4 0 4 374 3 0 3 796 0 796 96 796 0 0
4 3 2111341104 0 3.0 514 4 0 4 351 3 0 3 514 0 514 93 514 0 0
4 3 1182316275 0 0.0 216 4 0 4 211 3 0 3 216 0 216 51 216 0 0
4 3 -1635143367 0 3.0 815 4 0 4 248 3 0 3 815 0 815 103 815 0 0
4 3 1720476991 0 1.0 1500 4 0 4 83 2 0 2 208 0 208 104 922 0 0
4 3 167193240 0 0.0 333 4 0 4 245 3 0 3 333 0 333 69 333 0 0
4 3 -844236225 0 1.0 416 4 0 4 408 3 0 3 416 0 416 68 416 0 0
4 3 -1687129977 0 1.0 266 4 0 4 253 3 0 3 266 0 266 48 266 0 0
4 3 1564151152 0 1.0 288 4 0 4 198 3 0 3 288 0 288 64 288 0 0
4 3 -356085519 0 3.0 487 4 0 4 237 3 0 3 487 0 487 93 487 0 0
4 3 999877341 0 2.0 310 4 0 4 118 3 0 3 310 0 310 67 310 0 0
4 4 1362262602 0 2.0 471 4 0 4 177 3 0 3 471 0 471 92 471 0 0
4 4 745574510 0 3.0 860 4 0 4 423 3 0 3 860 0 860 110 860 0 0
4 4 1566258586 0 3.0 414 4 0 4 163 3 0 3 414 0 414 85 414 0 0
4 4 -1674234091 0 2.0 314 4 0 4 156 3 0 3 314 0 314 68 314 0 0
4 4 2102556789 0 1.0 606 4 0 4 124 3 0 3 606 0 606 98 606 0 0
4 4 942069002 0 0.0 491 4 0 4 91 3 0 3 491 0 491 93 491 0 0
4 4 367183557 0 2.0 1186 4 0 4 653 3 0 3 1186 0 1186 110 1186 0 0
4 4 1235549445 0 1.0 418 4 0 4 274 3 0 3 418 0 418 85 418 0 0
4 4 1434968414 0 2.0 497 4 0 4 114 3 0 3 497 0 497 81 497 0 0
4 4 -1593028229 0 4.0 1448 4 0 4 256 3 0 3 1448 0 1448 111 1448 0 0
4 4 207281790 0 2.0 216 4 0 4 135 3 0 3 216 0 216 51 216 0 0
4 4 -358304393 0 0.0 161 4 0 4 127 3 0 3 161 0 161 34 161 0 0
4 4 -613151229 0 0.0 146 4 0 4 45 3 0 3 146 0 146 35 146 0 0
4 4 -1660967063 0 1.0 494 4 0 4 119 3 0 3 494 0 494 96 494 0 0
4 4 -459656509 0 1.0 462 4 0 4 220 3 0 3 462 0 462 81 462 0 0
4 4 897253238 0 1.0 458 4 0 4 418 3 0 3 458 0 458 82 458 0 0
4 4 -1658770559 0 3.0 518 4 0 4 121 3 0 3 518 0 518 90 518 0 0
4 4 -941198807 0 2.0 540 4 0 4 69 3 0 3 540 0 540 96 540 0 0
4 4 1985624692 0 2.0 1307 4 0 4 140 3 0 3 1307 0 1307 104 1307 0 0
4 4 -1514470739 0 1.0 351 4 0 4 62 3 0 3 351 0 351 62 351 0 0
