19 0 1236458467 0 0.0 1500 14 0 14 29 3 0 3 29 0 29 35 156 0 0
19 0 1166845121 0 0.0 1500 14 0 14 10 3 0 3 11 0 11 37 528 0 0
19 0 233959290 0 0.0 1500 14 0 14 14 3 0 3 14 0 14 33 140 0 0
19 0 -298637497 0 0.0 1500 14 0 14 75 4 0 4 73 0 73 45 394 0 0
19 0 463392248 0 0.0 1500 14 0 14 18 3 0 3 20 0 20 35 333 0 0
19 0 993560157 0 0.0 1500 14 0 14 306 5 0 5 452 0 452 144 565 0 0
19 0 -101711319 0 0.0 1500 14 0 14 304 5 0 5 1269 0 1269 139 1342 0 0
19 0 1776621455 0 0.0 1500 14 0 14 29 4 0 4 34 0 34 38 265 0 0
19 0 -1323991985 0 0.0 1500 14 0 14 282 5 0 5 1296 0 1296 165 1424 0 0
19 0 2021190120 0 0.0 1500 14 0 14 16 2 0 2 8 0 8 28 92 0 0
19 0 -328379855 0 0.0 1500 14 0 14 66 4 0 4 64 0 64 44 219 0 0
19 0 1804579786 0 0.0 1500 14 0 14 9 2 0 2 6 0 6 28 224 0 0
19 0 -409117177 0 0.0 1500 14 0 14 533 3 0 3 282 0 282 144 874 0 0
19 0 -848421459 0 0.0 1500 14 0 14 14 3 0 3 15 0 15 30 419 0 0
19 0 342349243 0 0.0 1500 14 0 14 21 3 0 3 23 0 23 34 163 0 0
19 0 -1267901418 0 0.0 1500 14 0 14 20 3 0 3 20 0 20 35 169 0 0
19 0 -1853271181 0 0.0 1500 14 0 14 11 3 0 3 14 0 14 30 119 0 0
19 0 73205174 0 0.0 1500 14 0 14 11 3 0 3 12 0 12 37 159 0 0
19 0 -52816770 0 0.0 1500 14 0 14 11 3 0 3 16 0 16 36 353 0 0
19 0 -396364727 0 0.0 1500 14 0 14 259 5 0 5 783 0 783 133 972 0 0
19 1 -253305411 0 0.0 1500 14 0 14 684 3 0 3 539 0 539 133 1498 0 0
19 1 1599089310 1 1.0 1497 14 0 14 338 5 0 5 1497 0 1497 134 1497 0 0
19 1 -158480189 0 0.0 1500 14 0 14 423 3 0 3 424 0 424 135 1129 0 0
19 1 1927573862 0 0.0 1500 14 0 14 17 3 0 3 506 0 506 113 1481 0 0
19 1 839644816 0 0.0 1 12 0 12 0 2 0 2 1 0 1 2 1 0 0
19 1 -1805373003 1 1.0 1496 14 0 14 276 5 0 5 1496 0 1496 114 1496 0 0
19 1 1902475159 0 0.0 1500 14 0 14 12 3 0 3 243 0 243 114 824 0 0
19 1 -44830989 0 0.0 0 12 0 12 0 1 0 1 0 0 0 1 0 0 0
19 1 808653081 0 0.0 1500 14 0 14 330 3 0 3 190 0 190 136 1133 0 0
19 1 -109119707 0 0.0 1500 14 0 14 304 3 0 3 225 0 225 133 1406 0 0
19 1 1489970623 0 0.0 1 12 0 12 0 2 0 2 1 0 1 2 1 0 0
19 1 -1330222352 0 0.0 1500 14 0 14 389 3 0 3 286 0 286 107 468 0 0
19 1 585296494 0 0.0 1500 14 0 14 119 3 0 3 1367 0 1367 122 1488 0 0
19 1 -1802887683 1 1.0 1497 14 0 14 482 5 0 5 1497 0 1497 112 1497 0 0
19 1 -2100245119 0 0.0 1 12 0 12 0 2 0 2 1 0 1 2 1 0 0
19 1 -1676133042 0 0.0 1500 14 0 14 323 5 0 5 1497 0 1497 142 1500 0 0
19 1 -429119418 0 0.0 5 12 0 12 0 2 0 2 5 0 5 2 5 0 0
19 1 354193142 0 0.0 1500 14 0 14 21 3 0 3 661 0 661 135 1151 0 0
19 1 2069606289 0 0.0 1500 14 0 14 266 3 0 3 216 0 216 106 1117 0 0
19 1 -37727359 1 1.0 224 14 0 14 199 5 0 5 224 0 224 24 224 0 0
19 2 1474930031 1 1.0 1500 14 0 14 66 4 0 4 1500 0 1500 40 1500 0 0
19 2 1652976402 0 0.0 1500 14 0 14 132 3 0 3 125 0 125 29 198 0 0
19 2 -1275645161 0 0.0 1500 14 0 14 87 3 0 3 76 0 76 30 111 0 0
19 2 1830643137 1 1.0 803 14 0 14 803 5 0 5 803 0 803 44 803 0 0
19 2 1087429063 0 0.0 1500 14 0 14 45 2 0 2 38 0 38 28 98 0 0
19 2 461840787 0 0.0 1500 14 0 14 54 4 0 4 35 0 35 31 162 0 0
19 2 506549905 0 0.0 1500 14 0 14 101 4 0 4 97 0 97 32 136 0 0
19 2 -508872738 0 0.0 1500 14 0 14 44 2 0 2 28 0 28 29 1500 0 0
19 2 1042466331 0 0.0 1500 14 0 14 22 3 0 3 20 0 20 30 91 0 0
19 2 -1810709095 1 1.0 1500 14 0 14 27 4 0 4 1500 0 1500 33 1500 0 0
19 2 76325423 1 1.0 1500 14 0 14 66 4 0 4 1500 0 1500 31 1500 0 0
19 2 -334722504 0 0.0 1500 14 0 14 75 2 0 2 70 0 70 28 101 0 0
19 2 -1600004795 0 0.0 1500 14 0 14 55 3 0 3 52 0 52 29 83 0 0
19 2 67442552 1 1.0 221 14 0 14 221 5 0 5 221 0 221 12 221 0 0
19 2 -1149784467 0 0.0 1500 14 0 14 46 3 0 3 39 0 39 31 110 0 0
19 2 1285874460 1 1.0 1500 14 0 14 117 5 0 5 1500 0 1500 36 1500 0 0
19 2 1001792192 0 0.0 1500 14 0 14 33 2 0 2 27 0 27 28 165 0 0
19 2 1376618684 0 0.0 1500 14 0 14 87 2 0 2 74 0 74 28 101 0 0
19 2 653168816 0 0.0 1500 14 0 14 43 2 0 2 17 0 17 28 86 0 0
19 2 -1327824946 1 1.0 1500 14 0 14 78 4 0 4 1500 0 1500 32 1500 0 0
19 3 814026488 0 0.0 3 13 0 13 3 2 0 2 3 0 3 2 3 0 0
19 3 1106064737 0 0.0 3 12 0 12 0 2 0 2 3 0 3 2 3 0 0
19 3 1695299739 0 0.0 29 14 0 14 25 2 0 2 24 0 24 6 29 0 0
19 3 1976639456 0 0.0 521 14 0 14 72 4 0 4 521 0 521 22 521 0 0
19 3 -2013285620 0 0.0 187 14 0 14 39 3 0 3 187 0 187 8 187 0 0
19 3 1162225401 0 0.0 28 14 0 14 26 2 0 2 28 0 28 2 28 0 0
19 3 -836516635 0 0.0 0 12 0 12 0 1 0 1 0 0 0 1 0 0 0
19 3 1265849463 0 0.0 1 12 0 12 0 2 0 2 1 0 1 2 1 0 0
19 3 -1718727387 1 1.0 835 14 0 14 55 5 0 5 835 0 835 30 835 0 0
19 3 1648401782 0 0.0 45 14 0 14 33 2 0 2 37 0 37 7 45 0 0
19 3 -588402303 0 0.0 1 12 0 12 0 2 0 2 1 0 1 2 1 0 0
19 3 -812404899 0 0.0 319 14 0 14 17 3 0 3 319 0 319 4 319 0 0
19 3 223875731 0 0.0 15 14 0 14 11 2 0 2 14 0 14 3 15 0 0
19 3 -389419722 0 0.0 282 14 0 14 75 4 0 4 280 0 280 14 282 0 0
19 3 -1080874304 0 0.0 42 14 0 14 23 1 0 1 42 0 42 1 42 0 0
19 3 -1215911131 0 0.0 50 12 0 12 0 2 0 2 47 0 47 4 50 0 0
19 3 -1782924718 0 0.0 226 14 0 14 46 4 0 4 219 0 219 11 226 0 0
19 3 1446214951 0 0.0 0 12 0 12 0 1 0 1 0 0 0 1 0 0 0
19 3 -366152403 0 0.0 0 12 0 12 0 1 0 1 0 0 0 1 0 0 0
19 3 1931125360 0 0.0 1500 13 0 13 28 2 0 2 92 0 92 50 1500 0 0
19 4 658355730 0 0.0 1495 14 0 14 557 4 0 4 559 0 559 107 1495 0 0
19 4 1337858208 1 1.0 1028 14 0 14 19 4 0 4 1028 0 1028 32 1028 0 0
19 4 1836126571 1 1.0 1494 14 0 14 758 5 0 5 800 0 800 150 1494 0 0
19 4 565448135 0 0.0 1239 14 0 14 23 3 0 3 18 0 18 31 1239 0 0
19 4 -2144756804 1 1.0 1212 14 0 14 7 3 0 3 1212 0 1212 30 1212 0 0
19 4 -634326002 0 0.0 1198 14 0 14 15 3 0 3 17 0 17 30 1198 0 0
19 4 1605557378 1 1.0 765 14 0 14 11 4 0 4 765 0 765 31 765 0 0
19 4 603141368 1 1.0 1106 14 0 14 287 5 0 5 407 0 407 115 1106 0 0
19 4 1131936968 1 1.0 1064 14 0 14 9 4 0 4 1064 0 1064 32 1064 0 0
19 4 2014208344 1 1.0 1494 14 0 14 405 5 0 5 481 0 481 118 1494 0 0
19 4 2071860964 1 1.0 1116 14 0 14 32 4 0 4 1116 0 1116 33 1116 0 0
19 4 -2105883696 1 1.0 1159 14 0 14 28 4 0 4 1159 0 1159 34 1159 0 0
19 4 -401436992 1 1.0 872 14 0 14 35 4 0 4 872 0 872 35 872 0 0
19 4 2024285797 1 1.0 915 14 0 14 19 4 0 4 915 0 915 32 915 0 0
19 4 -996388664 1 1.0 1053 14 0 14 14 4 0 4 1053 0 1053 33 1053 0 0
19 4 706721159 1 1.0 1094 14 0 14 346 5 0 5 1094 0 1094 71 1094 0 0
19 4 -679212654 1 1.0 1061 14 0 14 45 4 0 4 1061 0 1061 38 1061 0 0
19 4 -1116611690 1 1.0 766 14 0 14 23 4 0 4 766 0 766 32 766 0 0
19 4 1647617693 1 1.0 1462 14 0 14 601 5 0 5 623 0 623 135 1462 0 0
19 4 1524146404 1 1.0 1494 14 0 14 369 5 0 5 561 0 561 134 1494 0 0
