18 0 2003534126 0 -2.0 526 7 0 7 0 3 0 3 215 0 215 105 526 0 0
18 0 -865271141 1 3.0 1000 7 0 7 0 3 0 3 100 0 100 128 950 0 0
18 0 1604447133 0 -1.0 186 7 0 7 0 3 0 3 21 0 21 48 186 0 0
18 0 299395647 1 1.0 1000 7 0 7 0 3 0 3 132 0 132 126 993 0 0
18 0 -1818231724 1 1.0 1000 7 0 7 0 3 0 3 163 0 163 116 993 0 0
18 0 -1484917964 1 1.0 1000 7 0 7 0 3 0 3 170 0 170 115 967 0 0
18 0 1442515047 0 -1.0 438 7 0 7 0 3 0 3 75 0 75 106 438 0 0
18 0 1418929517 1 1.0 1000 7 0 7 0 3 0 3 100 0 100 114 812 0 0
18 0 -1190581722 1 4.0 1000 7 0 7 0 3 0 3 41 0 41 126 981 0 0
18 0 -460777708 0 -1.0 762 7 0 7 0 3 0 3 35 0 35 102 762 0 0
18 0 345609541 1 7.0 1000 7 0 7 0 3 0 3 50 0 50 126 964 0 0
18 0 422883914 1 3.0 1000 7 0 7 0 3 0 3 67 0 67 115 851 0 0
18 0 -1703110255 1 8.0 1000 7 0 7 0 3 0 3 51 0 51 118 693 0 0
18 0 -843523410 1 3.0 1000 7 0 7 0 3 0 3 125 0 125 121 842 0 0
18 0 -1242979663 1 5.0 1000 7 0 7 0 3 0 3 52 0 52 129 865 0 0
18 0 960624752 0 -1.0 289 7 0 7 0 3 0 3 128 0 128 64 286 0 0
18 0 1595352738 0 -1.0 902 7 0 7 0 3 0 3 255 0 255 120 902 0 0
18 0 1803660560 0 -2.0 782 7 0 7 0 3 0 3 51 0 51 109 782 0 0
18 0 -55402299 0 -1.0 305 7 0 7 0 3 0 3 39 0 39 69 261 0 0
18 0 107063509 0 -2.0 208 7 0 7 0 3 0 3 127 0 127 52 177 0 0
18 1 -1215840393 1 4.0 1000 7 0 7 0 3 0 3 22 0 22 114 996 0 0
18 1 -558427190 1 1.0 1000 7 0 7 0 3 0 3 35 0 35 125 1000 0 0
18 1 1924969194 1 3.0 1000 7 0 7 0 3 0 3 29 0 29 102 999 0 0
18 1 -656719532 0 3.0 179 7 0 7 0 4 0 4 179 0 179 57 179 0 0
18 1 1792131278 0 -1.0 611 7 0 7 0 3 0 3 20 0 20 108 611 0 0
18 1 -1684123407 1 8.0 1000 7 0 7 0 3 0 3 22 0 22 120 958 0 0
18 1 850579698 1 8.0 1000 7 0 7 0 3 0 3 27 0 27 117 969 0 0
18 1 -880353360 0 -2.0 390 7 0 7 0 3 0 3 38 0 38 88 390 0 0
18 1 -1544501927 1 2.0 1000 7 0 7 0 3 0 3 13 0 13 115 723 0 0
18 1 -1742519692 0 -1.0 828 7 0 7 0 3 0 3 76 0 76 114 802 0 0
18 1 555686325 1 3.0 1000 7 0 7 0 3 0 3 28 0 28 126 906 0 0
18 1 1786738538 1 4.0 1000 7 0 7 0 3 0 3 89 0 89 117 960 0 0
18 1 -459565309 1 8.0 1000 7 0 7 0 3 0 3 23 0 23 123 1000 0 0
18 1 -1379235315 1 3.0 1000 7 0 7 0 3 0 3 54 0 54 118 980 0 0
18 1 -1057890755 0 -1.0 345 7 0 7 0 3 0 3 23 0 23 66 345 0 0
18 1 -1773974254 0 -1.0 426 7 0 7 0 3 0 3 43 0 43 85 426 0 0
18 1 -581333376 1 7.0 1000 7 0 7 0 3 0 3 25 0 25 125 998 0 0
18 1 1835972198 0 -1.0 695 7 0 7 0 3 0 3 25 0 25 104 695 0 0
18 1 -409613908 1 1.0 1000 7 0 7 0 3 0 3 16 0 16 108 733 0 0
18 1 417894773 1 3.0 1000 7 0 7 0 3 0 3 115 0 115 121 999 0 0
18 2 -559788039 1 2.0 1000 7 0 7 1 3 0 3 17 0 17 113 976 0 0
18 2 -1950251450 1 8.0 1000 7 0 7 5 3 0 3 131 0 131 96 907 0 0
18 2 -609788718 1 1.0 1000 7 0 7 5 3 0 3 359 0 359 101 856 0 0
18 2 1598383947 0 -1.0 629 7 0 7 7 3 0 3 49 0 49 64 629 0 0
18 2 1609248189 0 -1.0 629 7 0 7 3 3 0 3 41 0 41 77 562 0 0
18 2 195191048 1 1.0 1000 7 0 7 0 3 0 3 205 0 205 130 999 0 0
18 2 -236850383 1 8.0 1000 7 0 7 9 3 0 3 85 0 85 95 882 0 0
18 2 -496783263 1 6.0 1000 7 0 7 1 3 0 3 84 0 84 90 942 0 0
18 2 1083878224 1 7.0 1000 7 0 7 0 3 0 3 89 0 89 65 758 0 0
18 2 -2069575681 1 1.0 1000 7 0 7 2 3 0 3 105 0 105 117 996 0 0
18 2 532916831 0 -1.0 757 7 0 7 5 3 0 3 248 0 248 81 749 0 0
18 2 172288707 0 -1.0 405 7 0 7 18 3 0 3 137 0 137 54 405 0 0
18 2 -863658030 0 -1.0 626 7 0 7 2 3 0 3 394 0 394 66 626 0 0
18 2 1815301344 1 2.0 1000 7 0 7 6 3 0 3 144 0 144 112 978 0 0
18 2 -631877092 1 1.0 1000 7 0 7 0 3 0 3 191 0 191 95 999 0 0
18 2 -1023226187 0 -1.0 587 7 0 7 1 3 0 3 198 0 198 64 587 0 0
18 2 -220432637 0 -1.0 846 7 0 7 2 3 0 3 72 0 72 78 834 0 0
18 2 -159802796 0 -1.0 539 7 0 7 8 3 0 3 38 0 38 61 539 0 0
18 2 580359769 1 6.0 1000 7 0 7 10 3 0 3 359 0 359 61 924 0 0
18 2 -591782876 0 -1.0 252 7 0 7 0 3 0 3 53 0 53 49 246 0 0
18 3 -194986785 0 -1.0 753 7 0 7 0 3 0 3 78 0 78 103 750 0 0
18 3 -807801994 0 5.0 188 7 0 7 0 4 0 4 188 0 188 57 188 0 0
18 3 2112621096 0 3.0 103 7 0 7 0 4 0 4 103 0 103 39 103 0 0
18 3 1091817614 0 6.0 176 7 0 7 0 4 0 4 176 0 176 50 176 0 0
18 3 -1007003165 0 -2.0 209 7 0 7 0 3 0 3 29 0 29 50 208 0 0
18 3 -343781553 0 -1.0 956 7 0 7 0 3 0 3 25 0 25 124 953 0 0
18 3 -1823929980 0 -2.0 87 7 0 7 0 3 0 3 17 0 17 20 87 0 0
18 3 61391549 0 5.0 834 7 0 7 0 4 0 4 834 0 834 121 834 0 0
18 3 937856981 0 7.0 112 7 0 7 0 4 0 4 112 0 112 40 112 0 0
18 3 -2095918103 0 7.0 188 7 0 7 0 4 0 4 188 0 188 58 188 0 0
18 3 -36698021 0 0.0 224 7 0 7 0 4 0 4 224 0 224 56 224 0 0
18 3 2146139855 0 -1.0 416 7 0 7 0 3 0 3 96 0 96 74 409 0 0
18 3 -606283550 0 -1.0 196 7 0 7 0 3 0 3 30 0 30 47 196 0 0
18 3 1190905181 0 -1.0 645 7 0 7 0 3 0 3 25 0 25 111 645 0 0
18 3 1760672701 1 6.0 1000 7 0 7 0 3 0 3 34 0 34 119 998 0 0
18 3 -331273513 0 -2.0 134 7 0 7 0 3 0 3 15 0 15 37 134 0 0
18 3 -1553289122 0 7.0 216 7 0 7 0 4 0 4 216 0 216 44 216 0 0
18 3 -699138203 0 -1.0 806 7 0 7 0 3 0 3 44 0 44 125 806 0 0
18 3 -837366475 1 1.0 1000 7 0 7 0 3 0 3 24 0 24 118 948 0 0
18 3 414678852 0 0.0 559 7 0 7 0 4 0 4 559 0 559 92 559 0 0
18 4 -2100803496 0 -1.0 363 7 0 7 0 3 0 3 27 0 27 83 363 0 0
18 4 915027158 0 -1.0 481 7 0 7 0 3 0 3 26 0 26 97 472 0 0
18 4 -1791027978 1 3.0 1000 7 0 7 0 3 0 3 26 0 26 134 991 0 0
18 4 443333945 1 4.0 1000 7 0 7 0 3 0 3 17 0 17 121 996 0 0
18 4 599218442 0 -1.0 91 7 0 7 0 3 0 3 22 0 22 31 91 0 0
18 4 323033207 1 1.0 1000 7 0 7 0 3 0 3 26 0 26 120 995 0 0
18 4 -2110716062 1 4.0 1000 7 0 7 0 3 0 3 13 0 13 137 991 0 0
18 4 -334076082 1 7.0 1000 7 0 7 0 3 0 3 17 0 17 110 834 0 0
18 4 1229607263 1 4.0 1000 7 0 7 0 3 0 3 14 0 14 125 998 0 0
18 4 1975525457 1 1.0 1000 7 0 7 0 3 0 3 29 0 29 129 972 0 0
18 4 381186322 0 -1.0 562 7 0 7 0 3 0 3 23 0 23 101 554 0 0
18 4 -1709533376 1 7.0 1000 7 0 7 0 3 0 3 23 0 23 129 937 0 0
18 4 -1085667319 1 1.0 1000 7 0 7 0 3 0 3 46 0 46 124 909 0 0
18 4 -1375377020 1 8.0 1000 7 0 7 0 3 0 3 28 0 28 125 984 0 0
18 4 550185429 1 5.0 1000 7 0 7 0 3 0 3 15 0 15 130 990 0 0
18 4 -1350295002 1 1.0 1000 7 0 7 0 3 0 3 29 0 29 133 977 0 0
18 4 1616812784 0 -4.0 101 7 0 7 0 3 0 3 32 0 32 32 101 0 0
18 4 1837646488 1 8.0 1000 7 0 7 0 3 0 3 47 0 47 140 993 0 0
18 4 299303117 1 4.0 1000 7 0 7 0 3 0 3 44 0 44 131 915 0 0
18 4 1637465705 1 8.0 1000 7 0 7 0 3 0 3 93 0 93 129 997 0 0
