1 0 -500454638 1 5.0 9
1 0 -1036564353 0 0.0 1500
1 0 794019665 1 5.0 9
1 0 283829451 0 0.0 1500
1 0 990064248 0 0.0 1500
1 0 -1802916114 0 0.0 1500
1 0 -1455818634 0 0.0 1500
1 0 -694046150 1 5.0 9
1 0 266901470 0 0.0 1500
1 0 -636467299 0 0.0 1500
1 0 -1972013216 1 5.0 9
1 0 211546212 1 5.0 9
1 0 -1987003047 1 5.0 8
1 0 1821174382 0 0.0 1500
1 0 463152686 1 5.0 9
1 0 970824579 1 5.0 9
1 0 -726196314 0 0.0 1500
1 0 1016398710 0 0.0 1500
1 0 1798392691 1 5.0 9
1 0 -1845379713 1 5.0 9
1 1 -1691261609 0 0.0 1500
1 1 1910082538 1 5.0 19
1 1 1729599901 1 5.0 15
1 1 1696059807 0 0.0 1500
1 1 -1597186347 0 0.0 1500
1 1 -2062935876 1 5.0 25
1 1 -1729910412 0 0.0 1500
1 1 1307433304 1 5.0 13
1 1 -1491748849 1 5.0 18
1 1 319679000 1 5.0 12
1 1 -1180238056 0 0.0 1500
1 1 -876213056 1 5.0 18
1 1 -686007645 0 0.0 1500
1 1 -2032843998 0 0.0 1500
1 1 -534259571 1 5.0 18
1 1 -1351349554 0 0.0 1500
1 1 1975202475 0 0.0 1500
1 1 -1193885071 1 5.0 22
1 1 -1064226450 1 5.0 9
1 1 898296957 0 0.0 1500
1 2 721740205 0 0.0 1500
1 2 -1202437937 0 0.0 1500
1 2 877476403 0 0.0 1500
1 2 694225605 1 5.0 25
1 2 1682485302 0 0.0 1500
1 2 1266194841 0 0.0 1500
1 2 -1777986424 0 0.0 1500
1 2 -238056902 0 0.0 1500
1 2 -1223079936 0 0.0 1500
1 2 691494175 0 0.0 1500
1 2 -136336173 0 0.0 1500
1 2 -1943532494 1 5.0 13
1 2 -598774889 0 0.0 1500
1 2 1531659481 0 0.0 1500
1 2 -1106171177 1 5.0 44
1 2 -189202457 0 0.0 1500
1 2 1564461809 1 5.0 40
1 2 2142235897 0 0.0 1500
1 2 1445542247 1 5.0 47
1 2 1042318024 1 5.0 55
1 3 1104023705 0 0.0 1500
1 3 284862637 0 0.0 1500
1 3 -397558136 0 0.0 1500
1 3 -336401489 0 0.0 1500
1 3 1329455393 1 5.0 127
1 3 -937485564 0 0.0 1500
1 3 -302994809 1 5.0 76
1 3 -1763445893 0 0.0 1500
1 3 1858819026 1 5.0 161
1 3 1822175267 1 5.0 62
1 3 -1064630244 0 0.0 1500
1 3 -901226843 0 0.0 1500
1 3 -859498909 0 0.0 1500
1 3 -1338494696 0 0.0 1500
1 3 1782752934 1 5.0 84
1 3 -775795719 0 0.0 1500
1 3 -1420772269 0 0.0 1500
1 3 1146924103 1 5.0 34
1 3 345005688 0 0.0 1500
1 3 -1283094077 0 0.0 1500
1 4 -1944433096 1 5.0 20
1 4 -928760382 0 0.0 1500
1 4 153048330 0 0.0 1500
1 4 -1407543137 1 5.0 15
1 4 214750010 0 0.0 1500
1 4 587560116 1 5.0 16
1 4 -73338762 0 0.0 1500
1 4 1701001823 1 5.0 23
1 4 -1090961364 1 5.0 23
1 4 -319283128 1 5.0 43
1 4 -233718595 1 5.0 26
1 4 718016500 0 0.0 1500
1 4 -1565901146 0 0.0 1500
1 4 1368573202 0 0.0 1500
1 4 -1441933989 0 0.0 1500
1 4 446599831 0 0.0 1500
1 4 -1550691086 1 5.0 17
1 4 1815981565 0 0.0 1500
1 4 1263804313 1 5.0 27
1 4 -770216197 1 5.0 16
