15 0 1317350620 0 17.0 363
15 0 1467348599 0 7.0 370
15 0 673478263 1 24.0 588
15 0 968548267 1 41.0 399
15 0 -199496011 0 9.0 432
15 0 1590052125 1 33.0 605
15 0 -2046240519 1 30.0 602
15 0 1509284283 0 -5.0 311
15 0 678586669 1 37.0 416
15 0 390528843 0 3.0 330
15 0 -1406531961 1 42.0 530
15 0 -297305108 1 17.0 779
15 0 -145177578 0 3.0 346
15 0 -1740275301 1 31.0 670
15 0 107596774 1 30.0 468
15 0 1834200451 1 26.0 560
15 0 -1019414240 1 38.0 610
15 0 1927183330 1 32.0 581
15 0 -947133346 1 38.0 579
15 0 -673922360 1 17.0 639
15 1 245357581 1 40.0 409
15 1 -861182441 1 45.0 467
15 1 1216901329 0 19.0 588
15 1 1274958874 1 35.0 436
15 1 2101163118 1 40.0 438
15 1 -1268096713 0 25.0 612
15 1 -1565417158 1 41.0 502
15 1 454894808 0 17.0 478
15 1 909978922 1 40.0 569
15 1 1814408434 1 37.0 515
15 1 -1436161428 1 40.0 488
15 1 634395278 1 35.0 567
15 1 -1457197299 1 50.0 425
15 1 1177042729 1 35.0 487
15 1 587270708 0 25.0 645
15 1 1189536110 1 45.0 490
15 1 -1651556064 1 45.0 391
15 1 -990204307 0 21.0 702
15 1 -249367902 1 40.0 544
15 1 1894551319 1 50.0 506
15 2 1280716813 0 -1.0 336
15 2 -204249047 0 -3.0 256
15 2 -892926808 0 23.0 732
15 2 1025151711 0 -1.0 379
15 2 869563785 1 30.0 536
15 2 1759508115 1 30.0 680
15 2 -1249758256 0 23.0 569
15 2 -550022646 0 13.0 440
15 2 -282945797 0 5.0 365
15 2 -1910224162 0 15.0 328
15 2 -1321635781 0 21.0 554
15 2 1890440429 1 26.0 629
15 2 -1662803660 0 5.0 444
15 2 -850088187 0 7.0 441
15 2 -198178447 0 1.0 392
15 2 -1329966048 0 17.0 430
15 2 976922321 0 -3.0 360
15 2 -1534719951 0 15.0 494
15 2 -160384648 0 19.0 765
15 2 1551497416 0 19.0 667
15 3 1904004788 0 11.0 321
15 3 -1544733871 0 9.0 626
15 3 -1744945165 0 17.0 398
15 3 -2039058775 0 -1.0 293
15 3 -575537056 0 -9.0 288
15 3 -473240680 0 13.0 448
15 3 -1021989586 0 -1.0 479
15 3 1706160337 0 9.0 352
15 3 -1662404396 0 -5.0 328
15 3 516758862 1 30.0 579
15 3 355320612 0 21.0 714
15 3 326874918 0 13.0 616
15 3 2137401699 0 17.0 432
15 3 1698471080 0 7.0 310
15 3 -935593431 0 1.0 306
15 3 -330430995 0 -3.0 346
15 3 1338023090 0 -5.0 339
15 3 -2128786573 0 9.0 370
15 3 -77897300 0 19.0 423
15 3 1105779112 0 5.0 288
15 4 -1594591836 1 35.0 594
15 4 1363769592 1 41.0 625
15 4 1575976807 1 35.0 436
15 4 -1401630585 1 46.0 490
15 4 -958201088 1 35.0 591
15 4 -118973123 1 35.0 576
15 4 947593813 1 40.0 579
15 4 1893081742 1 40.0 558
15 4 2082363871 1 30.0 542
15 4 196331934 1 50.0 488
15 4 1363967008 0 13.0 511
15 4 928810906 1 45.0 428
15 4 2082681160 1 50.0 332
15 4 2060957388 1 35.0 719
15 4 753948984 1 47.0 473
15 4 82900487 1 35.0 569
15 4 -1649038158 1 40.0 515
15 4 -1051618917 0 11.0 466
15 4 -859464880 1 45.0 529
15 4 -1025272606 0 11.0 492
