10 0 -678991889 1 16.0 728
10 0 -91901510 1 28.0 980
10 0 420337450 1 25.0 1277
10 0 -25807063 1 26.0 699
10 0 -1582524394 1 44.0 751
10 0 -1988774942 1 26.0 330
10 0 -1795264430 1 21.0 492
10 0 1016971911 1 36.0 529
10 0 -1246111467 1 4.0 1000
10 0 -1380378874 1 21.0 516
10 0 1838625597 1 20.0 553
10 0 1037401588 0 16.0 1500
10 0 -728046137 1 29.0 690
10 0 -316664815 1 30.0 729
10 0 -649614460 1 39.0 868
10 0 2118002375 1 34.0 792
10 0 -1693346407 1 31.0 526
10 0 1904494901 1 33.0 1075
10 0 1935591476 1 10.0 863
10 0 77609404 1 17.0 282
10 1 558668727 1 14.0 907
10 1 -534577830 1 24.0 991
10 1 -887695126 1 23.0 1094
10 1 337581865 1 14.0 820
10 1 1012956565 1 8.0 396
10 1 -1445613683 1 32.0 541
10 1 -1594119628 1 5.0 612
10 1 -1575477113 1 34.0 731
10 1 -673367989 1 32.0 332
10 1 1237665892 1 11.0 971
10 1 619496906 1 20.0 729
10 1 2056850803 1 28.0 371
10 1 -1416982648 1 28.0 391
10 1 768426883 1 18.0 391
10 1 358000072 0 12.0 1500
10 1 2036048350 1 12.0 799
10 1 2145314539 0 20.0 1500
10 1 -1515584717 1 8.0 835
10 1 -854641491 1 12.0 618
10 1 -98571392 1 22.0 993
10 2 602586033 0 7.0 1500
10 2 -1061114965 0 8.0 1500
10 2 1917349940 1 6.0 1071
10 2 659753550 1 13.0 904
10 2 -1148032454 1 21.0 1397
10 2 109105940 1 6.0 1326
10 2 415791390 1 8.0 887
10 2 -173847728 1 18.0 1426
10 2 58961434 1 8.0 1236
10 2 -882121973 1 17.0 1024
10 2 1675703422 1 14.0 1223
10 2 -1569364858 1 12.0 809
10 2 -366493509 0 17.0 1500
10 2 1627959854 1 10.0 1474
10 2 -183630824 1 14.0 575
10 2 1703678112 1 26.0 669
10 2 -814413891 1 4.0 753
10 2 -1395751729 1 6.0 789
10 2 -892380136 1 8.0 1047
10 2 -1787280475 1 13.0 943
10 3 1617038765 0 1.0 1500
10 3 366766103 1 10.0 1351
10 3 -772876632 0 4.0 1500
10 3 588604494 1 1.0 1370
10 3 -2105701228 1 3.0 822
10 3 -1527888367 0 5.0 1500
10 3 -431595489 0 7.0 1500
10 3 -1785578919 1 1.0 751
10 3 978222369 1 1.0 1117
10 3 -1315621945 1 1.0 534
10 3 -1737005370 1 9.0 1000
10 3 -734698445 0 -3.0 1500
10 3 -242558773 1 7.0 1260
10 3 972545470 0 3.0 1500
10 3 -430097595 0 -16.0 1500
10 3 726751643 1 12.0 915
10 3 1226879458 1 2.0 1239
10 3 1131156942 0 8.0 1500
10 3 38314968 0 -1.0 1500
10 3 1963257639 1 1.0 1085
10 4 -463783469 1 24.0 502
10 4 428943295 1 14.0 805
10 4 -1362202734 0 10.0 1500
10 4 -2083273895 1 24.0 845
10 4 -868226892 0 20.0 1500
10 4 -1380684852 0 8.0 1500
10 4 -199325888 1 22.0 527
10 4 -842397497 1 4.0 783
10 4 1194649618 1 14.0 1147
10 4 1921870506 1 18.0 1487
10 4 1442931415 1 10.0 741
10 4 901751083 1 24.0 1116
10 4 -1468884052 1 16.0 1416
10 4 1042313422 1 32.0 939
10 4 -771880608 1 26.0 640
10 4 101605603 1 28.0 733
10 4 879099251 1 29.0 1147
10 4 -629314703 1 18.0 569
10 4 1257441748 1 24.0 593
10 4 762348783 1 25.0 902
