4 0 2036410730 0 1.0 412
4 0 -11030083 1 5.0 232
4 0 -1329885407 0 4.0 804
4 0 462979150 1 6.0 351
4 0 -997722902 1 5.0 834
4 0 2081179965 1 6.0 593
4 0 -1375375803 1 5.0 301
4 0 -858116826 1 6.0 218
4 0 797274649 1 6.0 724
4 0 1292800523 1 5.0 261
4 0 915688181 1 6.0 390
4 0 1104298797 1 5.0 797
4 0 1867753307 0 3.0 630
4 0 1830951904 1 7.0 312
4 0 -1831880342 0 3.0 1138
4 0 1095328601 1 6.0 655
4 0 -2044672451 1 7.0 1202
4 0 -36204628 0 2.0 279
4 0 851821627 0 3.0 343
4 0 2137427400 1 5.0 1028
4 1 -1228663852 0 4.0 1500
4 1 730168372 0 5.0 1500
4 1 815036735 0 3.0 1500
4 1 -768120500 0 5.0 1500
4 1 715791324 0 3.0 1063
4 1 1968351603 0 3.0 1500
4 1 78501755 0 4.0 517
4 1 -2085181055 0 3.0 1500
4 1 1074214094 1 5.0 807
4 1 -659585941 1 5.0 1131
4 1 -878195460 0 5.0 1500
4 1 -1720305627 0 3.0 1500
4 1 2125034241 0 1.0 1500
4 1 -856144105 0 3.0 1500
4 1 1184772347 0 0.0 80
4 1 811832488 0 1.0 597
4 1 2146500363 0 4.0 1500
4 1 1304681336 0 4.0 1500
4 1 -1772891638 0 5.0 1500
4 1 -423843230 0 4.0 1500
4 2 -540577632 0 1.0 1442
4 2 -902307683 0 3.0 1500
4 2 1402474412 0 1.0 1500
4 2 1466995158 0 1.0 1183
4 2 1392312887 0 3.0 1318
4 2 1115227208 0 1.0 664
4 2 1866656435 0 2.0 1118
4 2 -1986553555 0 0.0 473
4 2 416299334 0 0.0 1500
4 2 2132910904 0 1.0 1143
4 2 1864627181 0 2.0 1500
4 2 1311048337 0 1.0 1133
4 2 -1943951591 0 0.0 1054
4 2 1272637070 0 0.0 1500
4 2 -1071697423 0 0.0 507
4 2 1318161799 0 0.0 1500
4 2 940460317 0 0.0 161
4 2 -754885303 0 1.0 812
4 2 1023028304 1 6.0 1093
4 2 134496268 0 1.0 1500
4 3 2087047509 0 2.0 1500
4 3 1301507727 0 0.0 1500
4 3 1319931982 0 1.0 1500
4 3 -1025752635 0 1.0 1500
4 3 691712550 0 0.0 809
4 3 -1258652323 0 0.0 1500
4 3 -272259299 0 0.0 1500
4 3 -755931378 0 0.0 1157
4 3 -534043270 0 0.0 1500
4 3 1985961283 0 1.0 404
4 3 -1193288468 0 1.0 1500
4 3 1107036709 0 0.0 1500
4 3 -1890234119 0 0.0 1500
4 3 908646460 0 0.0 1496
4 3 25028671 0 0.0 1500
4 3 -1858174377 0 1.0 1500
4 3 -575385639 0 1.0 890
4 3 554581331 0 5.0 1500
4 3 -463063290 0 0.0 1500
4 3 1876867560 0 0.0 1500
4 4 1430521415 0 1.0 89
4 4 -1362312143 0 2.0 437
4 4 -1928147179 0 2.0 201
4 4 -1104175743 0 2.0 1500
4 4 988703540 0 3.0 289
4 4 -1895278153 0 2.0 1500
4 4 -883532498 0 3.0 1500
4 4 354921674 0 2.0 536
4 4 -1299837045 1 5.0 1070
4 4 825069098 1 6.0 1138
4 4 405032379 0 5.0 1500
4 4 1752420828 0 4.0 1500
4 4 -93762798 1 6.0 705
4 4 -1077614052 0 2.0 92
4 4 -2061541045 1 6.0 1484
4 4 1237411481 0 6.0 1500
4 4 -1074649460 0 3.0 570
4 4 -190268068 0 2.0 579
4 4 793158644 0 2.0 301
4 4 -1862423806 0 6.0 1500
