17 0 656259991 1 3041.0 1000
17 0 1865773556 1 1048.0 1000
17 0 1385350803 0 31.0 621
17 0 -300277978 1 1047.0 1000
17 0 -502639950 0 0.0 23
17 0 -1890260580 1 1058.0 1000
17 0 9067891 0 0.0 37
17 0 -416493709 0 1026.0 579
17 0 1277234061 1 1036.0 1000
17 0 -1929188552 1 2034.0 1000
17 0 -2116386933 1 1033.0 1000
17 0 1987221283 0 34.0 965
17 0 256003633 1 1055.0 1000
17 0 982562686 0 2041.0 861
17 0 -1817068598 1 1043.0 1000
17 0 1838761303 0 7.0 300
17 0 -931800292 1 2042.0 1000
17 0 -1647278536 1 2032.0 1000
17 0 1366675902 1 2038.0 1000
17 0 1133096801 1 2034.0 1000
17 1 1291031583 1 2063.0 1000
17 1 12907443 0 23.0 442
17 1 -580842197 0 37.0 442
17 1 1253821621 0 67.0 910
17 1 -720050548 0 44.0 650
17 1 1845571803 0 19.0 442
17 1 -1917136171 0 33.0 598
17 1 1950093718 1 1045.0 1000
17 1 -1316836350 0 18.0 442
17 1 85493057 1 45.0 1000
17 1 -434676781 0 1042.0 992
17 1 -690713101 0 23.0 553
17 1 1404251273 0 27.0 650
17 1 -524026498 0 43.0 658
17 1 -472816509 1 1059.0 1000
17 1 1246354325 0 30.0 442
17 1 1332387315 1 2045.0 1000
17 1 1634617397 1 1071.0 1000
17 1 -917869015 0 30.0 442
17 1 1562244412 0 81.0 884
17 2 -1126265281 0 27.0 442
17 2 -1552730382 0 23.0 546
17 2 -1271366519 0 5.0 158
17 2 -818947042 0 38.0 855
17 2 152209933 0 23.0 936
17 2 -1199855327 0 37.0 546
17 2 1962207827 0 8.0 442
17 2 179370439 0 19.0 520
17 2 317734786 0 18.0 442
17 2 759326127 1 35.0 1000
17 2 108312708 0 12.0 442
17 2 1666094189 0 22.0 691
17 2 1321458951 0 12.0 277
17 2 686093278 0 21.0 442
17 2 2113189642 0 28.0 936
17 2 459501454 0 11.0 442
17 2 462648956 0 12.0 442
17 2 1076355380 1 1033.0 1000
17 2 -1773355161 0 15.0 442
17 2 1318332099 1 29.0 1000
17 3 191363174 0 1.0 132
17 3 -26016023 0 0.0 79
17 3 -1859526813 0 6.0 381
17 3 -904682919 0 7.0 256
17 3 -2120382340 0 0.0 31
17 3 -375394437 0 11.0 522
17 3 -1267696525 0 8.0 383
17 3 -1122750615 0 0.0 42
17 3 -149673531 0 8.0 298
17 3 1643818741 0 2.0 125
17 3 -932097530 0 1.0 119
17 3 -1043516399 0 4.0 381
17 3 -736797058 0 8.0 314
17 3 1792729814 0 0.0 151
17 3 337686894 0 1.0 114
17 3 -1623582031 0 3.0 172
17 3 1390106386 0 8.0 381
17 3 1430378917 0 8.0 380
17 3 1960354516 0 6.0 357
17 3 1320758504 0 2.0 265
17 4 -1355859446 0 55.0 665
17 4 1956576112 1 1062.0 1000
17 4 -1397977546 0 23.0 442
17 4 -446447555 0 34.0 442
17 4 -1657065107 0 30.0 546
17 4 -1676998162 1 67.0 1000
17 4 2016281405 0 30.0 356
17 4 1487247095 0 13.0 442
17 4 -1238520429 0 29.0 546
17 4 316767569 0 7.0 208
17 4 1947784538 0 29.0 442
17 4 -1945851296 0 11.0 140
17 4 -1195507280 0 3.0 94
17 4 440382735 1 1056.0 1000
17 4 919487927 0 28.0 387
17 4 196554089 1 1039.0 1000
17 4 -1357674159 0 1.0 48
17 4 -1555024473 1 1047.0 1000
17 4 -1151971374 0 22.0 427
17 4 -448754526 0 38.0 442
