13 0 -1982520859 0 -3.0 110
13 0 1951165340 0 -1.0 132
13 0 -1145143193 1 2.0 110
13 0 -1636848890 0 -3.0 110
13 0 2036384293 0 -3.0 110
13 0 684241890 0 -3.0 110
13 0 253205182 0 -3.0 110
13 0 699273208 0 -3.0 110
13 0 585421158 0 -3.0 110
13 0 -405714876 0 -3.0 110
13 0 2055703246 1 2.0 209
13 0 721672887 0 -3.0 110
13 0 1697660405 0 -1.0 209
13 0 1740043454 0 -3.0 110
13 0 1785281429 0 -3.0 110
13 0 -851745552 0 -3.0 110
13 0 1337027364 0 -3.0 110
13 0 1016657066 0 -3.0 110
13 0 -1506145509 1 2.0 110
13 0 -1152725081 0 -3.0 110
13 1 2054864258 1 5.0 110
13 1 -481294864 1 5.0 110
13 1 799841405 1 5.0 110
13 1 1710084403 1 5.0 110
13 1 516610634 1 2.0 209
13 1 -826206900 1 2.0 110
13 1 197295348 1 5.0 110
13 1 1993819094 1 5.0 110
13 1 -1164129181 0 -1.0 209
13 1 1473963015 0 -1.0 209
13 1 845822978 1 2.0 110
13 1 -1636754942 0 -1.0 209
13 1 1453837664 0 -1.0 209
13 1 177695322 1 5.0 110
13 1 -473742126 0 -1.0 209
13 1 2013716336 1 2.0 207
13 1 -1709670197 1 2.0 110
13 1 -54391692 1 5.0 166
13 1 -975387691 1 5.0 110
13 1 2067854108 1 2.0 209
13 2 1101942252 0 -3.0 110
13 2 504159831 0 -1.0 275
13 2 1846723921 0 -1.0 209
13 2 1440365551 0 -1.0 209
13 2 -2046309284 0 -3.0 110
13 2 620789296 1 2.0 110
13 2 770044822 0 -3.0 110
13 2 -201463406 0 -3.0 110
13 2 1815193314 0 -1.0 209
13 2 761430394 0 -1.0 110
13 2 1195864482 0 -3.0 110
13 2 -937866921 0 -3.0 110
13 2 2075298705 0 -3.0 110
13 2 1061730765 0 -1.0 209
13 2 2067167406 0 -1.0 275
13 2 742697614 0 -3.0 110
13 2 291360957 0 -1.0 209
13 2 582209481 0 -1.0 110
13 2 348152843 0 -1.0 209
13 2 1898864973 0 -3.0 110
13 3 -1284904706 0 -3.0 110
13 3 -794094620 0 -3.0 110
13 3 -207783600 0 -3.0 110
13 3 108131788 0 -3.0 110
13 3 462723644 0 -3.0 110
13 3 -904123474 0 -3.0 110
13 3 -415821046 0 -1.0 209
13 3 707027712 0 -3.0 110
13 3 333823885 0 -3.0 110
13 3 -620963921 0 -3.0 110
13 3 167649500 0 -1.0 209
13 3 -1306794288 0 -3.0 110
13 3 538403956 0 -3.0 110
13 3 350812992 0 -3.0 110
13 3 -1811476953 0 -1.0 209
13 3 -623804304 0 -3.0 110
13 3 -1664549418 0 -3.0 110
13 3 477704098 0 -3.0 110
13 3 -1708086349 0 -3.0 110
13 3 -1400383710 0 -3.0 110
13 4 916825771 1 2.0 209
13 4 1419757569 0 -1.0 209
13 4 -556941679 1 2.0 200
13 4 -2061819910 1 2.0 110
13 4 -367770695 0 -1.0 209
13 4 641861310 0 -1.0 209
13 4 -1324378723 1 5.0 110
13 4 -297714519 0 -1.0 209
13 4 1780052017 1 2.0 176
13 4 1158784966 1 2.0 110
13 4 -806828685 0 -1.0 209
13 4 -968545972 1 2.0 208
13 4 1212505524 1 5.0 110
13 4 992096214 0 -1.0 209
13 4 -1357507123 1 5.0 110
13 4 598368319 1 5.0 198
13 4 1073178233 1 2.0 209
13 4 1916560741 1 2.0 110
13 4 -1239158072 0 -1.0 209
13 4 291476485 0 -1.0 209
