19 0 -373154557 1 1.0 23
19 0 -1284286495 1 1.0 129
19 0 -1987989307 1 1.0 45
19 0 611990410 1 1.0 34
19 0 -1905382287 1 1.0 49
19 0 -215007607 1 1.0 83
19 0 1857080032 1 1.0 36
19 0 828128623 1 1.0 67
19 0 -756899038 1 1.0 39
19 0 1275466062 1 1.0 44
19 0 961241953 1 1.0 230
19 0 1656375807 1 1.0 69
19 0 -1166027990 1 1.0 37
19 0 -1172054132 1 1.0 151
19 0 -69870325 1 1.0 113
19 0 -1762539153 1 1.0 140
19 0 -284978072 1 1.0 241
19 0 -1725322278 1 1.0 133
19 0 1926531596 1 1.0 96
19 0 392123493 1 1.0 94
19 1 -1954216883 0 0.0 1500
19 1 1199423751 0 0.0 1500
19 1 900747192 0 0.0 1500
19 1 -154686068 0 0.0 1500
19 1 930655636 0 0.0 1500
19 1 -2003304195 0 0.0 1500
19 1 -377833693 0 0.0 1500
19 1 281134890 0 0.0 1500
19 1 -881566643 0 0.0 1500
19 1 -1135512862 0 0.0 1500
19 1 604868181 0 0.0 1500
19 1 1539174322 0 0.0 1500
19 1 -1197085864 0 0.0 1500
19 1 956815230 0 0.0 1500
19 1 1973584675 0 0.0 1500
19 1 -1244592173 0 0.0 1500
19 1 568376311 0 0.0 1500
19 1 -289875985 1 1.0 1495
19 1 1888315681 0 0.0 1500
19 1 -1529096729 0 0.0 1500
19 2 184298859 1 1.0 162
19 2 1383948541 1 1.0 515
19 2 201528149 1 1.0 34
19 2 -172692858 1 1.0 67
19 2 1204896287 1 1.0 42
19 2 -2063608838 1 1.0 889
19 2 -1207174266 1 1.0 112
19 2 -1500261292 1 1.0 47
19 2 -1254626895 1 1.0 150
19 2 -2117119819 1 1.0 29
19 2 1787651196 1 1.0 447
19 2 281234271 1 1.0 127
19 2 1970143884 1 1.0 73
19 2 -139414525 1 1.0 186
19 2 -1178478794 1 1.0 62
19 2 -252611314 1 1.0 97
19 2 -1386125310 1 1.0 1129
19 2 -1593386572 1 1.0 73
19 2 -1826975610 1 1.0 41
19 2 358229393 1 1.0 92
19 3 836304280 0 0.0 10
19 3 1318742615 0 0.0 2
19 3 -585380587 0 0.0 4
19 3 1494589570 0 0.0 0
19 3 143695845 0 0.0 43
19 3 680130995 0 0.0 27
19 3 138262683 0 0.0 1
19 3 -1308817547 1 1.0 50
19 3 906247164 0 0.0 11
19 3 -2003490432 0 0.0 4
19 3 -1792226861 0 0.0 1500
19 3 -458395806 0 0.0 11
19 3 1399240087 0 0.0 23
19 3 -1260974142 0 0.0 65
19 3 -65263164 0 0.0 2
19 3 -1091755160 0 0.0 29
19 3 904618105 0 0.0 68
19 3 -1327532371 0 0.0 3
19 3 -1568756746 0 0.0 2
19 3 -1199693114 0 0.0 1
19 4 533849449 1 1.0 91
19 4 -1425724189 1 1.0 35
19 4 93287228 1 1.0 91
19 4 -1824102787 1 1.0 69
19 4 89530991 1 1.0 112
19 4 -286453899 1 1.0 46
19 4 1256559102 1 1.0 847
19 4 -126532612 0 0.0 1500
19 4 -1728853573 1 1.0 24
19 4 1200397960 1 1.0 195
19 4 305115139 1 1.0 69
19 4 2114151564 1 1.0 100
19 4 289379555 1 1.0 61
19 4 -397649856 1 1.0 26
19 4 480384062 1 1.0 74
19 4 -81122518 1 1.0 84
19 4 -1630159884 1 1.0 64
19 4 -26108856 1 1.0 27
19 4 2101850846 1 1.0 27
19 4 437599927 1 1.0 80
