8 0 118648254 0 0.0 1000
8 0 399934886 1 1.0 71
8 0 -645540486 0 0.0 1000
8 0 -1614074556 1 1.0 178
8 0 -957855035 1 1.0 23
8 0 -1233553720 0 0.0 1000
8 0 -1636341291 1 1.0 110
8 0 1175533382 1 1.0 107
8 0 229209800 1 1.0 188
8 0 -432844699 1 1.0 52
8 0 -2139394973 1 1.0 307
8 0 813001235 1 1.0 86
8 0 -680606108 1 1.0 106
8 0 1823226718 1 1.0 82
8 0 1729906285 1 1.0 18
8 0 -1137324944 1 1.0 109
8 0 -1694378013 1 1.0 56
8 0 -1728434636 1 1.0 162
8 0 435339456 1 1.0 261
8 0 1968724142 1 1.0 100
8 1 1657277096 0 0.0 1000
8 1 -969041853 0 0.0 1000
8 1 756774109 0 -1.0 997
8 1 808725164 0 0.0 1000
8 1 -1383021230 0 0.0 1000
8 1 1787203831 0 0.0 1000
8 1 -541279732 0 0.0 1000
8 1 -1492314944 0 0.0 1000
8 1 -1720690621 0 0.0 1000
8 1 279312954 0 0.0 1000
8 1 -1778288734 0 0.0 1000
8 1 682968700 0 0.0 1000
8 1 -943785154 0 0.0 1000
8 1 424808357 0 0.0 1000
8 1 -1619536386 0 0.0 1000
8 1 1822129441 0 0.0 1000
8 1 2004683612 0 0.0 1000
8 1 527814851 0 0.0 1000
8 1 -1980119254 0 0.0 1000
8 1 999582062 0 0.0 1000
8 2 189010193 1 1.0 409
8 2 -598151660 0 0.0 1000
8 2 1384448521 0 0.0 1000
8 2 -38581071 1 1.0 396
8 2 1370303395 1 1.0 214
8 2 -291347628 1 1.0 113
8 2 -731225209 1 1.0 710
8 2 -1576743957 1 1.0 556
8 2 -931332723 1 1.0 535
8 2 1456292841 0 0.0 1000
8 2 20081819 0 0.0 1000
8 2 952929929 0 0.0 1000
8 2 -1051799250 0 0.0 1000
8 2 -1379503699 1 1.0 719
8 2 2130608261 1 1.0 824
8 2 116290991 1 1.0 482
8 2 1681241427 1 1.0 620
8 2 668640546 1 1.0 529
8 2 -1974110860 1 1.0 250
8 2 801173519 1 1.0 506
8 3 1932655021 0 -1.0 54
8 3 1840186326 0 -1.0 28
8 3 1027133001 0 -1.0 368
8 3 -1202490284 0 -1.0 34
8 3 -1977534322 0 -1.0 89
8 3 573933239 0 -1.0 71
8 3 -578625038 0 -1.0 71
8 3 -1050487411 0 -1.0 111
8 3 -2097350867 0 -1.0 40
8 3 -507729509 0 -1.0 128
8 3 1247630058 0 -1.0 53
8 3 1665660200 0 -1.0 246
8 3 -1222778481 0 -1.0 183
8 3 474919447 0 -1.0 97
8 3 -991834914 0 -1.0 92
8 3 890093155 0 -1.0 212
8 3 2069779931 0 -1.0 124
8 3 1637738368 0 -1.0 39
8 3 696823666 0 -1.0 36
8 3 -864516758 0 -1.0 12
8 4 1034600001 1 1.0 571
8 4 -998467802 1 1.0 219
8 4 624971353 1 1.0 407
8 4 1047816313 1 1.0 78
8 4 -1908658881 1 1.0 147
8 4 1323244870 1 1.0 76
8 4 86202538 1 1.0 169
8 4 -1036756245 1 1.0 214
8 4 -1838439351 1 1.0 39
8 4 -1711447569 1 1.0 523
8 4 -974221165 1 1.0 210
8 4 -2083091921 1 1.0 142
8 4 -1194456601 0 -1.0 993
8 4 1809613223 1 1.0 219
8 4 1750497453 1 1.0 162
8 4 -936449394 1 1.0 203
8 4 1298969316 1 1.0 557
8 4 700410518 1 1.0 377
8 4 1773558476 1 1.0 158
8 4 -1231222203 1 1.0 423
