18 0 1711648418 1 7.0 1000
18 0 -614991034 1 8.0 1000
18 0 -1099362284 1 8.0 1000
18 0 895737124 1 7.0 1000
18 0 -1495533196 1 8.0 1000
18 0 -967180754 1 8.0 1000
18 0 -368814632 1 8.0 1000
18 0 -1472500290 1 8.0 1000
18 0 1465720445 1 4.0 1000
18 0 -1135124401 1 8.0 1000
18 0 -2068062015 1 8.0 1000
18 0 -1353332080 1 8.0 1000
18 0 252703514 1 8.0 1000
18 0 943686959 1 8.0 1000
18 0 -2044451797 0 -2.0 806
18 0 1825832914 1 8.0 1000
18 0 235279754 1 7.0 1000
18 0 -345104673 1 8.0 1000
18 0 1259883465 1 8.0 1000
18 0 809740886 0 -1.0 737
18 1 554609705 1 8.0 1000
18 1 -643292620 1 8.0 1000
18 1 47323740 1 8.0 1000
18 1 1780647029 1 8.0 1000
18 1 1519445706 1 8.0 1000
18 1 -1407157724 0 -1.0 706
18 1 -1267892900 0 -3.0 486
18 1 1431941657 1 8.0 1000
18 1 -844588663 1 8.0 1000
18 1 1451808850 1 8.0 1000
18 1 -1396165042 1 8.0 1000
18 1 -1105326493 1 8.0 1000
18 1 894828865 0 -1.0 599
18 1 1783990746 1 8.0 1000
18 1 764153152 1 8.0 1000
18 1 -1734472895 1 8.0 1000
18 1 1626232659 1 1.0 1000
18 1 -802736308 1 8.0 1000
18 1 341414135 1 8.0 1000
18 1 575928282 1 8.0 1000
18 2 -272855387 1 8.0 1000
18 2 1928145987 1 8.0 1000
18 2 1387585551 1 8.0 1000
18 2 -71750336 1 8.0 1000
18 2 346346691 1 8.0 1000
18 2 24935744 1 4.0 1000
18 2 -434390943 1 8.0 1000
18 2 1439024673 1 8.0 1000
18 2 1894996010 1 7.0 1000
18 2 225913549 1 8.0 1000
18 2 -961001710 1 8.0 1000
18 2 255511750 0 -1.0 648
18 2 905343536 1 8.0 1000
18 2 1107356133 1 2.0 1000
18 2 -589827030 1 8.0 1000
18 2 275953427 1 7.0 1000
18 2 -1047827004 1 8.0 1000
18 2 -309473545 0 -1.0 601
18 2 410970254 1 8.0 1000
18 2 281922582 0 -1.0 843
18 3 -773222039 0 -1.0 477
18 3 -1290158279 1 8.0 1000
18 3 1365254025 0 -1.0 609
18 3 -1199908155 0 3.0 153
18 3 -574068832 0 -1.0 443
18 3 -1763159465 0 1.0 250
18 3 745982326 0 -2.0 310
18 3 1401857039 0 7.0 433
18 3 862205643 1 8.0 1000
18 3 967011079 0 7.0 593
18 3 649463757 0 -1.0 614
18 3 374530151 0 7.0 813
18 3 -133321972 0 -2.0 98
18 3 236203794 0 -4.0 590
18 3 -1492655252 0 7.0 387
18 3 1647106929 0 -1.0 483
18 3 -1894803523 0 6.0 144
18 3 891935162 1 8.0 1000
18 3 507789217 0 -1.0 361
18 3 918402232 0 -1.0 508
18 4 518862450 1 8.0 1000
18 4 -766523191 1 8.0 1000
18 4 -482138318 0 -2.0 889
18 4 -1499119333 1 8.0 1000
18 4 -2055174259 0 -1.0 657
18 4 707149363 1 8.0 1000
18 4 1207250566 1 8.0 1000
18 4 -681473039 1 8.0 1000
18 4 -1832557606 1 8.0 1000
18 4 1680300247 1 8.0 1000
18 4 -1687496410 1 8.0 1000
18 4 1574438711 1 8.0 1000
18 4 1174425281 1 8.0 1000
18 4 -375779967 1 8.0 1000
18 4 1466389775 1 8.0 1000
18 4 2087145491 1 8.0 1000
18 4 1879931476 1 8.0 1000
18 4 -1998600479 1 8.0 1000
18 4 -472678851 1 8.0 1000
18 4 1399221306 1 8.0 1000
