7 0 1511189401 0 18.0 1500
7 0 -328403149 0 20.0 1500
7 0 1169516546 0 18.0 1500
7 0 -186675629 0 17.0 1500
7 0 1377956397 0 19.0 1500
7 0 -1891832881 0 18.0 1500
7 0 -1532455864 0 19.0 876
7 0 -1107826417 0 19.0 1500
7 0 -1238646224 0 18.0 1500
7 0 -1898442752 0 17.0 1500
7 0 635479388 0 21.0 1500
7 0 -1016577685 0 19.0 1500
7 0 205742192 0 19.0 1500
7 0 -1979908673 0 30.0 1500
7 0 722226489 0 20.0 1500
7 0 -2081598083 0 20.0 1500
7 0 -2006378435 0 11.0 1411
7 0 -18234937 0 19.0 1500
7 0 309702319 0 12.0 1500
7 0 -110277175 0 14.0 876
7 1 -1941516141 0 10.0 1500
7 1 -148703105 0 19.0 1500
7 1 -1068493758 0 16.0 1500
7 1 741620716 0 18.0 1500
7 1 -204317730 0 12.0 1500
7 1 1138548163 0 10.0 1500
7 1 102437789 0 30.0 1500
7 1 -116376686 0 10.0 1500
7 1 1561788177 0 10.0 1500
7 1 1677893545 0 18.0 1500
7 1 1413418276 0 15.0 1500
7 1 1836287270 0 20.0 1500
7 1 706434262 0 13.0 1500
7 1 -2121479091 0 12.0 1500
7 1 2049491611 0 18.0 1500
7 1 342285757 0 14.0 1500
7 1 2011281507 0 20.0 1500
7 1 1676634318 0 12.0 1500
7 1 -30364216 0 16.0 1500
7 1 1413940416 0 14.0 1500
7 2 1220370773 0 1.0 431
7 2 517173165 0 10.0 861
7 2 840107781 0 3.0 691
7 2 -1882904111 0 12.0 1500
7 2 1549739760 0 3.0 1500
7 2 -1980831937 0 11.0 1500
7 2 1397590708 0 5.0 807
7 2 1710418455 0 1.0 695
7 2 -427384536 0 10.0 1023
7 2 -414574889 0 8.0 543
7 2 -569749472 0 -1.0 103
7 2 1748457436 0 7.0 1155
7 2 -1795649479 0 2.0 1123
7 2 -2108099302 0 9.0 967
7 2 -569658120 0 0.0 599
7 2 1568675205 0 0.0 315
7 2 516057448 0 9.0 1423
7 2 679538714 0 2.0 600
7 2 263652888 0 0.0 1500
7 2 707277332 0 11.0 1500
7 3 -777721206 0 10.0 282
7 3 36993584 0 -1.0 271
7 3 -168747047 0 0.0 535
7 3 478008178 0 5.0 351
7 3 -1086448129 0 2.0 402
7 3 -1306490772 0 -1.0 259
7 3 834369442 0 0.0 387
7 3 -1758922587 0 0.0 363
7 3 777854997 0 8.0 595
7 3 -491104267 0 -1.0 127
7 3 1013139493 0 -1.0 194
7 3 1819330541 0 -1.0 355
7 3 -1217296446 0 0.0 290
7 3 -1442521502 0 6.0 547
7 3 1026751377 0 5.0 315
7 3 -555618405 0 -1.0 251
7 3 -2133987744 0 4.0 475
7 3 -1029419580 0 -1.0 555
7 3 482147102 0 -1.0 148
7 3 -1425304792 0 -1.0 259
7 4 205641115 0 12.0 1500
7 4 875262638 0 15.0 1500
7 4 2068883735 0 11.0 1500
7 4 1137308408 0 10.0 1500
7 4 -2141140867 0 25.0 1500
7 4 877577664 0 14.0 1500
7 4 -430524429 0 26.0 1500
7 4 -543585401 0 12.0 1500
7 4 1434411170 0 30.0 1500
7 4 1225094901 0 14.0 1500
7 4 1214518724 0 14.0 1500
7 4 171253929 0 25.0 1500
7 4 710391737 0 19.0 1500
7 4 31268586 0 14.0 1500
7 4 -1936417848 0 25.0 1500
7 4 1963699935 0 17.0 1500
7 4 -292781258 0 11.0 1500
7 4 -818976301 0 35.0 1500
7 4 -270902437 0 19.0 1500
7 4 -1393742641 0 16.0 1500
