3 0 1502724925 0 -1.0 79
3 0 -171336146 0 -1.0 79
3 0 2117013878 0 -1.0 79
3 0 1955684871 0 -1.0 79
3 0 367051950 0 -1.0 79
3 0 529910666 0 -1.0 79
3 0 1751431450 0 -1.0 79
3 0 742064364 0 -1.0 79
3 0 1169493775 0 -1.0 79
3 0 1649474239 0 -1.0 79
3 0 502882821 0 -1.0 79
3 0 1033180273 0 -1.0 79
3 0 1607696691 0 -1.0 79
3 0 521259459 0 -1.0 79
3 0 509289308 0 -1.0 79
3 0 1895693751 0 -1.0 79
3 0 -444951686 0 -1.0 79
3 0 708315986 0 -1.0 79
3 0 1792350627 0 -1.0 79
3 0 845925986 0 -1.0 79
3 1 650869577 0 -1.0 79
3 1 -1270903171 0 -1.0 79
3 1 733002397 0 -1.0 79
3 1 1776829420 0 -1.0 79
3 1 109642453 0 -1.0 79
3 1 -2062809835 0 -1.0 79
3 1 11275559 0 -1.0 79
3 1 632021559 0 -1.0 79
3 1 -837636704 0 -1.0 79
3 1 44554385 0 -1.0 79
3 1 -368758752 0 -1.0 79
3 1 1888360396 0 -1.0 79
3 1 -1958359890 0 -1.0 79
3 1 1353675918 0 -1.0 79
3 1 -1111752499 0 -1.0 79
3 1 1823004799 0 -1.0 79
3 1 488090304 0 -1.0 79
3 1 -465719707 0 -1.0 79
3 1 2077663801 0 -1.0 79
3 1 1356036979 0 -1.0 79
3 2 -1796371602 0 -1.0 79
3 2 -1479485639 0 -1.0 79
3 2 2007844836 0 -1.0 79
3 2 515896360 0 -1.0 79
3 2 -1867891711 0 -1.0 79
3 2 1048248678 0 -1.0 79
3 2 -1300572456 0 -1.0 79
3 2 -1281272439 0 -1.0 79
3 2 -124141879 0 -1.0 79
3 2 2069287872 0 -1.0 79
3 2 1745639329 0 -1.0 79
3 2 1120969421 0 -1.0 79
3 2 128646717 0 -1.0 79
3 2 -1371713859 0 -1.0 79
3 2 1269084619 0 -1.0 79
3 2 -519015538 0 -1.0 79
3 2 -2079923973 0 -1.0 79
3 2 1521452546 0 -1.0 79
3 2 -168052354 0 -1.0 79
3 2 32652363 0 -1.0 79
3 3 969347284 0 -1.0 79
3 3 -811929752 0 -1.0 79
3 3 -1851738049 0 -1.0 79
3 3 -116443246 0 -1.0 79
3 3 -2050232985 0 -1.0 79
3 3 480751465 0 -1.0 79
3 3 -1190473061 0 -1.0 79
3 3 837280083 0 -1.0 79
3 3 -1319989937 0 -1.0 79
3 3 -1214403664 0 -1.0 79
3 3 141173481 0 -1.0 79
3 3 -187847323 0 -1.0 79
3 3 -1803192281 0 -1.0 79
3 3 585562684 0 -1.0 79
3 3 -1306533155 0 -1.0 79
3 3 2090739000 0 -1.0 79
3 3 728340457 0 -1.0 79
3 3 1150773153 0 -1.0 79
3 3 -70791892 0 -1.0 79
3 3 754517011 0 -1.0 79
3 4 -1246558874 0 -1.0 79
3 4 1379694325 0 -1.0 79
3 4 651792455 0 -1.0 79
3 4 -660428850 0 -1.0 79
3 4 -89479329 0 -1.0 79
3 4 -1772282123 0 -1.0 79
3 4 174438299 0 -1.0 79
3 4 103287488 0 -1.0 79
3 4 832038955 0 -1.0 79
3 4 -2049299178 0 -1.0 79
3 4 1576505277 0 -1.0 79
3 4 1848269350 0 -1.0 79
3 4 712890305 0 -1.0 79
3 4 -1354957758 0 -1.0 79
3 4 -1908465463 0 -1.0 79
3 4 -1889648138 0 -1.0 79
3 4 -580520548 0 -1.0 79
3 4 -1081002353 0 -1.0 79
3 4 -1547966998 0 -1.0 79
3 4 -1691832519 0 -1.0 79
