6 0 -1252007986 0 0.0 1500
6 0 1818040071 0 -1.0 1193
6 0 -847579244 0 0.0 1500
6 0 1564144892 1 5.0 529
6 0 -340313578 1 5.0 1109
6 0 1981029126 0 0.0 1500
6 0 1612787760 1 5.0 1023
6 0 1597480784 0 0.0 1500
6 0 -1548365436 1 5.0 522
6 0 413778149 1 5.0 730
6 0 -78036459 1 5.0 456
6 0 1956962837 0 0.0 1500
6 0 1129899099 0 0.0 1500
6 0 574899912 1 5.0 851
6 0 982890422 1 5.0 571
6 0 2048807580 1 5.0 194
6 0 -470583137 1 5.0 1485
6 0 2096463346 0 0.0 1500
6 0 1988713584 1 5.0 618
6 0 971098933 0 0.0 1500
6 1 -1646164817 0 0.0 1500
6 1 -1303189378 0 0.0 1500
6 1 1954473128 0 0.0 1500
6 1 -1149786504 0 0.0 1500
6 1 -343882550 0 0.0 1500
6 1 -494611024 0 0.0 1500
6 1 -875531382 0 0.0 1500
6 1 -418305683 0 0.0 1500
6 1 -406509454 0 0.0 1500
6 1 2834061 0 0.0 1500
6 1 -1113770983 0 0.0 1500
6 1 -1656388253 0 0.0 1500
6 1 -691236810 0 0.0 1500
6 1 879939510 0 0.0 1500
6 1 -600522670 0 0.0 1500
6 1 1434482216 0 0.0 1500
6 1 -1327574174 0 0.0 1500
6 1 -1526781080 0 0.0 1500
6 1 744521998 0 0.0 1500
6 1 148286029 0 0.0 1500
6 2 405490876 0 -1.0 72
6 2 890788004 0 -1.0 1188
6 2 4405929 0 -1.0 147
6 2 2121954031 0 -1.0 297
6 2 141221995 0 -1.0 546
6 2 -1996009327 0 -1.0 108
6 2 933310974 0 -1.0 999
6 2 -405036094 0 -1.0 174
6 2 -1993936446 0 -1.0 234
6 2 -1510117460 0 -1.0 521
6 2 363036668 0 -1.0 145
6 2 -883448563 0 -1.0 309
6 2 1359063187 0 -1.0 333
6 2 -1056078014 1 5.0 726
6 2 -740035356 0 -1.0 552
6 2 514491727 0 -1.0 192
6 2 -2057808753 0 -1.0 279
6 2 1250314673 0 -1.0 483
6 2 -461318320 0 -1.0 516
6 2 -1166946451 0 -1.0 144
6 3 160401091 0 -1.0 93
6 3 1394372289 0 -1.0 70
6 3 1315794894 0 -1.0 85
6 3 -1487983635 0 -1.0 13
6 3 192834870 0 -1.0 29
6 3 -1982039973 0 -1.0 84
6 3 -729554106 0 -1.0 40
6 3 -1516150862 0 -1.0 18
6 3 1513613126 0 -1.0 221
6 3 -546336845 0 -1.0 40
6 3 -1457005892 0 -1.0 168
6 3 -207782347 0 -1.0 30
6 3 1721905427 0 -1.0 117
6 3 -1812946178 0 -1.0 102
6 3 1485852595 0 -1.0 135
6 3 839767660 0 -1.0 96
6 3 -1562063975 0 -1.0 220
6 3 2142625569 0 -1.0 24
6 3 -1837403627 0 -1.0 45
6 3 1301172695 0 -1.0 55
6 4 121755393 1 5.0 1197
6 4 917152194 0 -1.0 222
6 4 -2127171170 0 -1.0 1026
6 4 -238492014 0 -1.0 951
6 4 551749761 0 -1.0 108
6 4 -1924059946 0 -1.0 492
6 4 657709110 0 -1.0 354
6 4 -1128372745 0 -1.0 708
6 4 -32236379 0 -1.0 27
6 4 275998932 0 -1.0 135
6 4 22731822 0 -1.0 102
6 4 -156440821 0 -1.0 237
6 4 -370338688 0 -1.0 384
6 4 -1164837925 0 -1.0 537
6 4 282377221 0 -1.0 93
6 4 1898313878 0 -1.0 1374
6 4 -1496670502 0 -1.0 1500
6 4 -2023381420 0 -1.0 267
6 4 1946612030 0 -1.0 351
6 4 553202825 0 -1.0 477
