0 0 516530063 1 78.0 583
0 0 1728926757 1 79.0 668
0 0 1617450301 1 77.0 674
0 0 1933662478 1 78.0 653
0 0 191779617 1 76.0 631
0 0 742997800 1 75.0 676
0 0 -1543854096 1 81.0 777
0 0 1657989127 1 81.0 654
0 0 -490034865 1 80.0 690
0 0 -1969619581 1 78.0 693
0 0 1214212677 1 79.0 652
0 0 728333389 1 79.0 736
0 0 -592331634 1 76.0 760
0 0 1423718809 1 79.0 763
0 0 1735095701 1 79.0 740
0 0 -232827737 1 71.0 705
0 0 1713923906 1 78.0 781
0 0 1189729136 1 82.0 775
0 0 -60824471 1 79.0 761
0 0 1314650452 1 74.0 729
0 1 -1844009851 1 85.0 503
0 1 1912268397 1 74.0 507
0 1 -1427195269 1 69.0 435
0 1 -1928226157 1 80.0 478
0 1 -615983290 1 81.0 454
0 1 -1820776756 1 84.0 527
0 1 -1236796421 1 82.0 501
0 1 -491021382 1 80.0 454
0 1 -1875986713 1 84.0 503
0 1 -1207217371 1 78.0 562
0 1 1771948452 1 72.0 487
0 1 1980817077 1 71.0 438
0 1 42453024 1 71.0 483
0 1 -1500966980 1 71.0 491
0 1 -1518104063 1 79.0 526
0 1 254156326 1 82.0 456
0 1 1343105351 1 66.0 552
0 1 672312302 1 81.0 522
0 1 130116934 1 70.0 411
0 1 -126367287 1 71.0 499
0 2 -385190137 1 63.0 956
0 2 -364272216 1 65.0 608
0 2 314525705 1 65.0 1006
0 2 1907279405 0 71.0 1063
0 2 1819922381 0 62.0 823
0 2 -1164934248 1 63.0 604
0 2 433296928 1 64.0 898
0 2 502856237 1 59.0 720
0 2 -893885190 0 65.0 807
0 2 1819429020 1 62.0 720
0 2 -1285778865 1 68.0 792
0 2 -1240935877 1 55.0 709
0 2 -1588231214 1 69.0 759
0 2 861351711 1 65.0 829
0 2 1340522955 1 62.0 696
0 2 -1537460799 0 55.0 791
0 2 -1690655855 0 56.0 951
0 2 509880796 1 70.0 886
0 2 -705384979 0 60.0 807
0 2 268740042 1 64.0 761
0 3 -151812650 1 65.0 820
0 3 -1285657552 0 58.0 822
0 3 -1372774952 0 0.0 61
0 3 736364316 0 45.0 450
0 3 -1468927019 1 62.0 826
0 3 1512118263 0 42.0 493
0 3 106036613 1 54.0 686
0 3 1945475418 0 62.0 766
0 3 -2069915586 1 55.0 618
0 3 1891512247 1 61.0 702
0 3 -1082960595 0 61.0 904
0 3 -2074562370 0 65.0 971
0 3 -961087291 0 4.0 59
0 3 1696490894 0 56.0 868
0 3 -1297030339 0 60.0 767
0 3 -1600661561 0 48.0 521
0 3 -1550370118 0 30.0 293
0 3 149638249 1 63.0 809
0 3 1627330052 1 50.0 704
0 3 -408910441 0 55.0 726
0 4 -1042649668 1 79.0 587
0 4 45256313 1 81.0 587
0 4 -502925547 1 70.0 482
0 4 -140309502 1 68.0 467
0 4 1224204925 1 74.0 474
0 4 -282098298 1 69.0 420
0 4 614760984 1 70.0 528
0 4 -47132041 1 78.0 510
0 4 58127474 1 71.0 528
0 4 76226755 1 82.0 587
0 4 401481657 1 71.0 575
0 4 742331411 1 79.0 522
0 4 2105937247 1 71.0 441
0 4 1859939901 1 87.0 364
0 4 -197945849 1 71.0 456
0 4 -652608995 1 85.0 480
0 4 -583346923 1 84.0 490
0 4 -2061050574 1 82.0 444
0 4 -398806372 1 81.0 564
0 4 -2135868823 1 71.0 512
