14 0 -114405288 1 1.0 9
14 0 -1017331341 1 1.0 8
14 0 1985426583 1 1.0 6
14 0 1351973431 1 1.0 8
14 0 1124112686 1 1.0 8
14 0 -481521565 1 1.0 6
14 0 -564918797 1 1.0 8
14 0 1918183454 1 1.0 6
14 0 1736967523 1 1.0 7
14 0 1573659876 1 1.0 10
14 0 -2026261274 1 1.0 6
14 0 -479174978 1 1.0 6
14 0 -15473819 1 1.0 8
14 0 297036618 1 1.0 8
14 0 1953987681 1 1.0 8
14 0 -1681987957 1 1.0 6
14 0 1896416303 1 1.0 6
14 0 575158713 1 1.0 6
14 0 115722792 1 1.0 6
14 0 -1809170605 1 1.0 8
14 1 -795468491 1 1.0 20
14 1 -1164928235 1 1.0 11
14 1 -1451472287 1 1.0 17
14 1 1934320765 1 1.0 13
14 1 2145577862 1 1.0 11
14 1 814485110 1 1.0 18
14 1 2078797663 1 1.0 8
14 1 1580706786 1 1.0 11
14 1 -892791595 1 1.0 8
14 1 -625937524 1 1.0 14
14 1 -952468745 1 1.0 6
14 1 -350577954 1 1.0 9
14 1 -452422648 1 1.0 12
14 1 -704033270 1 1.0 12
14 1 -1028317491 1 1.0 8
14 1 1329526947 1 1.0 8
14 1 -123885661 1 1.0 10
14 1 -2018369123 1 1.0 7
14 1 -562313675 1 1.0 7
14 1 -848172452 1 1.0 9
14 2 -1429312774 0 0.0 1500
14 2 -394688967 0 0.0 1500
14 2 196832550 0 0.0 1500
14 2 -1741532738 1 1.0 57
14 2 -1145977431 1 1.0 273
14 2 -1818646763 1 1.0 237
14 2 1021404471 1 1.0 45
14 2 -207791800 1 1.0 54
14 2 -2061528789 0 0.0 1500
14 2 -995016662 0 0.0 1500
14 2 -1607534234 1 1.0 197
14 2 1986266814 0 0.0 1500
14 2 -2113945678 1 1.0 263
14 2 -747405936 1 1.0 73
14 2 436630219 0 0.0 1500
14 2 -1619522541 0 0.0 1500
14 2 545887798 1 1.0 109
14 2 1242392113 1 1.0 90
14 2 1207410177 1 1.0 91
14 2 977871206 1 1.0 76
14 3 2094064291 1 1.0 196
14 3 419546679 0 0.0 1500
14 3 1890614916 1 1.0 46
14 3 -1411656518 0 0.0 1500
14 3 1996975807 1 1.0 47
14 3 1721396269 1 1.0 40
14 3 -1005534347 0 0.0 1500
14 3 -1269891271 0 0.0 1500
14 3 -2130475348 0 0.0 1500
14 3 -1357578074 0 0.0 1500
14 3 -1413795023 0 0.0 1500
14 3 -1093506994 0 0.0 1500
14 3 -1834412970 1 1.0 124
14 3 582352667 1 1.0 508
14 3 -1053700241 0 0.0 1500
14 3 866997830 1 1.0 331
14 3 556727364 1 1.0 31
14 3 1153041462 1 1.0 111
14 3 370335794 1 1.0 327
14 3 -1791962630 0 0.0 1500
14 4 -232816330 1 1.0 11
14 4 1134105133 1 1.0 14
14 4 1738800744 1 1.0 11
14 4 -1159153380 1 1.0 8
14 4 -1282407696 1 1.0 15
14 4 101864929 1 1.0 10
14 4 4439304 1 1.0 11
14 4 -1498877051 1 1.0 24
14 4 -314840775 1 1.0 16
14 4 243110162 1 1.0 25
14 4 899972680 1 1.0 17
14 4 -1188264233 1 1.0 9
14 4 -108135210 1 1.0 31
14 4 590274595 1 1.0 14
14 4 -607466123 1 1.0 17
14 4 767374791 1 1.0 17
14 4 -1336882919 1 1.0 9
14 4 2093187576 1 1.0 25
14 4 884632263 1 1.0 12
14 4 2030675429 1 1.0 12
