16 0 127948229 0 1.0 187
16 0 2003673170 0 0.0 175
16 0 945603936 0 3.0 113
16 0 1798891493 0 1.0 907
16 0 457918436 0 4.0 659
16 0 1690559178 0 0.0 71
16 0 -2100821629 0 15.0 1500
16 0 1481260715 0 0.0 119
16 0 309633973 0 2.0 179
16 0 1565462513 0 20.0 1500
16 0 -820443146 0 0.0 187
16 0 1945607203 0 0.0 87
16 0 -1337737729 0 16.0 1500
16 0 253088262 0 1.0 192
16 0 1074482209 0 0.0 195
16 0 1102951730 0 0.0 288
16 0 771999172 0 0.0 139
16 0 497609766 0 8.0 281
16 0 -1705145703 0 0.0 203
16 0 -948337694 0 16.0 1500
16 1 -1545868081 0 2.0 1500
16 1 -2146028336 0 0.0 579
16 1 -150522828 0 1.0 521
16 1 -1597275 0 0.0 701
16 1 1611567678 0 2.0 953
16 1 -1409626449 0 1.0 1342
16 1 1014461774 0 0.0 599
16 1 227527985 0 2.0 1295
16 1 2049705963 0 0.0 983
16 1 1871967190 0 2.0 1500
16 1 -113159224 0 0.0 407
16 1 -1810078076 0 0.0 407
16 1 -570019105 0 0.0 771
16 1 -1193770551 0 2.0 1500
16 1 1837543083 0 1.0 1199
16 1 177919655 0 0.0 401
16 1 1793618674 0 1.0 497
16 1 -701973700 0 0.0 494
16 1 1136624071 0 0.0 1500
16 1 2014120889 0 0.0 461
16 2 -8064303 0 0.0 281
16 2 1099552500 0 0.0 555
16 2 2032152568 0 0.0 395
16 2 1233116511 0 0.0 317
16 2 1542527654 0 0.0 281
16 2 32923711 0 2.0 1135
16 2 1685804018 0 1.0 479
16 2 1208618440 0 0.0 587
16 2 -729047471 0 0.0 363
16 2 1186581216 0 0.0 497
16 2 1556739903 0 0.0 419
16 2 1813441712 0 0.0 305
16 2 -219971410 0 1.0 959
16 2 -1987634900 0 0.0 419
16 2 2095750901 0 1.0 419
16 2 651437371 0 0.0 347
16 2 1001929108 0 0.0 599
16 2 699788707 0 0.0 413
16 2 927571115 0 2.0 1037
16 2 1274524951 0 0.0 221
16 3 -911814282 0 1.0 191
16 3 349132917 0 0.0 311
16 3 -1104768202 0 0.0 936
16 3 551291791 0 0.0 559
16 3 -472863677 0 0.0 1199
16 3 1940190018 0 0.0 329
16 3 1731702524 0 0.0 233
16 3 -1516180632 0 0.0 1500
16 3 1396523033 0 0.0 359
16 3 -15707567 0 0.0 119
16 3 -57031144 0 0.0 305
16 3 1020467798 0 1.0 527
16 3 -1103747476 0 0.0 209
16 3 1773794478 0 0.0 259
16 3 1324210487 0 0.0 1500
16 3 -1583856323 0 0.0 251
16 3 -717846507 0 2.0 1248
16 3 -471849765 0 0.0 179
16 3 -350141205 0 0.0 365
16 3 1189535803 0 0.0 185
16 4 964459658 0 0.0 353
16 4 1558805648 0 0.0 491
16 4 1110807823 0 0.0 455
16 4 1198794981 0 2.0 1085
16 4 -1592360052 0 2.0 1421
16 4 1836281408 0 0.0 761
16 4 755884775 0 2.0 1500
16 4 483689580 0 0.0 281
16 4 758490043 0 0.0 341
16 4 1671862392 0 1.0 263
16 4 2019105977 0 0.0 497
16 4 -272050284 0 0.0 203
16 4 1284335161 0 3.0 1500
16 4 -1433202547 0 2.0 479
16 4 970279813 0 0.0 401
16 4 95620301 0 0.0 407
16 4 1481661376 0 2.0 1436
16 4 -991059105 0 0.0 543
16 4 662573867 0 0.0 395
16 4 -1695361651 0 1.0 1469
