12 0 -2067196285 0 0.0 1500
12 0 1995721879 0 -1.0 1500
12 0 -564876507 0 0.0 1500
12 0 206778995 0 0.0 1500
12 0 440831099 0 0.0 1500
12 0 -1698695259 0 0.0 1500
12 0 -1604597980 0 0.0 1500
12 0 -1433338351 0 0.0 1500
12 0 1060892594 0 0.0 1500
12 0 -360091405 0 0.0 1500
12 0 -1148055648 0 -2.0 1500
12 0 1800854427 0 0.0 1500
12 0 193008047 0 0.0 1500
12 0 677222164 0 0.0 1500
12 0 -192510540 0 -2.0 1500
12 0 1382648163 0 -2.0 1500
12 0 -1197121433 0 0.0 1500
12 0 -1962577902 0 0.0 1500
12 0 -967036394 0 -1.0 1500
12 0 -717145155 0 -1.0 1500
12 1 599471796 0 -2.0 1500
12 1 -1771176905 0 0.0 1500
12 1 -1890361525 0 -2.0 1500
12 1 -1705067972 0 -2.0 1500
12 1 -165277388 0 0.0 1500
12 1 -2129055866 0 -1.0 1500
12 1 198153439 0 0.0 1500
12 1 -2034232853 0 -1.0 1500
12 1 860174048 0 0.0 1500
12 1 479992047 0 0.0 1500
12 1 58845610 0 0.0 1500
12 1 -1212300737 0 -1.0 1500
12 1 -1950389672 0 0.0 1500
12 1 1592016497 0 0.0 1500
12 1 557943302 0 -1.0 1500
12 1 1348085945 0 0.0 1500
12 1 -15112357 0 -2.0 1500
12 1 -4602414 0 -2.0 1500
12 1 -100645237 0 -1.0 1500
12 1 -1193852747 0 0.0 1500
12 2 308833200 0 0.0 1500
12 2 -1056288561 0 0.0 1500
12 2 -468028806 0 0.0 1500
12 2 879933362 0 0.0 1500
12 2 1168685731 0 0.0 1500
12 2 424232534 0 0.0 1500
12 2 -2144686796 0 0.0 1500
12 2 460411260 0 0.0 1500
12 2 257866848 0 0.0 1500
12 2 1994749629 0 0.0 1500
12 2 -1540352553 0 0.0 1500
12 2 -1673445804 0 0.0 1500
12 2 954240846 0 0.0 1500
12 2 2018478132 0 0.0 1500
12 2 -888770458 0 0.0 1500
12 2 -1540489087 0 0.0 1500
12 2 -840368438 0 0.0 1500
12 2 -2104046089 0 0.0 1500
12 2 1634605821 0 0.0 1500
12 2 949979941 0 0.0 1500
12 3 457040510 0 -18.0 324
12 3 -1519105181 0 -17.0 233
12 3 -1797827836 0 -10.0 143
12 3 594770973 0 -10.0 103
12 3 -2011386517 0 -5.0 20
12 3 406983234 0 -9.0 182
12 3 -243668835 0 -13.0 227
12 3 852043951 0 -7.0 38
12 3 -802582222 0 -12.0 276
12 3 -576761358 0 -15.0 438
12 3 1377879312 0 -32.0 785
12 3 -1737734030 0 -7.0 56
12 3 511502065 0 -8.0 234
12 3 -1922022919 0 -17.0 1229
12 3 -733455163 0 -30.0 854
12 3 -1647481762 0 -9.0 146
12 3 1017083286 0 -8.0 46
12 3 -854046156 0 -21.0 751
12 3 -211081783 0 -9.0 94
12 3 1280940790 0 -7.0 127
12 4 -348753500 0 0.0 1500
12 4 326101941 0 0.0 1500
12 4 581826513 0 0.0 1500
12 4 -295418217 0 -5.0 1495
12 4 153672178 0 -5.0 1498
12 4 1924231698 0 -2.0 1500
12 4 1285197017 0 -2.0 1500
12 4 194901553 0 0.0 1500
12 4 215387123 0 0.0 1500
12 4 1101000566 0 0.0 1500
12 4 -1446609194 0 0.0 1500
12 4 985412549 0 0.0 1500
12 4 1610704344 0 0.0 1500
12 4 -1888651806 0 0.0 1500
12 4 1219960617 0 0.0 1500
12 4 258864937 0 0.0 1500
12 4 1584858633 0 -1.0 1500
12 4 1305484308 0 0.0 1500
12 4 -1077713921 0 0.0 1500
12 4 2035785252 0 0.0 1500
