11 0 114326101 1 20.0 1000
11 0 -1253384099 1 50.0 1000
11 0 -561983934 1 40.0 1000
11 0 -1856358388 1 60.0 1000
11 0 2035320017 1 20.0 1000
11 0 -207504014 1 40.0 1000
11 0 601184021 1 30.0 1000
11 0 2060830403 1 60.0 1000
11 0 1068707449 1 30.0 1000
11 0 -2072852413 1 20.0 1000
11 0 1618722372 1 20.0 1000
11 0 1984467137 1 20.0 1000
11 0 1744050861 1 40.0 1000
11 0 836695626 1 50.0 1000
11 0 -948553485 1 10.0 1000
11 0 -210518873 1 20.0 1000
11 0 765601826 1 30.0 1000
11 0 570557414 1 40.0 1000
11 0 1963398453 1 50.0 1000
11 0 -282412279 1 40.0 1000
11 1 -763011436 1 1.0 1000
11 1 -708436602 1 1.0 1000
11 1 1278330554 1 1.0 1000
11 1 -1223945899 1 1.0 1000
11 1 1093705852 1 1.0 1000
11 1 -254695540 1 1.0 1000
11 1 -214431822 1 1.0 1000
11 1 -139820731 1 1.0 1000
11 1 1380875613 1 1.0 1000
11 1 726870804 1 1.0 1000
11 1 311792014 1 1.0 1000
11 1 1268751474 1 1.0 1000
11 1 -96929866 1 1.0 1000
11 1 394595569 1 1.0 1000
11 1 1534233266 1 1.0 1000
11 1 -528705152 1 1.0 1000
11 1 191760871 1 1.0 1000
11 1 -836787079 1 1.0 1000
11 1 15382482 1 1.0 1000
11 1 1729095066 1 1.0 1000
11 2 773146367 1 10.0 1000
11 2 -749592954 1 1.0 1000
11 2 136589690 1 1.0 1000
11 2 -1892719680 1 1.0 1000
11 2 922175588 1 1.0 1000
11 2 1536197475 1 1.0 1000
11 2 83518213 1 20.0 1000
11 2 -347491243 1 1.0 1000
11 2 -168295976 1 1.0 1000
11 2 -1047979541 1 1.0 1000
11 2 824328958 1 10.0 1000
11 2 995097836 1 20.0 1000
11 2 294054098 1 1.0 1000
11 2 1576670624 1 1.0 1000
11 2 -583194338 1 1.0 1000
11 2 -311684505 1 1.0 1000
11 2 -326210291 1 10.0 1000
11 2 1301617172 1 1.0 1000
11 2 1275545104 1 10.0 1000
11 2 1339963538 1 1.0 1000
11 3 1639050303 0 -25.0 322
11 3 553597723 0 -25.0 141
11 3 1230367506 0 -25.0 192
11 3 487852721 0 -25.0 423
11 3 -166130525 0 -25.0 382
11 3 534783190 0 -25.0 210
11 3 -735037341 0 -25.0 324
11 3 -804583776 0 -25.0 311
11 3 428443480 0 -25.0 290
11 3 503398916 0 -25.0 609
11 3 377457957 0 -25.0 377
11 3 -629499615 0 -25.0 388
11 3 1715487079 0 -25.0 746
11 3 1530741617 0 -25.0 417
11 3 2105416971 0 -25.0 115
11 3 -1943619867 0 -25.0 515
11 3 981587410 0 -25.0 319
11 3 281090281 0 -25.0 232
11 3 2037809497 0 -25.0 289
11 3 -207463592 0 -25.0 347
11 4 1486525751 1 10.0 1000
11 4 -1447210773 1 10.0 1000
11 4 208826419 1 1.0 1000
11 4 -1670601520 1 1.0 1000
11 4 597569548 1 10.0 1000
11 4 1001723380 1 1.0 1000
11 4 -1917055509 1 1.0 1000
11 4 954473177 1 10.0 1000
11 4 -643065458 1 1.0 1000
11 4 -942291471 1 1.0 1000
11 4 -1404790479 1 1.0 1000
11 4 1357636881 1 1.0 1000
11 4 1299013100 1 10.0 1000
11 4 1015964415 1 1.0 1000
11 4 1568329937 1 1.0 1000
11 4 -1907590580 1 10.0 1000
11 4 751494073 1 10.0 1000
11 4 77077154 1 1.0 1000
11 4 -2051963472 1 1.0 1000
11 4 -120226720 1 1.0 1000
