5 0 -1563892100 0 0.0 1500
5 0 -948482024 0 2.0 1500
5 0 -1061153163 0 14.0 1500
5 0 -685049003 0 3.0 1500
5 0 -252334711 0 7.0 1500
5 0 1320863413 0 -1.0 1223
5 0 2051844554 0 11.0 1500
5 0 -833831772 0 3.0 1500
5 0 2096847446 0 10.0 1500
5 0 -881864061 0 11.0 1500
5 0 -875665248 1 12.0 1141
5 0 -164483548 1 12.0 1334
5 0 767462671 1 15.0 1255
5 0 -1330078925 0 3.0 1500
5 0 -1251995114 0 5.0 1500
5 0 1030852311 1 9.0 1127
5 0 -301273108 1 5.0 1434
5 0 215964326 0 8.0 1500
5 0 660966674 0 3.0 1500
5 0 2057368211 1 6.0 1439
5 1 -542142904 0 -6.0 1410
5 1 -2056007961 0 -2.0 1500
5 1 766058483 0 -4.0 1329
5 1 -1118804538 0 7.0 1500
5 1 -4198640 0 10.0 1500
5 1 -1708576349 1 10.0 1167
5 1 1988715110 0 -2.0 1500
5 1 -18380105 0 2.0 1500
5 1 1966968014 0 4.0 1500
5 1 329519463 0 -2.0 1459
5 1 833452401 0 5.0 1500
5 1 1118077430 0 -5.0 1319
5 1 -1076292438 0 5.0 1500
5 1 1508128423 0 -8.0 1249
5 1 -1894868516 1 6.0 1463
5 1 -1349666306 0 -9.0 1161
5 1 1196069216 0 5.0 1500
5 1 -1844301057 0 12.0 1500
5 1 -1436340280 0 4.0 1500
5 1 695021603 0 9.0 1500
5 2 606928683 0 -16.0 1018
5 2 -1674408385 0 -11.0 1030
5 2 -1273301721 0 -13.0 1021
5 2 228311033 0 -7.0 1500
5 2 -438705001 0 -9.0 1189
5 2 -1012874089 0 -11.0 1098
5 2 -653845962 0 -11.0 1122
5 2 -1368372301 0 -10.0 1228
5 2 1244121285 0 -9.0 1170
5 2 1907532807 0 -2.0 1329
5 2 -1996558002 0 -1.0 1500
5 2 744179126 0 -14.0 861
5 2 1355970720 0 -9.0 800
5 2 -1892201538 0 1.0 1500
5 2 -1713688669 0 -11.0 921
5 2 -33588472 0 -13.0 1030
5 2 1165178700 0 -12.0 1080
5 2 -118321866 0 -8.0 1059
5 2 1687538515 0 -10.0 1000
5 2 1483907958 0 -12.0 938
5 3 1466084593 0 0.0 622
5 3 410818430 0 0.0 340
5 3 -1029080542 0 0.0 259
5 3 908930847 0 -10.0 679
5 3 -173796982 0 -5.0 621
5 3 718346176 0 0.0 160
5 3 1418933623 0 0.0 163
5 3 113944532 0 -1.0 277
5 3 1344022448 0 0.0 68
5 3 -1318758291 0 -3.0 388
5 3 1048508174 0 -6.0 499
5 3 1950701726 0 0.0 552
5 3 437719125 0 -1.0 497
5 3 -1026400528 0 0.0 112
5 3 115911463 0 -1.0 348
5 3 297453765 0 -14.0 1048
5 3 -9172198 0 2.0 566
5 3 -273815014 0 -4.0 688
5 3 957148784 0 0.0 386
5 3 544603405 0 0.0 237
5 4 1360970276 0 3.0 1500
5 4 -381793570 0 14.0 1500
5 4 910945534 0 5.0 1500
5 4 1599175985 0 4.0 1500
5 4 216063524 0 -8.0 1022
5 4 -625742899 0 4.0 1500
5 4 -1611059876 0 2.0 1493
5 4 1190809946 0 -8.0 843
5 4 2039682835 0 0.0 1500
5 4 1466359101 0 -3.0 1258
5 4 1393896068 0 4.0 1500
5 4 599563575 0 12.0 1500
5 4 -550812765 0 -7.0 1019
5 4 -585990017 1 4.0 1298
5 4 -1390390977 0 2.0 1500
5 4 815182954 0 -8.0 1003
5 4 -1793925912 0 -4.0 1161
5 4 -1935058289 1 3.0 1384
5 4 1782274021 0 1.0 1500
5 4 458497324 0 -3.0 1391
