2 0 1164668237 1 24.0 142
2 0 628486256 1 30.0 177
2 0 716797876 1 58.0 1041
2 0 -996197554 1 62.0 645
2 0 529462425 1 46.0 127
2 0 -1024946752 1 20.0 123
2 0 1482662224 1 58.0 423
2 0 1913004900 1 36.0 255
2 0 2011755181 1 60.0 224
2 0 -1948238211 0 22.0 258
2 0 -61250432 1 30.0 257
2 0 1902555574 1 22.0 141
2 0 -1938336655 1 32.0 249
2 0 1282567852 1 32.0 246
2 0 1236668818 1 16.0 80
2 0 477560302 1 28.0 179
2 0 84175927 1 74.0 324
2 0 539646558 1 14.0 413
2 0 2093086966 1 48.0 225
2 0 68521517 0 30.0 163
2 1 -473256551 1 62.0 381
2 1 -1387439160 1 54.0 184
2 1 518346972 1 42.0 181
2 1 -2000370218 1 44.0 289
2 1 -1846516298 1 32.0 155
2 1 970355739 1 64.0 376
2 1 -52904513 1 40.0 366
2 1 902840641 1 14.0 63
2 1 -955240165 1 16.0 150
2 1 -668152677 1 60.0 526
2 1 -1704933533 1 26.0 231
2 1 -1939791359 1 20.0 111
2 1 1167743595 1 32.0 179
2 1 -1495040935 1 64.0 536
2 1 -843993011 1 22.0 333
2 1 1009524317 1 20.0 169
2 1 1591167733 1 48.0 165
2 1 -1853164981 1 30.0 195
2 1 -558796766 1 28.0 288
2 1 -590251862 1 14.0 230
2 2 1406871639 0 54.0 1500
2 2 1913663443 1 62.0 1263
2 2 1181189934 1 64.0 878
2 2 -1436688893 0 10.0 240
2 2 995054449 1 46.0 869
2 2 -787366905 0 10.0 266
2 2 -241124882 1 48.0 575
2 2 2038199166 0 14.0 247
2 2 56346074 0 56.0 1500
2 2 -1881855560 1 70.0 1389
2 2 1326130412 0 34.0 1368
2 2 602098602 0 20.0 856
2 2 1628245240 0 42.0 676
2 2 1326912649 0 54.0 548
2 2 -1090254131 1 28.0 772
2 2 -133494517 0 36.0 1500
2 2 1004891603 0 28.0 780
2 2 -1572268517 0 48.0 238
2 2 -1877897254 1 68.0 1167
2 2 -1651774560 0 16.0 619
2 3 129482739 0 50.0 1099
2 3 -609629608 0 28.0 392
2 3 -1049854058 0 52.0 1017
2 3 -1314606495 0 32.0 1002
2 3 533579393 0 26.0 1500
2 3 1989509697 0 14.0 243
2 3 1160876563 0 20.0 383
2 3 -214392617 0 18.0 485
2 3 -1163412227 1 36.0 849
2 3 1194557812 0 42.0 1152
2 3 242984579 0 30.0 1500
2 3 -44778860 0 44.0 1500
2 3 -1432613342 0 14.0 326
2 3 286395136 0 34.0 415
2 3 1510750465 0 14.0 325
2 3 -412131791 0 40.0 1500
2 3 -1450341894 0 32.0 983
2 3 -1195298503 0 10.0 423
2 3 -1037577200 0 10.0 213
2 3 -1043444629 0 38.0 1097
2 4 779211755 1 30.0 186
2 4 1564986681 1 28.0 167
2 4 1580872817 1 56.0 841
2 4 2122747378 1 16.0 74
2 4 -1493227068 1 22.0 180
2 4 286575858 1 22.0 194
2 4 372028046 1 24.0 93
2 4 1430171189 1 28.0 513
2 4 -1712155387 1 76.0 509
2 4 1932648040 1 20.0 249
2 4 -622623431 1 58.0 428
2 4 -204802888 1 60.0 271
2 4 -1663191010 1 30.0 394
2 4 247475311 1 24.0 121
2 4 167783186 1 30.0 317
2 4 -710369396 1 22.0 125
2 4 -727756345 1 36.0 499
2 4 -348786341 1 30.0 255
2 4 -743309210 1 60.0 310
2 4 1890360741 1 66.0 266
