9 0 -2026198270 1 100.0 246
9 0 -601651749 1 100.0 392
9 0 -950827182 1 100.0 107
9 0 1080962825 1 100.0 216
9 0 -289630734 0 0.0 60
9 0 1731803768 0 0.0 60
9 0 1184181232 1 100.0 187
9 0 -438440666 1 100.0 126
9 0 -1100461176 0 0.0 60
9 0 951350034 0 0.0 60
9 0 252263500 1 100.0 200
9 0 -1292905971 0 0.0 60
9 0 1030318303 1 100.0 220
9 0 -1395190715 0 0.0 60
9 0 -2094677665 0 0.0 60
9 0 492977786 1 100.0 96
9 0 757402936 1 100.0 89
9 0 2117742194 1 100.0 114
9 0 -990354730 1 100.0 202
9 0 1850421195 1 100.0 98
9 1 -1385472098 0 0.0 285
9 1 874048787 0 0.0 285
9 1 725524533 0 0.0 285
9 1 1263517878 0 40.0 1185
9 1 -422753695 0 0.0 510
9 1 -1026105733 0 0.0 285
9 1 850246418 0 0.0 285
9 1 1162000453 0 0.0 285
9 1 -2145150019 0 0.0 735
9 1 -1821810906 0 0.0 285
9 1 -1318248380 0 0.0 735
9 1 986951906 0 40.0 1185
9 1 -1408008498 0 0.0 285
9 1 337097285 0 0.0 735
9 1 1006236271 0 0.0 285
9 1 -456425373 0 0.0 510
9 1 -1567269053 0 0.0 285
9 1 -297377386 0 0.0 285
9 1 -1983718957 0 0.0 285
9 1 2029730160 0 0.0 285
9 2 -1407654202 0 0.0 60
9 2 -817483479 0 0.0 60
9 2 731449421 0 0.0 60
9 2 -365815548 0 0.0 285
9 2 -276492532 0 0.0 510
9 2 1729806184 0 0.0 285
9 2 1836300636 0 0.0 510
9 2 -1210908435 0 0.0 510
9 2 1771760473 0 0.0 60
9 2 868515447 0 0.0 285
9 2 -1773507651 0 0.0 285
9 2 1972397741 0 0.0 285
9 2 481511106 0 0.0 285
9 2 -1058416161 0 0.0 285
9 2 791638533 0 0.0 60
9 2 -797236638 0 0.0 960
9 2 -1997354042 0 0.0 285
9 2 698548735 0 0.0 510
9 2 -256043557 0 0.0 285
9 2 -1634867852 0 0.0 285
9 3 1036322890 0 0.0 285
9 3 1114245210 0 0.0 960
9 3 427354050 0 0.0 285
9 3 1239657943 0 0.0 285
9 3 922441375 0 0.0 285
9 3 -1872081305 0 0.0 285
9 3 163604450 0 0.0 285
9 3 -499276593 0 0.0 285
9 3 -1667756169 0 0.0 285
9 3 -2061032087 0 0.0 285
9 3 -670622304 0 0.0 285
9 3 868569324 0 0.0 285
9 3 -91910693 0 0.0 285
9 3 1042404485 0 0.0 960
9 3 -103760850 0 0.0 510
9 3 -306799966 0 0.0 285
9 3 930322044 0 0.0 285
9 3 672653326 0 0.0 60
9 3 524780655 0 0.0 60
9 3 -1504131314 0 0.0 285
9 4 -1823961319 0 0.0 285
9 4 -56792286 0 0.0 285
9 4 -260751800 0 0.0 285
9 4 -1644026387 0 0.0 285
9 4 1450947874 0 0.0 285
9 4 -1546027576 0 0.0 735
9 4 2059114186 0 0.0 285
9 4 -1634308373 0 0.0 285
9 4 -1765335896 0 0.0 285
9 4 40351182 0 0.0 285
9 4 -219938014 0 0.0 285
9 4 53484141 0 0.0 285
9 4 293460992 0 0.0 285
9 4 593756968 0 0.0 285
9 4 1217078150 0 0.0 285
9 4 135679235 0 0.0 285
9 4 -1159141063 0 0.0 285
9 4 1446412742 0 0.0 285
9 4 151543480 0 0.0 285
9 4 -1849999461 0 0.0 510
